# unix_time, cycles_done, cur_path, paths_total, pending_total, pending_favs, map_size, unique_crashes, unique_hangs, max_depth, execs_per_sec
1621216261, 0, 0, 8, 8, 1, 1.08%, 0, 0, 1, 12.67
1621216266, 0, 1, 8, 8, 1, 1.08%, 0, 0, 1, 12.77
1621216348, 0, 2, 8, 7, 0, 1.08%, 0, 0, 1, 23.22
1621216414, 0, 3, 8, 6, 0, 1.08%, 0, 0, 1, 23.27
1621216476, 0, 4, 8, 5, 0, 1.08%, 0, 0, 1, 22.84
1621216543, 0, 5, 8, 4, 0, 1.08%, 0, 0, 1, 22.96
1621216604, 0, 6, 8, 3, 0, 1.08%, 0, 0, 1, 23.42
1621216666, 0, 7, 8, 2, 0, 1.08%, 0, 0, 1, 23.21
1621216733, 1, 0, 8, 1, 0, 1.08%, 0, 0, 1, 23.51
1621217097, 1, 4, 8, 0, 0, 1.08%, 0, 0, 1, 23.05
1621217102, 2, 1, 8, 0, 0, 1.08%, 0, 0, 1, 23.41
1621217107, 2, 6, 8, 0, 0, 1.08%, 0, 0, 1, 22.94
1621217112, 3, 3, 8, 0, 0, 1.08%, 0, 0, 1, 23.09
1621217117, 3, 7, 8, 0, 0, 1.08%, 0, 0, 1, 23.39
1621217123, 4, 0, 8, 0, 0, 1.08%, 0, 1, 1, 0.59
1621217129, 4, 5, 8, 0, 0, 1.08%, 0, 1, 1, 23.29
1621217134, 5, 2, 8, 0, 0, 1.08%, 0, 1, 1, 23.24
1621217139, 5, 7, 8, 0, 0, 1.08%, 0, 1, 1, 23.03
1621217144, 6, 4, 8, 0, 0, 1.08%, 0, 1, 1, 23.04
1621217149, 7, 0, 8, 0, 0, 1.08%, 0, 1, 1, 23.21
1621217154, 7, 5, 8, 0, 0, 1.08%, 0, 1, 1, 23.12
1621217159, 8, 2, 8, 0, 0, 1.08%, 0, 1, 1, 22.96
1621217165, 8, 6, 8, 0, 0, 1.08%, 0, 1, 1, 23.08
1621217170, 9, 3, 8, 0, 0, 1.08%, 0, 1, 1, 23.52
1621217178, 9, 6, 8, 0, 0, 1.08%, 0, 1, 1, 0.78
1621217183, 10, 2, 8, 0, 0, 1.08%, 0, 1, 1, 21.14
1621217188, 10, 7, 8, 0, 0, 1.08%, 0, 1, 1, 22.75
1621217193, 11, 4, 8, 0, 0, 1.08%, 0, 1, 1, 22.90
1621217198, 12, 1, 8, 0, 0, 1.08%, 0, 1, 1, 23.17
1621217203, 12, 5, 8, 0, 0, 1.08%, 0, 1, 1, 23.20
1621217208, 13, 2, 8, 0, 0, 1.08%, 0, 1, 1, 23.49
1621217214, 13, 7, 8, 0, 0, 1.08%, 0, 1, 1, 23.15
1621217219, 14, 4, 8, 0, 0, 1.08%, 0, 1, 1, 23.14
1621217224, 15, 1, 8, 0, 0, 1.08%, 0, 1, 1, 23.19
1621217229, 15, 5, 8, 0, 0, 1.08%, 0, 1, 1, 23.30
1621217234, 16, 2, 8, 0, 0, 1.08%, 0, 1, 1, 23.59
1621217239, 16, 7, 8, 0, 0, 1.08%, 0, 1, 1, 23.82
1621217247, 17, 2, 8, 0, 0, 1.08%, 0, 1, 1, 0.59
1621217252, 17, 6, 8, 0, 0, 1.08%, 0, 1, 1, 23.48
1621217257, 18, 3, 8, 0, 0, 1.08%, 0, 1, 1, 23.26
1621217263, 19, 0, 8, 0, 0, 1.08%, 0, 1, 1, 23.45
1621217268, 19, 5, 8, 0, 0, 1.08%, 0, 1, 1, 23.19
1621217273, 20, 2, 8, 0, 0, 1.08%, 0, 1, 1, 23.13
1621217278, 20, 6, 8, 0, 0, 1.08%, 0, 1, 1, 23.23
1621217283, 21, 3, 8, 0, 0, 1.08%, 0, 1, 1, 23.30
1621217288, 22, 0, 8, 0, 0, 1.08%, 0, 1, 1, 23.34
1621217298, 22, 5, 8, 0, 0, 1.08%, 0, 1, 1, 0.97
1621217303, 23, 1, 8, 0, 0, 1.08%, 0, 1, 1, 23.05
1621217309, 23, 2, 8, 0, 0, 1.08%, 0, 2, 1, 0.78
1621217314, 23, 7, 8, 0, 0, 1.08%, 0, 2, 1, 23.31
1621217319, 24, 3, 8, 0, 0, 1.08%, 0, 2, 1, 23.57
1621217324, 25, 0, 8, 0, 0, 1.08%, 0, 2, 1, 23.31
1621217329, 25, 5, 8, 0, 0, 1.08%, 0, 2, 1, 23.39
1621217335, 26, 2, 8, 0, 0, 1.08%, 0, 2, 1, 23.16
1621217340, 26, 6, 8, 0, 0, 1.08%, 0, 2, 1, 23.13
1621217345, 27, 3, 8, 0, 0, 1.08%, 0, 2, 1, 23.10
1621217354, 27, 7, 8, 0, 0, 1.08%, 0, 2, 1, 0.59
1621217359, 28, 4, 8, 0, 0, 1.08%, 0, 2, 1, 23.07
1621217364, 29, 0, 8, 0, 0, 1.08%, 0, 2, 1, 23.04
1621217369, 29, 5, 8, 0, 0, 1.08%, 0, 2, 1, 23.24
1621217374, 30, 2, 8, 0, 0, 1.08%, 0, 2, 1, 23.69
1621217379, 30, 7, 8, 0, 0, 1.08%, 0, 2, 1, 23.36
1621217384, 31, 3, 8, 0, 0, 1.08%, 0, 2, 1, 22.93
1621217389, 32, 0, 8, 0, 0, 1.08%, 0, 2, 1, 23.77
1621217394, 32, 5, 8, 0, 0, 1.08%, 0, 2, 1, 23.53
1621217400, 33, 1, 8, 0, 0, 1.08%, 0, 2, 1, 20.89
1621217405, 33, 5, 8, 0, 0, 1.08%, 0, 2, 1, 21.86
1621217410, 34, 2, 8, 0, 0, 1.08%, 0, 2, 1, 22.75
1621217415, 34, 7, 8, 0, 0, 1.08%, 0, 2, 1, 23.33
1621217420, 35, 4, 8, 0, 0, 1.08%, 0, 2, 1, 23.19
1621217425, 36, 1, 8, 0, 0, 1.08%, 0, 2, 1, 22.78
1621217431, 36, 5, 8, 0, 0, 1.08%, 0, 2, 1, 23.12
1621217436, 37, 2, 8, 0, 0, 1.08%, 0, 2, 1, 22.81
1621217441, 37, 7, 8, 0, 0, 1.08%, 0, 2, 1, 23.03
1621217446, 38, 3, 8, 0, 0, 1.08%, 0, 2, 1, 22.88
1621217451, 39, 0, 8, 0, 0, 1.08%, 0, 2, 1, 23.82
1621217456, 39, 5, 8, 0, 0, 1.08%, 0, 2, 1, 23.14
