# unix_time, cycles_done, cur_path, paths_total, pending_total, pending_favs, map_size, unique_crashes, unique_hangs, max_depth, execs_per_sec
1621228429, 0, 0, 2, 2, 1, 1.08%, 0, 0, 1, 13.59
1621228704, 0, 1, 2, 1, 0, 1.08%, 0, 0, 1, 24.04
1621228766, 1, 1, 2, 0, 0, 1.08%, 0, 0, 1, 24.10
1621228771, 4, 0, 2, 0, 0, 1.08%, 0, 0, 1, 24.00
1621228776, 6, 1, 2, 0, 0, 1.08%, 0, 0, 1, 24.09
1621228781, 9, 0, 2, 0, 0, 1.08%, 0, 0, 1, 23.85
1621228786, 11, 1, 2, 0, 0, 1.08%, 0, 0, 1, 24.46
1621228791, 14, 0, 2, 0, 0, 1.08%, 0, 0, 1, 24.38
1621228796, 16, 1, 2, 0, 0, 1.08%, 0, 0, 1, 24.46
1621228801, 18, 1, 2, 0, 0, 1.08%, 0, 0, 1, 22.64
1621228807, 21, 0, 2, 0, 0, 1.08%, 0, 0, 1, 23.75
1621228812, 23, 1, 2, 0, 0, 1.08%, 0, 0, 1, 24.05
1621228817, 26, 0, 2, 0, 0, 1.08%, 0, 0, 1, 24.43
1621228822, 28, 1, 2, 0, 0, 1.08%, 0, 0, 1, 24.37
1621228827, 31, 0, 2, 0, 0, 1.08%, 0, 0, 1, 24.03
1621228832, 33, 1, 2, 0, 0, 1.08%, 0, 0, 1, 24.22
1621228837, 36, 0, 2, 0, 0, 1.08%, 0, 0, 1, 24.28
1621228842, 38, 1, 2, 0, 0, 1.08%, 0, 0, 1, 24.40
1621228847, 40, 1, 2, 0, 0, 1.08%, 0, 0, 1, 24.17
1621228852, 43, 0, 2, 0, 0, 1.08%, 0, 0, 1, 24.02
1621228858, 45, 1, 2, 0, 0, 1.08%, 0, 0, 1, 24.21
1621228863, 48, 0, 2, 0, 0, 1.08%, 0, 0, 1, 23.95
1621228868, 50, 1, 2, 0, 0, 1.08%, 0, 0, 1, 24.37
1621228873, 53, 0, 2, 0, 0, 1.08%, 0, 0, 1, 24.24
1621228878, 55, 1, 2, 0, 0, 1.08%, 0, 0, 1, 24.25
1621228883, 58, 0, 2, 0, 0, 1.08%, 0, 0, 1, 24.36
1621228888, 60, 1, 2, 0, 0, 1.08%, 0, 0, 1, 24.47
1621228893, 63, 0, 2, 0, 0, 1.08%, 0, 0, 1, 24.14
1621228898, 65, 1, 2, 0, 0, 1.08%, 0, 0, 1, 24.06
1621228904, 68, 0, 2, 0, 0, 1.08%, 0, 0, 1, 24.22
1621228909, 70, 1, 2, 0, 0, 1.08%, 0, 0, 1, 24.19
1621228914, 73, 0, 2, 0, 0, 1.08%, 0, 0, 1, 24.08
1621228919, 75, 1, 2, 0, 0, 1.08%, 0, 0, 1, 24.15
1621228924, 78, 0, 2, 0, 0, 1.08%, 0, 0, 1, 24.28
1621228929, 80, 1, 2, 0, 0, 1.08%, 0, 0, 1, 24.26
1621228934, 82, 1, 2, 0, 0, 1.08%, 0, 0, 1, 24.26
1621228939, 85, 0, 2, 0, 0, 1.08%, 0, 0, 1, 24.23
1621228944, 87, 1, 2, 0, 0, 1.08%, 0, 0, 1, 24.16
1621228949, 90, 0, 2, 0, 0, 1.08%, 0, 0, 1, 24.16
1621228954, 92, 1, 2, 0, 0, 1.08%, 0, 0, 1, 24.24
1621228960, 95, 0, 2, 0, 0, 1.08%, 0, 0, 1, 24.26
1621228965, 97, 1, 2, 0, 0, 1.08%, 0, 0, 1, 23.81
1621228970, 100, 0, 2, 0, 0, 1.08%, 0, 0, 1, 24.01
1621228975, 102, 1, 2, 0, 0, 1.08%, 0, 0, 1, 24.14
1621228980, 105, 0, 2, 0, 0, 1.08%, 0, 0, 1, 24.21
1621228985, 107, 0, 2, 0, 0, 1.08%, 0, 0, 1, 24.31
1621228990, 109, 1, 2, 0, 0, 1.08%, 0, 0, 1, 24.31
1621228995, 112, 0, 2, 0, 0, 1.08%, 0, 0, 1, 24.11
1621229000, 114, 1, 2, 0, 0, 1.08%, 0, 0, 1, 24.34
1621229005, 117, 0, 2, 0, 0, 1.08%, 0, 0, 1, 24.40
1621229010, 119, 1, 2, 0, 0, 1.08%, 0, 0, 1, 24.22
1621229015, 122, 0, 2, 0, 0, 1.08%, 0, 0, 1, 23.94
1621229020, 124, 1, 2, 0, 0, 1.08%, 0, 0, 1, 24.06
1621229025, 126, 1, 2, 0, 0, 1.08%, 0, 0, 1, 24.32
1621229030, 129, 0, 2, 0, 0, 1.08%, 0, 0, 1, 23.97
1621229039, 131, 0, 2, 0, 0, 1.08%, 0, 1, 1, 0.59
1621229044, 133, 0, 2, 0, 0, 1.08%, 0, 1, 1, 23.67
1621229049, 135, 1, 2, 0, 0, 1.08%, 0, 1, 1, 23.75
1621229054, 138, 0, 2, 0, 0, 1.08%, 0, 1, 1, 24.08
1621229060, 140, 1, 2, 0, 0, 1.08%, 0, 1, 1, 24.29
1621229065, 143, 0, 2, 0, 0, 1.08%, 0, 1, 1, 24.23
1621229070, 145, 1, 2, 0, 0, 1.08%, 0, 1, 1, 24.03
1621229075, 148, 0, 2, 0, 0, 1.08%, 0, 1, 1, 24.14
1621229080, 150, 1, 2, 0, 0, 1.08%, 0, 1, 1, 24.19
1621229085, 153, 0, 2, 0, 0, 1.08%, 0, 1, 1, 24.27
1621229090, 155, 1, 2, 0, 0, 1.08%, 0, 1, 1, 24.14
1621229095, 157, 1, 2, 0, 0, 1.08%, 0, 1, 1, 24.42
1621229100, 160, 0, 2, 0, 0, 1.08%, 0, 1, 1, 24.17
1621229105, 162, 1, 2, 0, 0, 1.08%, 0, 1, 1, 24.25
1621229111, 163, 0, 2, 0, 0, 1.08%, 0, 1, 1, 0.97
1621229116, 165, 1, 2, 0, 0, 1.08%, 0, 1, 1, 23.55
1621229121, 168, 0, 2, 0, 0, 1.08%, 0, 1, 1, 23.81
1621229127, 170, 1, 2, 0, 0, 1.08%, 0, 1, 1, 23.81
1621229132, 173, 0, 2, 0, 0, 1.08%, 0, 1, 1, 24.37
1621229137, 175, 1, 2, 0, 0, 1.08%, 0, 1, 1, 24.19
1621229142, 178, 0, 2, 0, 0, 1.08%, 0, 1, 1, 24.03
1621229147, 180, 1, 2, 0, 0, 1.08%, 0, 1, 1, 23.82
1621229152, 183, 0, 2, 0, 0, 1.08%, 0, 1, 1, 24.04
1621229157, 185, 1, 2, 0, 0, 1.08%, 0, 1, 1, 24.02
1621229163, 186, 0, 2, 0, 0, 1.08%, 0, 1, 1, 0.59
1621229168, 188, 0, 2, 0, 0, 1.08%, 0, 1, 1, 23.76
1621229174, 190, 1, 2, 0, 0, 1.08%, 0, 1, 1, 23.99
1621229179, 193, 0, 2, 0, 0, 1.08%, 0, 1, 1, 24.17
1621229184, 195, 1, 2, 0, 0, 1.08%, 0, 1, 1, 24.03
1621229190, 196, 1, 2, 0, 0, 1.08%, 0, 1, 1, 0.59
1621229195, 198, 1, 2, 0, 0, 1.08%, 0, 1, 1, 24.04
1621229200, 201, 0, 2, 0, 0, 1.08%, 0, 1, 1, 24.29
1621229205, 203, 1, 2, 0, 0, 1.08%, 0, 1, 1, 23.94
1621229210, 206, 0, 2, 0, 0, 1.08%, 0, 1, 1, 24.03
1621229216, 208, 1, 2, 0, 0, 1.08%, 0, 1, 1, 24.03
1621229221, 209, 0, 2, 0, 0, 1.08%, 0, 1, 1, 0.97
1621229227, 211, 1, 2, 0, 0, 1.08%, 0, 1, 1, 23.78
1621229232, 214, 0, 2, 0, 0, 1.08%, 0, 1, 1, 23.98
1621229237, 216, 1, 2, 0, 0, 1.08%, 0, 1, 1, 24.14
1621229242, 219, 0, 2, 0, 0, 1.08%, 0, 1, 1, 24.10
1621229247, 221, 1, 2, 0, 0, 1.08%, 0, 1, 1, 24.45
1621229253, 222, 0, 2, 0, 0, 1.08%, 0, 1, 1, 0.20
1621229259, 224, 1, 2, 0, 0, 1.08%, 0, 1, 1, 23.98
1621229264, 227, 0, 2, 0, 0, 1.08%, 0, 1, 1, 23.96
1621229269, 229, 1, 2, 0, 0, 1.08%, 0, 1, 1, 24.16
1621229274, 232, 0, 2, 0, 0, 1.08%, 0, 1, 1, 24.00
1621229279, 234, 0, 2, 0, 0, 1.08%, 0, 1, 1, 24.08
1621229284, 236, 1, 2, 0, 0, 1.08%, 0, 1, 1, 22.92
1621229289, 239, 0, 2, 0, 0, 1.08%, 0, 1, 1, 24.19
1621229294, 241, 1, 2, 0, 0, 1.08%, 0, 1, 1, 24.46
1621229299, 244, 0, 2, 0, 0, 1.08%, 0, 1, 1, 24.17
1621229304, 246, 1, 2, 0, 0, 1.08%, 0, 1, 1, 24.25
1621229309, 249, 0, 2, 0, 0, 1.08%, 0, 1, 1, 24.28
1621229314, 251, 1, 2, 0, 0, 1.08%, 0, 1, 1, 24.60
1621229319, 253, 1, 2, 0, 0, 1.08%, 0, 1, 1, 23.88
1621229324, 256, 0, 2, 0, 0, 1.08%, 0, 1, 1, 24.09
1621229329, 258, 1, 2, 0, 0, 1.08%, 0, 1, 1, 24.12
1621229335, 261, 0, 2, 0, 0, 1.08%, 0, 1, 1, 24.26
1621229343, 263, 0, 2, 0, 0, 1.08%, 0, 2, 1, 0.78
1621229348, 265, 1, 2, 0, 0, 1.08%, 0, 2, 1, 24.02
1621229353, 268, 0, 2, 0, 0, 1.08%, 0, 2, 1, 24.25
1621229358, 270, 0, 2, 0, 0, 1.08%, 0, 2, 1, 24.14
1621229364, 272, 1, 2, 0, 0, 1.08%, 0, 2, 1, 24.07
1621229369, 275, 0, 2, 0, 0, 1.08%, 0, 2, 1, 23.76
1621229374, 277, 1, 2, 0, 0, 1.08%, 0, 2, 1, 23.25
1621229379, 280, 0, 2, 0, 0, 1.08%, 0, 2, 1, 23.85
1621229384, 282, 1, 2, 0, 0, 1.08%, 0, 2, 1, 24.63
1621229389, 285, 0, 2, 0, 0, 1.08%, 0, 2, 1, 23.97
1621229394, 287, 0, 2, 0, 0, 1.08%, 0, 2, 1, 24.08
1621229399, 289, 1, 2, 0, 0, 1.08%, 0, 2, 1, 24.60
1621229404, 292, 0, 2, 0, 0, 1.08%, 0, 2, 1, 24.19
1621229409, 294, 1, 2, 0, 0, 1.08%, 0, 2, 1, 24.43
1621229414, 297, 0, 2, 0, 0, 1.08%, 0, 2, 1, 24.56
1621229419, 299, 1, 2, 0, 0, 1.08%, 0, 2, 1, 24.56
1621229424, 302, 0, 2, 0, 0, 1.08%, 0, 2, 1, 24.15
1621229429, 304, 1, 2, 0, 0, 1.08%, 0, 2, 1, 23.87
1621229440, 307, 0, 2, 0, 0, 1.08%, 0, 2, 1, 0.78
1621229445, 309, 1, 2, 0, 0, 1.08%, 0, 2, 1, 24.17
1621229450, 312, 0, 2, 0, 0, 1.08%, 0, 2, 1, 24.51
1621229455, 314, 1, 2, 0, 0, 1.08%, 0, 2, 1, 24.26
1621229460, 317, 0, 2, 0, 0, 1.08%, 0, 2, 1, 24.35
1621229465, 319, 1, 2, 0, 0, 1.08%, 0, 2, 1, 24.68
1621229470, 322, 0, 2, 0, 0, 1.08%, 0, 2, 1, 24.05
1621229476, 324, 1, 2, 0, 0, 1.08%, 0, 2, 1, 23.76
1621229481, 327, 0, 2, 0, 0, 1.08%, 0, 2, 1, 24.24
1621229486, 329, 1, 2, 0, 0, 1.08%, 0, 2, 1, 24.27
1621229491, 332, 0, 2, 0, 0, 1.08%, 0, 2, 1, 24.11
1621229496, 334, 1, 2, 0, 0, 1.08%, 0, 2, 1, 24.26
1621229501, 336, 1, 2, 0, 0, 1.08%, 0, 2, 1, 24.04
1621229506, 339, 1, 2, 0, 0, 1.08%, 0, 2, 1, 24.62
1621229511, 342, 0, 2, 0, 0, 1.08%, 0, 2, 1, 24.15
1621229516, 344, 0, 2, 0, 0, 1.08%, 0, 2, 1, 24.18
1621229522, 346, 1, 2, 0, 0, 1.08%, 0, 2, 1, 24.39
1621229527, 349, 0, 2, 0, 0, 1.08%, 0, 2, 1, 24.72
1621229532, 351, 1, 2, 0, 0, 1.08%, 0, 2, 1, 24.47
1621229537, 354, 0, 2, 0, 0, 1.08%, 0, 2, 1, 24.19
1621229542, 356, 1, 2, 0, 0, 1.08%, 0, 2, 1, 24.42
1621229547, 359, 0, 2, 0, 0, 1.08%, 0, 2, 1, 24.61
1621229552, 361, 1, 2, 0, 0, 1.08%, 0, 2, 1, 24.07
1621229557, 364, 0, 2, 0, 0, 1.08%, 0, 2, 1, 22.73
1621229562, 366, 0, 2, 0, 0, 1.08%, 0, 2, 1, 23.43
1621229567, 369, 0, 2, 0, 0, 1.08%, 0, 2, 1, 24.34
1621229573, 371, 0, 2, 0, 0, 1.08%, 0, 2, 1, 24.06
1621229578, 373, 1, 2, 0, 0, 1.08%, 0, 2, 1, 24.13
1621229583, 376, 0, 2, 0, 0, 1.08%, 0, 2, 1, 24.20
1621229588, 378, 1, 2, 0, 0, 1.08%, 0, 2, 1, 24.29
1621229595, 379, 1, 2, 0, 0, 1.08%, 0, 2, 1, 0.20
1621229600, 382, 0, 2, 0, 0, 1.08%, 0, 2, 1, 24.31
1621229605, 384, 1, 2, 0, 0, 1.08%, 0, 2, 1, 24.01
1621229610, 387, 0, 2, 0, 0, 1.08%, 0, 2, 1, 24.14
1621229615, 389, 1, 2, 0, 0, 1.08%, 0, 2, 1, 24.37
1621229621, 392, 0, 2, 0, 0, 1.08%, 0, 2, 1, 24.50
1621229626, 394, 1, 2, 0, 0, 1.08%, 0, 2, 1, 24.52
