# unix_time, cycles_done, cur_path, paths_total, pending_total, pending_favs, map_size, unique_crashes, unique_hangs, max_depth, execs_per_sec
1619758093, 0, 0, 2, 2, 2, 14.07%, 0, 0, 1, 144.14
1619758098, 0, 0, 7, 7, 2, 15.37%, 0, 0, 2, 160.86
1619758103, 0, 0, 10, 10, 2, 16.07%, 0, 0, 2, 161.56
1619758109, 0, 0, 21, 21, 2, 16.14%, 0, 0, 2, 158.10
1619758114, 0, 0, 29, 29, 2, 16.14%, 0, 0, 2, 155.43
1619758119, 0, 0, 34, 34, 2, 16.14%, 0, 0, 2, 155.32
1619758124, 0, 0, 37, 37, 2, 16.14%, 0, 0, 2, 161.65
1619758134, 0, 0, 39, 39, 2, 16.15%, 0, 0, 2, 162.00
1619758139, 0, 0, 41, 41, 2, 16.15%, 0, 0, 2, 163.09
1619758154, 0, 0, 44, 44, 2, 16.15%, 0, 0, 2, 160.20
1619758159, 0, 0, 60, 60, 2, 16.15%, 0, 0, 2, 162.55
1619758164, 0, 0, 61, 61, 2, 16.15%, 0, 0, 2, 162.17
1619758169, 0, 0, 62, 62, 2, 16.15%, 0, 0, 2, 162.37
1619758179, 0, 0, 65, 65, 2, 16.15%, 0, 0, 2, 153.27
1619758195, 0, 0, 66, 66, 2, 16.15%, 0, 0, 2, 161.31
1619758200, 0, 0, 68, 68, 2, 16.15%, 0, 0, 2, 161.16
1619758210, 0, 0, 69, 69, 2, 16.15%, 0, 0, 2, 158.32
1619758215, 0, 0, 70, 70, 2, 16.15%, 0, 0, 2, 162.10
1619758220, 0, 0, 71, 71, 2, 16.15%, 0, 0, 2, 161.80
1619758230, 0, 0, 73, 73, 2, 16.15%, 0, 0, 2, 172.48
1619758235, 0, 0, 76, 76, 2, 16.15%, 0, 0, 2, 163.97
1619758245, 0, 0, 77, 77, 2, 16.15%, 0, 0, 2, 161.37
1619758251, 0, 0, 78, 78, 2, 16.15%, 0, 0, 2, 161.34
1619758266, 0, 0, 79, 79, 2, 16.15%, 0, 0, 2, 160.60
1619758276, 0, 0, 80, 80, 2, 16.15%, 0, 0, 2, 160.56
1619758291, 0, 0, 82, 82, 2, 16.15%, 0, 0, 2, 162.00
1619758306, 0, 0, 83, 83, 2, 16.15%, 0, 0, 2, 159.43
1619758311, 0, 0, 84, 84, 2, 16.15%, 0, 0, 2, 158.51
1619758327, 0, 0, 85, 85, 2, 16.15%, 0, 0, 2, 155.54
1619758337, 0, 0, 86, 86, 2, 16.15%, 0, 0, 2, 158.24
1619758342, 0, 0, 94, 94, 2, 16.15%, 0, 0, 2, 155.12
1619758347, 0, 0, 121, 121, 2, 17.20%, 0, 0, 2, 163.16
1619758352, 0, 0, 137, 137, 2, 17.20%, 0, 0, 2, 155.21
1619758357, 0, 0, 143, 143, 2, 17.20%, 0, 0, 2, 153.68
1619758362, 0, 0, 145, 145, 2, 17.20%, 0, 0, 2, 155.71
1619758367, 0, 0, 148, 148, 2, 17.20%, 0, 0, 2, 172.53
1619758373, 0, 0, 149, 149, 2, 17.20%, 0, 0, 2, 154.83
1619758378, 0, 0, 153, 153, 2, 17.20%, 0, 0, 2, 178.28
1619758388, 0, 0, 154, 154, 2, 17.20%, 0, 0, 2, 151.37
1619758398, 0, 0, 155, 155, 2, 17.20%, 0, 0, 2, 153.73
1619758413, 0, 0, 158, 158, 2, 17.20%, 0, 0, 2, 183.90
1619758418, 0, 0, 162, 162, 2, 17.20%, 0, 0, 2, 185.30
1619758423, 0, 0, 164, 164, 2, 17.20%, 0, 0, 2, 183.88
1619758428, 0, 0, 167, 167, 2, 17.20%, 0, 0, 2, 181.01
1619758433, 0, 0, 169, 169, 2, 17.20%, 0, 0, 2, 186.14
1619758444, 0, 0, 170, 170, 2, 17.20%, 0, 0, 2, 181.46
1619758449, 0, 0, 171, 171, 2, 17.23%, 0, 0, 2, 181.79
1619758454, 0, 0, 174, 174, 2, 17.25%, 0, 0, 2, 178.25
1619758459, 0, 0, 175, 175, 2, 17.25%, 0, 0, 2, 177.76
1619758474, 0, 0, 176, 176, 2, 17.25%, 0, 0, 2, 184.67
1619758485, 0, 0, 177, 177, 2, 17.27%, 0, 0, 2, 181.41
1619758495, 0, 0, 178, 178, 2, 17.27%, 0, 0, 2, 188.32
1619758500, 0, 0, 179, 179, 2, 17.27%, 0, 0, 2, 183.51
1619758505, 0, 0, 180, 180, 2, 17.27%, 0, 0, 2, 183.42
1619758517, 0, 0, 182, 182, 2, 17.27%, 0, 0, 2, 1.00
1619758528, 0, 0, 183, 183, 2, 17.71%, 0, 0, 2, 425.02
1619758533, 0, 0, 187, 187, 2, 17.71%, 0, 0, 2, 537.73
1619758538, 0, 0, 188, 188, 2, 17.71%, 0, 0, 2, 526.91
1619758543, 0, 0, 190, 190, 2, 17.71%, 0, 0, 2, 515.66
1619758548, 0, 0, 191, 191, 2, 17.71%, 0, 0, 2, 501.44
1619758553, 0, 5, 193, 192, 10, 17.71%, 0, 0, 3, 575.27
1619758568, 0, 5, 194, 193, 10, 17.71%, 0, 0, 3, 618.24
1619758589, 0, 5, 195, 194, 10, 17.71%, 0, 0, 3, 527.01
1619758609, 0, 5, 196, 195, 10, 17.71%, 0, 0, 3, 546.19
1619758614, 0, 5, 197, 196, 10, 17.71%, 0, 0, 3, 576.92
1619758634, 0, 15, 197, 195, 9, 17.71%, 0, 0, 3, 603.79
1619758660, 0, 15, 198, 196, 9, 17.71%, 0, 0, 3, 600.70
1619758665, 0, 15, 199, 197, 9, 17.71%, 0, 0, 3, 632.01
1619758700, 0, 15, 200, 198, 9, 17.71%, 0, 0, 3, 545.79
1619758705, 0, 19, 200, 197, 8, 17.71%, 0, 0, 3, 533.11
1619758715, 0, 19, 201, 198, 8, 17.71%, 0, 0, 3, 618.63
1619758736, 0, 19, 202, 199, 8, 17.71%, 0, 0, 3, 617.73
1619758751, 0, 19, 203, 200, 8, 17.71%, 0, 0, 3, 527.72
1619758771, 0, 19, 204, 201, 8, 17.71%, 0, 0, 3, 522.54
1619758776, 0, 19, 205, 202, 8, 17.71%, 0, 0, 3, 565.41
1619758781, 0, 35, 206, 202, 8, 17.71%, 0, 0, 3, 550.95
1619758812, 0, 35, 207, 203, 8, 17.71%, 0, 0, 3, 526.53
1619758852, 0, 101, 208, 203, 7, 17.71%, 0, 0, 3, 504.00
1619758938, 0, 101, 210, 205, 7, 17.71%, 0, 0, 3, 541.67
1619759065, 0, 114, 210, 204, 6, 17.71%, 0, 0, 3, 497.89
1619759147, 0, 114, 211, 205, 6, 17.71%, 0, 0, 3, 795.79
1619759152, 0, 114, 212, 206, 6, 17.71%, 0, 0, 3, 770.97
1619759157, 0, 157, 212, 205, 5, 17.71%, 0, 0, 3, 790.63
1619759162, 0, 159, 212, 204, 4, 17.71%, 0, 0, 3, 1016.08
1619759177, 0, 159, 213, 205, 4, 17.71%, 0, 0, 3, 797.99
1619759183, 0, 159, 214, 206, 4, 17.71%, 0, 0, 3, 795.86
1619759188, 0, 170, 214, 205, 3, 17.71%, 0, 0, 3, 782.10
1619759218, 0, 170, 215, 206, 3, 17.71%, 0, 0, 3, 774.21
1619759294, 0, 170, 216, 207, 3, 18.01%, 0, 0, 3, 572.13
