# unix_time, cycles_done, cur_path, paths_total, pending_total, pending_favs, map_size, unique_crashes, unique_hangs, max_depth, execs_per_sec
1654307451, 0, 0, 1, 1, 1, 0.23%, 0, 0, 1, 145.45
1654307462, 0, 0, 2, 2, 1, 3.37%, 0, 0, 2, 213.60
1654307472, 0, 1, 2, 1, 1, 3.37%, 0, 0, 2, 11.12
1654307482, 0, 1, 4, 3, 1, 3.38%, 0, 0, 3, 8.36
1654307987, 0, 1, 6, 5, 1, 3.38%, 0, 0, 3, 10.16
1654308018, 0, 2, 6, 4, 2, 3.38%, 0, 0, 3, 198.09
1654308073, 0, 4, 6, 3, 1, 3.38%, 0, 0, 3, 8.16
1654308099, 0, 4, 7, 4, 1, 3.40%, 0, 0, 4, 9.38
1654308654, 0, 4, 8, 5, 1, 3.42%, 0, 0, 4, 8.40
