# unix_time, cycles_done, cur_path, paths_total, pending_total, pending_favs, map_size, unique_crashes, unique_hangs, max_depth, execs_per_sec
1621547104, 0, 0, 2, 2, 1, 0.15%, 0, 0, 1, 32.35
1621547109, 0, 1, 2, 2, 1, 0.15%, 0, 0, 1, 32.52
1621547221, 1, 0, 2, 1, 0, 0.15%, 0, 0, 1, 30.73
1621548225, 2, 1, 2, 0, 0, 0.15%, 0, 0, 1, 37.81
1621548230, 4, 1, 2, 0, 0, 0.15%, 0, 0, 1, 38.95
1621548235, 6, 0, 2, 0, 0, 0.15%, 0, 0, 1, 27.32
1621548242, 6, 1, 2, 0, 0, 0.15%, 0, 1, 1, 0.20
1621548248, 7, 1, 2, 0, 0, 0.15%, 0, 1, 1, 23.54
1621548254, 8, 0, 2, 0, 0, 0.15%, 0, 2, 1, 0.77
1621548260, 8, 1, 2, 0, 0, 0.15%, 0, 2, 1, 0.40
1621548266, 10, 0, 2, 0, 0, 0.15%, 0, 2, 1, 31.32
1621548282, 10, 1, 2, 0, 0, 0.15%, 0, 2, 1, 0.40
1621548287, 12, 1, 2, 0, 0, 0.15%, 0, 2, 1, 38.78
1621548297, 14, 1, 2, 0, 0, 0.15%, 0, 2, 1, 37.62
1621548302, 16, 0, 2, 0, 0, 0.15%, 0, 2, 1, 36.58
1621548308, 16, 1, 2, 0, 0, 0.15%, 0, 2, 1, 0.59
