# unix_time, cycles_done, cur_path, paths_total, pending_total, pending_favs, map_size, unique_crashes, unique_hangs, max_depth, execs_per_sec
1619753211, 0, 0, 23, 23, 2, 13.97%, 0, 0, 1, 227.24
1619753216, 0, 0, 39, 39, 2, 14.59%, 0, 0, 2, 234.22
1619753221, 0, 0, 59, 59, 2, 15.41%, 0, 0, 2, 237.50
1619753227, 0, 0, 78, 78, 2, 15.41%, 0, 0, 2, 241.30
1619753232, 0, 0, 93, 93, 2, 15.41%, 0, 0, 2, 249.73
1619753237, 0, 0, 99, 99, 2, 15.41%, 0, 0, 2, 275.88
1619753242, 0, 0, 105, 105, 2, 15.41%, 0, 0, 2, 276.12
1619753247, 0, 0, 112, 112, 2, 16.56%, 0, 0, 2, 248.00
1619753252, 0, 0, 117, 117, 2, 16.60%, 0, 0, 2, 276.24
1619753257, 0, 0, 121, 121, 2, 16.60%, 0, 0, 2, 284.22
1619753262, 0, 0, 127, 127, 2, 16.62%, 0, 0, 2, 273.82
1619753267, 0, 0, 133, 133, 2, 16.63%, 0, 0, 2, 278.60
1619753272, 0, 0, 135, 135, 2, 16.63%, 0, 0, 2, 245.64
1619753277, 0, 0, 136, 136, 2, 16.63%, 0, 0, 2, 258.15
1619753282, 0, 0, 137, 137, 2, 16.63%, 0, 0, 2, 276.17
1619753287, 0, 0, 138, 138, 2, 16.72%, 0, 0, 2, 282.80
1619753293, 0, 0, 140, 140, 2, 16.72%, 0, 0, 2, 281.30
1619753298, 0, 0, 142, 142, 2, 16.72%, 0, 0, 2, 277.93
1619753303, 0, 0, 149, 149, 2, 16.72%, 0, 0, 2, 270.43
1619753308, 0, 0, 154, 154, 2, 16.72%, 0, 0, 2, 271.63
1619753313, 0, 0, 158, 158, 2, 16.72%, 0, 0, 2, 274.79
1619753318, 0, 0, 159, 159, 2, 16.72%, 0, 0, 2, 271.53
1619753323, 0, 0, 160, 160, 2, 16.72%, 0, 0, 2, 277.65
1619753328, 0, 0, 162, 162, 2, 16.72%, 0, 0, 2, 273.93
1619753333, 0, 0, 166, 166, 2, 16.72%, 0, 0, 2, 280.15
1619753338, 0, 0, 168, 168, 2, 16.72%, 0, 0, 2, 274.19
1619753343, 0, 0, 169, 169, 2, 16.72%, 0, 0, 2, 280.08
1619753354, 0, 0, 170, 170, 2, 16.72%, 0, 0, 2, 274.26
1619753359, 0, 0, 171, 171, 2, 16.72%, 0, 0, 2, 272.10
1619753364, 0, 24, 172, 171, 14, 16.72%, 0, 0, 2, 278.16
1619753369, 0, 24, 177, 176, 14, 16.72%, 0, 0, 3, 397.63
1619753374, 0, 24, 183, 182, 14, 16.72%, 0, 0, 3, 411.02
1619753379, 0, 24, 193, 192, 14, 16.72%, 0, 0, 3, 332.69
1619753384, 0, 24, 197, 196, 14, 16.72%, 0, 0, 3, 281.31
1619753389, 0, 24, 199, 198, 14, 16.72%, 0, 0, 3, 259.15
1619753394, 0, 24, 201, 200, 14, 16.72%, 0, 0, 3, 260.32
1619753399, 0, 29, 202, 200, 14, 16.72%, 0, 0, 3, 319.17
1619753409, 0, 29, 203, 201, 14, 16.72%, 0, 0, 3, 261.16
1619753415, 0, 29, 205, 203, 14, 16.72%, 0, 0, 3, 272.59
1619753420, 0, 31, 205, 202, 13, 16.72%, 0, 0, 3, 269.18
1619753430, 0, 31, 209, 206, 13, 16.73%, 0, 0, 3, 254.56
1619753440, 0, 44, 209, 205, 14, 16.73%, 0, 0, 3, 258.40
1619753455, 0, 44, 210, 206, 14, 16.73%, 0, 0, 3, 252.06
1619753498, 0, 44, 211, 207, 14, 16.73%, 0, 0, 3, 3.30
1619753513, 0, 46, 212, 207, 13, 17.16%, 0, 0, 3, 494.93
1619753523, 0, 46, 213, 208, 13, 17.16%, 0, 0, 3, 566.37
1619753539, 0, 46, 214, 209, 13, 17.16%, 0, 0, 3, 551.54
1619753554, 0, 46, 215, 210, 13, 17.16%, 0, 0, 3, 527.89
1619753590, 0, 73, 215, 209, 12, 17.16%, 0, 0, 3, 591.25
1619753610, 0, 73, 216, 210, 12, 17.16%, 0, 0, 3, 524.07
1619753656, 0, 73, 217, 211, 12, 17.16%, 0, 0, 3, 508.74
1619753681, 0, 73, 218, 212, 12, 17.16%, 0, 0, 3, 561.80
1619753717, 0, 73, 219, 213, 12, 17.16%, 0, 0, 3, 535.48
1619753737, 0, 73, 220, 214, 12, 17.16%, 0, 0, 3, 535.72
1619753777, 0, 73, 221, 215, 12, 17.16%, 0, 0, 3, 535.24
1619753783, 0, 73, 222, 216, 12, 17.16%, 0, 0, 3, 586.16
1619753818, 0, 73, 223, 217, 12, 17.16%, 0, 0, 3, 499.07
1619753823, 0, 73, 224, 218, 12, 17.16%, 0, 0, 3, 580.51
1619753894, 0, 73, 225, 219, 12, 17.16%, 0, 0, 3, 603.38
1619753919, 0, 73, 226, 220, 12, 17.16%, 0, 0, 3, 550.35
1619753935, 0, 73, 227, 221, 12, 17.16%, 0, 0, 3, 510.46
1619753960, 0, 73, 228, 222, 12, 17.16%, 0, 0, 3, 682.53
1619753965, 0, 73, 229, 223, 12, 17.16%, 0, 0, 3, 612.94
1619754021, 0, 73, 230, 224, 12, 17.16%, 0, 0, 3, 577.62
1619754026, 0, 106, 230, 223, 12, 17.16%, 0, 0, 3, 543.28
1619754031, 0, 110, 230, 222, 11, 17.16%, 0, 0, 3, 538.27
1619754062, 0, 110, 231, 223, 11, 17.16%, 0, 0, 3, 509.01
1619754072, 0, 114, 231, 222, 11, 17.16%, 0, 0, 3, 590.01
1619754093, 0, 116, 231, 221, 10, 17.16%, 0, 0, 3, 511.42
1619754098, 0, 116, 232, 222, 10, 17.16%, 0, 0, 3, 542.94
1619754260, 0, 116, 233, 223, 10, 17.16%, 0, 0, 3, 566.03
1619754336, 0, 116, 234, 224, 10, 17.16%, 0, 0, 3, 481.98
1619754362, 0, 116, 235, 225, 10, 17.16%, 0, 0, 3, 526.82
1619754367, 0, 126, 235, 224, 9, 17.16%, 0, 0, 3, 542.45
1619754412, 0, 126, 236, 225, 9, 17.20%, 0, 0, 3, 607.82
