# unix_time, cycles_done, cur_path, paths_total, pending_total, pending_favs, map_size, unique_crashes, unique_hangs, max_depth, execs_per_sec
1654311103, 0, 0, 1, 1, 1, 0.15%, 0, 0, 1, 51.28
1654311144, 2, 0, 1, 0, 0, 0.15%, 0, 0, 1, 69.13
1654311149, 5, 0, 1, 0, 0, 0.15%, 0, 0, 1, 70.99
1654311154, 8, 0, 1, 0, 0, 0.15%, 0, 0, 1, 65.56
1654311159, 11, 0, 1, 0, 0, 0.15%, 0, 0, 1, 71.01
1654311164, 13, 0, 1, 0, 0, 0.15%, 0, 0, 1, 71.68
1654311169, 16, 0, 1, 0, 0, 0.15%, 0, 0, 1, 72.32
1654311174, 19, 0, 1, 0, 0, 0.15%, 0, 0, 1, 72.50
1654311179, 22, 0, 1, 0, 0, 0.15%, 0, 0, 1, 72.94
1654311184, 25, 0, 1, 0, 0, 0.15%, 0, 0, 1, 70.85
1654311189, 28, 0, 1, 0, 0, 0.15%, 0, 0, 1, 72.39
1654311195, 31, 0, 1, 0, 0, 0.15%, 0, 0, 1, 73.15
1654311200, 34, 0, 1, 0, 0, 0.15%, 0, 0, 1, 73.93
1654311205, 37, 0, 1, 0, 0, 0.15%, 0, 0, 1, 72.46
1654311210, 40, 0, 1, 0, 0, 0.15%, 0, 0, 1, 73.09
1654311215, 43, 0, 1, 0, 0, 0.15%, 0, 0, 1, 74.22
1654311220, 45, 0, 1, 0, 0, 0.15%, 0, 0, 1, 72.91
1654311225, 48, 0, 1, 0, 0, 0.15%, 0, 0, 1, 72.31
1654311231, 51, 0, 1, 0, 0, 0.15%, 0, 0, 1, 70.82
1654311236, 54, 0, 1, 0, 0, 0.15%, 0, 0, 1, 73.37
1654311241, 57, 0, 1, 0, 0, 0.15%, 0, 0, 1, 72.09
1654311246, 60, 0, 1, 0, 0, 0.15%, 0, 0, 1, 72.90
1654311251, 63, 0, 1, 0, 0, 0.15%, 0, 0, 1, 72.49
1654311256, 66, 0, 1, 0, 0, 0.15%, 0, 0, 1, 70.71
1654311261, 69, 0, 1, 0, 0, 0.15%, 0, 0, 1, 71.85
1654311267, 72, 0, 1, 0, 0, 0.15%, 0, 0, 1, 72.63
1654311272, 75, 0, 1, 0, 0, 0.15%, 0, 0, 1, 74.33
1654311277, 78, 0, 1, 0, 0, 0.15%, 0, 0, 1, 73.56
1654311282, 80, 0, 1, 0, 0, 0.15%, 0, 0, 1, 71.69
1654311287, 83, 0, 1, 0, 0, 0.15%, 0, 0, 1, 72.78
1654311292, 86, 0, 1, 0, 0, 0.15%, 0, 0, 1, 71.79
1654311298, 89, 0, 1, 0, 0, 0.15%, 0, 0, 1, 72.51
1654311303, 92, 0, 1, 0, 0, 0.15%, 0, 0, 1, 72.55
1654311308, 95, 0, 1, 0, 0, 0.15%, 0, 0, 1, 72.85
1654311313, 98, 0, 1, 0, 0, 0.15%, 0, 0, 1, 71.84
1654311318, 101, 0, 1, 0, 0, 0.15%, 0, 0, 1, 71.85
1654311323, 104, 0, 1, 0, 0, 0.15%, 0, 0, 1, 71.60
1654311328, 107, 0, 1, 0, 0, 0.15%, 0, 0, 1, 72.42
1654311333, 109, 0, 1, 0, 0, 0.15%, 0, 0, 1, 72.50
1654311339, 112, 0, 1, 0, 0, 0.15%, 0, 0, 1, 72.74
1654311344, 115, 0, 1, 0, 0, 0.15%, 0, 0, 1, 73.41
1654311349, 118, 0, 1, 0, 0, 0.15%, 0, 0, 1, 72.43
1654311354, 121, 0, 1, 0, 0, 0.15%, 0, 0, 1, 73.40
1654311359, 124, 0, 1, 0, 0, 0.15%, 0, 0, 1, 72.96
1654311364, 127, 0, 1, 0, 0, 0.15%, 0, 0, 1, 72.59
1654311370, 130, 0, 1, 0, 0, 0.15%, 0, 0, 1, 73.62
1654311375, 133, 0, 1, 0, 0, 0.15%, 0, 0, 1, 71.99
1654311380, 136, 0, 1, 0, 0, 0.15%, 0, 0, 1, 73.43
1654311385, 139, 0, 1, 0, 0, 0.15%, 0, 0, 1, 74.14
1654311390, 142, 0, 1, 0, 0, 0.15%, 0, 0, 1, 73.21
1654311395, 145, 0, 1, 0, 0, 0.15%, 0, 0, 1, 72.23
1654311400, 148, 0, 1, 0, 0, 0.15%, 0, 0, 1, 72.22
1654311405, 150, 0, 1, 0, 0, 0.15%, 0, 0, 1, 72.57
1654311411, 153, 0, 1, 0, 0, 0.15%, 0, 0, 1, 73.60
1654311416, 156, 0, 1, 0, 0, 0.15%, 0, 0, 1, 72.95
1654311421, 159, 0, 1, 0, 0, 0.15%, 0, 0, 1, 72.88
1654311426, 162, 0, 1, 0, 0, 0.15%, 0, 0, 1, 72.85
1654311431, 165, 0, 1, 0, 0, 0.15%, 0, 0, 1, 74.09
1654311436, 168, 0, 1, 0, 0, 0.15%, 0, 0, 1, 73.18
1654311441, 171, 0, 1, 0, 0, 0.15%, 0, 0, 1, 73.98
1654311446, 174, 0, 1, 0, 0, 0.15%, 0, 0, 1, 74.41
1654311452, 177, 0, 1, 0, 0, 0.15%, 0, 0, 1, 72.83
1654311457, 180, 0, 1, 0, 0, 0.15%, 0, 0, 1, 73.26
1654311462, 183, 0, 1, 0, 0, 0.15%, 0, 0, 1, 72.70
1654311467, 186, 0, 1, 0, 0, 0.15%, 0, 0, 1, 74.24
1654311472, 188, 0, 1, 0, 0, 0.15%, 0, 0, 1, 71.98
1654311477, 191, 0, 1, 0, 0, 0.15%, 0, 0, 1, 73.38
1654311482, 194, 0, 1, 0, 0, 0.15%, 0, 0, 1, 74.52
1654311487, 197, 0, 1, 0, 0, 0.15%, 0, 0, 1, 72.81
1654311492, 200, 0, 1, 0, 0, 0.15%, 0, 0, 1, 71.42
1654311497, 203, 0, 1, 0, 0, 0.15%, 0, 0, 1, 71.46
1654311503, 206, 0, 1, 0, 0, 0.15%, 0, 0, 1, 72.21
1654311508, 209, 0, 1, 0, 0, 0.15%, 0, 0, 1, 70.34
1654311513, 211, 0, 1, 0, 0, 0.15%, 0, 0, 1, 70.60
1654311518, 214, 0, 1, 0, 0, 0.15%, 0, 0, 1, 72.38
1654311523, 217, 0, 1, 0, 0, 0.15%, 0, 0, 1, 72.03
1654311528, 220, 0, 1, 0, 0, 0.15%, 0, 0, 1, 71.80
1654311533, 223, 0, 1, 0, 0, 0.15%, 0, 0, 1, 72.03
1654311539, 226, 0, 1, 0, 0, 0.15%, 0, 0, 1, 70.37
1654311544, 229, 0, 1, 0, 0, 0.15%, 0, 0, 1, 72.83
1654311549, 232, 0, 1, 0, 0, 0.15%, 0, 0, 1, 73.89
1654311554, 235, 0, 1, 0, 0, 0.15%, 0, 0, 1, 74.46
1654311559, 238, 0, 1, 0, 0, 0.15%, 0, 0, 1, 71.78
1654311564, 241, 0, 1, 0, 0, 0.15%, 0, 0, 1, 73.34
1654311569, 243, 0, 1, 0, 0, 0.15%, 0, 0, 1, 73.70
1654311574, 246, 0, 1, 0, 0, 0.15%, 0, 0, 1, 74.18
1654311580, 249, 0, 1, 0, 0, 0.15%, 0, 0, 1, 72.62
1654311585, 252, 0, 1, 0, 0, 0.15%, 0, 0, 1, 73.31
1654311590, 255, 0, 1, 0, 0, 0.15%, 0, 0, 1, 71.62
1654311595, 258, 0, 1, 0, 0, 0.15%, 0, 0, 1, 73.75
1654311600, 261, 0, 1, 0, 0, 0.15%, 0, 0, 1, 73.55
1654311605, 264, 0, 1, 0, 0, 0.15%, 0, 0, 1, 74.22
1654311610, 267, 0, 1, 0, 0, 0.15%, 0, 0, 1, 73.66
1654311615, 270, 0, 1, 0, 0, 0.15%, 0, 0, 1, 73.34
1654311621, 273, 0, 1, 0, 0, 0.15%, 0, 0, 1, 73.01
1654311626, 276, 0, 1, 0, 0, 0.15%, 0, 0, 1, 74.06
1654311631, 279, 0, 1, 0, 0, 0.15%, 0, 0, 1, 71.89
1654311636, 282, 0, 1, 0, 0, 0.15%, 0, 0, 1, 73.51
1654311641, 284, 0, 1, 0, 0, 0.15%, 0, 0, 1, 73.12
1654311646, 287, 0, 1, 0, 0, 0.15%, 0, 0, 1, 73.53
1654311651, 290, 0, 1, 0, 0, 0.15%, 0, 0, 1, 73.09
1654311657, 293, 0, 1, 0, 0, 0.15%, 0, 0, 1, 72.50
1654311662, 296, 0, 1, 0, 0, 0.15%, 0, 0, 1, 74.37
1654311667, 299, 0, 1, 0, 0, 0.15%, 0, 0, 1, 73.93
1654311672, 302, 0, 1, 0, 0, 0.15%, 0, 0, 1, 73.45
1654311677, 305, 0, 1, 0, 0, 0.15%, 0, 0, 1, 72.86
1654311682, 308, 0, 1, 0, 0, 0.15%, 0, 0, 1, 73.62
1654311687, 311, 0, 1, 0, 0, 0.15%, 0, 0, 1, 71.82
1654311693, 314, 0, 1, 0, 0, 0.15%, 0, 0, 1, 73.18
1654311698, 317, 0, 1, 0, 0, 0.15%, 0, 0, 1, 73.48
1654311703, 320, 0, 1, 0, 0, 0.15%, 0, 0, 1, 72.80
1654311710, 321, 0, 1, 0, 0, 0.15%, 0, 1, 1, 1.76
1654311715, 324, 0, 1, 0, 0, 0.15%, 0, 1, 1, 74.17
1654311722, 325, 0, 1, 0, 0, 0.15%, 0, 1, 1, 2.33
1654311727, 328, 0, 1, 0, 0, 0.15%, 0, 1, 1, 74.70
1654311732, 331, 0, 1, 0, 0, 0.15%, 0, 1, 1, 74.11
1654311741, 333, 0, 1, 0, 0, 0.15%, 0, 1, 1, 1.37
1654311747, 336, 0, 1, 0, 0, 0.15%, 0, 1, 1, 74.43
1654311753, 337, 0, 1, 0, 0, 0.15%, 0, 1, 1, 0.20
1654311758, 340, 0, 1, 0, 0, 0.15%, 0, 1, 1, 83.35
1654311763, 343, 0, 1, 0, 0, 0.15%, 0, 1, 1, 74.44
1654311768, 346, 0, 1, 0, 0, 0.15%, 0, 1, 1, 74.74
1654311773, 349, 0, 1, 0, 0, 0.15%, 0, 1, 1, 73.39
1654311778, 352, 0, 1, 0, 0, 0.15%, 0, 1, 1, 73.91
1654311784, 355, 0, 1, 0, 0, 0.15%, 0, 1, 1, 73.78
1654311790, 356, 0, 1, 0, 0, 0.15%, 0, 2, 1, 2.51
1654311795, 359, 0, 1, 0, 0, 0.15%, 0, 2, 1, 75.55
1654311805, 361, 0, 1, 0, 0, 0.15%, 0, 2, 1, 2.33
1654311810, 362, 0, 1, 0, 0, 0.15%, 0, 2, 1, 2.50
1654311815, 375, 0, 1, 0, 0, 0.15%, 0, 2, 1, 330.98
1654311824, 381, 0, 1, 0, 0, 0.15%, 0, 2, 1, 6.29
1654311829, 388, 0, 1, 0, 0, 0.15%, 0, 2, 1, 185.43
1654311836, 394, 0, 1, 0, 0, 0.15%, 0, 2, 1, 11.61
1654311842, 395, 0, 1, 0, 0, 0.15%, 0, 2, 1, 5.51
1654311849, 402, 0, 1, 0, 0, 0.15%, 0, 2, 1, 7.05
1654311855, 410, 0, 1, 0, 0, 0.15%, 0, 2, 1, 190.08
1654311861, 413, 0, 1, 0, 0, 0.15%, 0, 2, 1, 1.59
1654311868, 415, 0, 1, 0, 0, 0.15%, 0, 2, 1, 5.83
1654311873, 427, 0, 1, 0, 0, 0.15%, 0, 2, 1, 290.08
1654311878, 437, 0, 1, 0, 0, 0.15%, 0, 2, 1, 230.21
1654311894, 440, 0, 1, 0, 0, 0.15%, 0, 2, 1, 7.06
1654311900, 441, 0, 1, 0, 0, 0.15%, 0, 2, 1, 8.20
1654311905, 442, 0, 1, 0, 0, 0.15%, 0, 2, 1, 6.09
1654311912, 448, 0, 1, 0, 0, 0.15%, 0, 2, 1, 4.15
1654311920, 455, 0, 1, 0, 0, 0.15%, 0, 2, 1, 7.03
1654311926, 459, 0, 1, 0, 0, 0.15%, 0, 2, 1, 12.54
1654311931, 468, 0, 1, 0, 0, 0.15%, 0, 2, 1, 255.37
1654311936, 476, 0, 1, 0, 0, 0.15%, 0, 2, 1, 198.67
1654311943, 479, 0, 1, 0, 0, 0.15%, 0, 2, 1, 6.29
1654311949, 481, 0, 1, 0, 0, 0.15%, 0, 2, 1, 8.19
1654311956, 486, 0, 1, 0, 0, 0.15%, 0, 2, 1, 8.77
1654311966, 496, 0, 1, 0, 0, 0.15%, 0, 2, 1, 11.23
1654311975, 504, 0, 1, 0, 0, 0.15%, 0, 2, 1, 9.34
1654311982, 507, 0, 1, 0, 0, 0.15%, 0, 2, 1, 6.28
1654311990, 517, 0, 1, 0, 0, 0.15%, 0, 2, 1, 6.87
1654311996, 520, 0, 1, 0, 0, 0.15%, 0, 2, 1, 4.14
1654312001, 532, 0, 1, 0, 0, 0.15%, 0, 2, 1, 299.99
1654312006, 544, 0, 1, 0, 0, 0.15%, 0, 2, 1, 323.25
1654312014, 548, 0, 1, 0, 0, 0.15%, 0, 2, 1, 10.62
1654312019, 559, 0, 1, 0, 0, 0.15%, 0, 2, 1, 271.17
1654312025, 564, 0, 1, 0, 0, 0.15%, 0, 2, 1, 11.23
1654312030, 573, 0, 1, 0, 0, 0.15%, 0, 2, 1, 249.51
1654312039, 579, 0, 1, 0, 0, 0.15%, 0, 2, 1, 5.46
1654312044, 591, 0, 1, 0, 0, 0.15%, 0, 2, 1, 289.93
1654312049, 601, 0, 1, 0, 0, 0.15%, 0, 2, 1, 291.94
1654312055, 604, 0, 1, 0, 0, 0.15%, 0, 2, 1, 4.74
1654312060, 613, 0, 1, 0, 0, 0.15%, 0, 2, 1, 241.16
1654312071, 616, 0, 1, 0, 0, 0.15%, 0, 2, 1, 1.39
1654312077, 619, 0, 1, 0, 0, 0.15%, 0, 2, 1, 9.72
1654312083, 626, 0, 1, 0, 0, 0.15%, 0, 2, 1, 187.69
1654312091, 632, 0, 1, 0, 0, 0.15%, 0, 2, 1, 7.81
1654312101, 641, 0, 1, 0, 0, 0.15%, 0, 2, 1, 10.10
1654312106, 648, 0, 1, 0, 0, 0.15%, 0, 2, 1, 187.89
1654312113, 651, 0, 1, 0, 0, 0.15%, 0, 2, 1, 1.19
1654312118, 658, 0, 1, 0, 0, 0.15%, 0, 2, 1, 179.65
1654312123, 665, 0, 1, 0, 0, 0.15%, 0, 2, 1, 179.46
1654312130, 669, 0, 1, 0, 0, 0.15%, 0, 2, 1, 4.73
1654312135, 682, 0, 1, 0, 0, 0.15%, 0, 2, 1, 299.93
1654312140, 690, 0, 1, 0, 0, 0.15%, 0, 2, 1, 219.74
1654312148, 694, 0, 1, 0, 0, 0.15%, 0, 2, 1, 2.95
1654312153, 706, 0, 1, 0, 0, 0.15%, 0, 2, 1, 319.09
1654312159, 710, 0, 1, 0, 0, 0.15%, 0, 2, 1, 2.38
1654312164, 717, 0, 1, 0, 0, 0.15%, 0, 2, 1, 195.30
1654312174, 728, 0, 1, 0, 0, 0.15%, 0, 2, 1, 12.52
1654312182, 736, 0, 1, 0, 0, 0.15%, 0, 2, 1, 1.00
1654312191, 744, 0, 1, 0, 0, 0.15%, 0, 2, 1, 9.34
1654312197, 745, 0, 1, 0, 0, 0.15%, 0, 2, 1, 3.53
1654312203, 759, 0, 1, 0, 0, 0.15%, 0, 2, 1, 335.64
1654312208, 767, 0, 1, 0, 0, 0.15%, 0, 2, 1, 230.17
1654312213, 775, 0, 1, 0, 0, 0.15%, 0, 2, 1, 189.32
1654312220, 781, 0, 1, 0, 0, 0.15%, 0, 2, 1, 5.90
1654312225, 792, 0, 1, 0, 0, 0.15%, 0, 2, 1, 265.89
1654312230, 799, 0, 1, 0, 0, 0.15%, 0, 2, 1, 199.09
1654312239, 806, 0, 1, 0, 0, 0.15%, 0, 2, 1, 14.01
1654312244, 818, 0, 1, 0, 0, 0.15%, 0, 2, 1, 301.24
1654312254, 826, 0, 1, 0, 0, 0.15%, 0, 2, 1, 200.02
1654312260, 838, 0, 1, 0, 0, 0.15%, 0, 2, 1, 298.03
1654312270, 845, 0, 1, 0, 0, 0.15%, 0, 2, 1, 179.25
1654312275, 846, 0, 1, 0, 0, 0.15%, 0, 2, 1, 3.53
1654312283, 853, 0, 1, 0, 0, 0.15%, 0, 2, 1, 6.94
1654312289, 855, 0, 1, 0, 0, 0.15%, 0, 2, 1, 4.11
1654312296, 857, 0, 1, 0, 0, 0.15%, 0, 2, 1, 4.68
1654312303, 861, 0, 1, 0, 0, 0.15%, 0, 2, 1, 4.68
