# unix_time, cycles_done, cur_path, paths_total, pending_total, pending_favs, map_size, unique_crashes, unique_hangs, max_depth, execs_per_sec
1619742239, 0, 0, 4, 4, 3, 31.63%, 0, 0, 1, 16.51
1619742244, 0, 0, 6, 6, 3, 32.31%, 0, 0, 2, 17.02
1619742249, 0, 0, 9, 9, 3, 32.62%, 0, 0, 2, 16.96
1619742254, 0, 0, 11, 11, 3, 32.62%, 0, 0, 2, 16.07
1619742259, 0, 0, 16, 16, 3, 32.62%, 0, 0, 2, 16.88
1619742264, 0, 0, 20, 20, 3, 32.62%, 0, 0, 2, 17.04
1619742270, 0, 0, 22, 22, 3, 32.62%, 0, 0, 2, 16.85
1619742275, 0, 0, 24, 24, 3, 32.62%, 0, 0, 2, 16.97
1619742280, 0, 0, 26, 26, 3, 32.62%, 0, 0, 2, 16.71
1619742285, 0, 0, 27, 27, 3, 32.62%, 0, 0, 2, 16.51
1619742290, 0, 0, 28, 28, 3, 32.62%, 0, 0, 2, 16.98
1619742295, 0, 0, 30, 30, 3, 32.62%, 0, 0, 2, 17.03
1619742300, 0, 0, 31, 31, 3, 32.62%, 0, 0, 2, 16.70
1619742306, 0, 0, 34, 34, 3, 32.62%, 0, 0, 2, 16.91
1619742311, 0, 0, 36, 36, 3, 32.62%, 0, 0, 2, 16.82
1619742316, 0, 0, 38, 38, 3, 32.62%, 0, 0, 2, 16.36
1619742321, 0, 0, 39, 39, 3, 32.62%, 0, 0, 2, 17.23
1619742326, 0, 0, 41, 41, 3, 32.62%, 0, 0, 2, 17.22
1619742331, 0, 0, 42, 42, 3, 32.62%, 0, 0, 2, 16.87
1619742336, 0, 0, 43, 43, 3, 32.62%, 0, 0, 2, 17.11
1619742346, 0, 0, 45, 45, 3, 32.62%, 0, 0, 2, 16.59
1619742351, 0, 0, 47, 47, 3, 32.62%, 0, 0, 2, 17.11
1619742357, 0, 0, 48, 48, 3, 32.62%, 0, 0, 2, 17.01
1619742362, 0, 0, 49, 49, 3, 32.62%, 0, 0, 2, 17.09
1619742372, 0, 0, 50, 50, 3, 32.62%, 0, 0, 2, 17.53
1619742377, 0, 0, 51, 51, 3, 32.62%, 0, 0, 2, 16.80
1619742382, 0, 0, 53, 53, 3, 32.62%, 0, 0, 2, 16.77
1619742392, 0, 0, 55, 55, 3, 32.62%, 0, 0, 2, 16.84
1619742397, 0, 0, 56, 56, 3, 32.62%, 0, 0, 2, 16.86
1619742402, 0, 0, 57, 57, 3, 32.62%, 0, 0, 2, 16.62
1619742407, 0, 0, 59, 59, 3, 32.62%, 0, 0, 2, 16.86
1619742413, 0, 0, 60, 60, 3, 32.62%, 0, 0, 2, 17.31
1619742418, 0, 0, 61, 61, 3, 32.62%, 0, 0, 2, 17.33
1619742423, 0, 0, 62, 62, 3, 32.62%, 0, 0, 2, 17.15
1619742428, 0, 0, 63, 63, 3, 32.62%, 0, 0, 2, 16.96
1619742433, 0, 0, 64, 64, 3, 32.62%, 0, 0, 2, 16.87
1619742438, 0, 0, 65, 65, 3, 32.62%, 0, 0, 2, 17.20
1619742448, 0, 0, 66, 66, 3, 32.62%, 0, 0, 2, 17.96
1619742453, 0, 0, 67, 67, 3, 32.62%, 0, 0, 2, 16.98
1619742458, 0, 0, 69, 69, 3, 32.62%, 0, 0, 2, 16.69
1619742468, 0, 0, 70, 70, 3, 32.62%, 0, 0, 2, 17.05
1619742474, 0, 0, 71, 71, 3, 32.62%, 0, 0, 2, 16.85
1619742484, 0, 0, 72, 72, 3, 32.62%, 0, 0, 2, 17.09
1619742489, 0, 0, 74, 74, 3, 32.62%, 0, 0, 2, 16.96
1619742504, 0, 0, 75, 75, 3, 32.62%, 0, 0, 2, 17.04
1619742509, 0, 0, 76, 76, 3, 32.62%, 0, 0, 2, 17.09
1619742514, 0, 0, 77, 77, 3, 32.62%, 0, 0, 2, 17.15
1619742519, 0, 0, 78, 78, 3, 32.62%, 0, 0, 2, 16.98
1619742524, 0, 0, 80, 80, 3, 32.62%, 0, 0, 2, 17.11
1619742535, 0, 0, 82, 82, 3, 32.62%, 0, 0, 2, 16.85
1619742540, 0, 0, 84, 84, 3, 32.62%, 0, 0, 2, 17.00
1619742545, 0, 0, 85, 85, 3, 32.64%, 0, 0, 2, 16.95
1619742550, 0, 0, 86, 86, 3, 32.66%, 0, 0, 2, 16.52
1619742555, 0, 0, 88, 88, 3, 32.66%, 0, 0, 2, 20.36
1619742560, 0, 0, 89, 89, 3, 32.66%, 0, 0, 2, 17.69
1619742565, 0, 0, 90, 90, 3, 32.66%, 0, 0, 2, 17.06
1619742570, 0, 0, 91, 91, 3, 32.66%, 0, 0, 2, 17.13
1619742576, 0, 0, 92, 92, 3, 32.66%, 0, 0, 2, 17.02
1619742586, 0, 0, 94, 94, 3, 32.66%, 0, 0, 2, 17.00
1619742591, 0, 0, 95, 95, 3, 32.66%, 0, 0, 2, 17.16
1619742601, 0, 0, 98, 98, 3, 32.66%, 0, 0, 2, 16.86
1619742606, 0, 0, 100, 100, 3, 32.66%, 0, 0, 2, 16.81
1619742617, 0, 0, 101, 101, 3, 32.66%, 0, 0, 2, 16.91
1619742622, 0, 0, 103, 103, 3, 32.66%, 0, 0, 2, 17.08
1619742627, 0, 0, 105, 105, 3, 32.66%, 0, 0, 2, 17.17
1619742632, 0, 0, 106, 106, 3, 32.66%, 0, 0, 2, 16.87
1619742637, 0, 0, 107, 107, 3, 32.66%, 0, 0, 2, 17.03
1619742642, 0, 0, 112, 112, 3, 32.66%, 0, 0, 2, 16.87
1619742648, 0, 0, 115, 115, 3, 32.66%, 0, 0, 2, 16.97
1619742653, 0, 0, 117, 117, 3, 32.66%, 0, 0, 2, 16.89
1619742658, 0, 0, 118, 118, 3, 32.66%, 0, 0, 2, 16.71
1619742663, 0, 0, 119, 119, 3, 32.66%, 0, 0, 2, 16.65
1619742668, 0, 0, 121, 121, 3, 32.66%, 0, 0, 2, 17.11
1619742673, 0, 0, 122, 122, 3, 32.66%, 0, 0, 2, 16.83
1619742678, 0, 0, 123, 123, 3, 32.66%, 0, 0, 2, 17.01
1619742683, 0, 0, 125, 125, 3, 32.66%, 0, 0, 2, 17.02
1619742689, 0, 0, 127, 127, 3, 32.66%, 0, 0, 2, 16.55
1619742694, 0, 0, 129, 129, 3, 32.66%, 0, 0, 2, 16.60
1619742709, 0, 0, 131, 131, 3, 32.66%, 0, 0, 2, 17.11
1619742714, 0, 0, 133, 133, 3, 32.66%, 0, 0, 2, 16.88
1619742719, 0, 0, 136, 136, 3, 32.66%, 0, 0, 2, 16.81
1619742734, 0, 0, 137, 137, 3, 32.66%, 0, 0, 2, 16.81
1619742739, 0, 0, 138, 138, 3, 32.66%, 0, 0, 2, 17.09
1619742744, 0, 0, 139, 139, 3, 32.66%, 0, 0, 2, 16.95
1619742749, 0, 0, 140, 140, 3, 32.66%, 0, 0, 2, 16.81
1619742755, 0, 0, 141, 141, 3, 32.66%, 0, 0, 2, 16.91
1619742765, 0, 0, 142, 142, 3, 32.66%, 0, 0, 2, 16.73
1619742770, 0, 0, 144, 144, 3, 32.66%, 0, 0, 2, 16.87
1619742775, 0, 0, 145, 145, 3, 32.66%, 0, 0, 2, 17.22
1619742780, 0, 0, 148, 148, 3, 32.66%, 0, 0, 2, 17.05
1619742785, 0, 0, 149, 149, 3, 32.66%, 0, 0, 2, 17.22
1619742795, 0, 0, 150, 150, 3, 32.66%, 0, 0, 2, 10.66
1619742806, 0, 0, 151, 151, 3, 32.66%, 0, 0, 2, 17.17
1619742816, 0, 0, 152, 152, 3, 32.66%, 0, 0, 2, 17.42
1619742826, 0, 0, 153, 153, 3, 32.66%, 0, 0, 2, 17.28
1619742842, 0, 0, 155, 155, 3, 32.66%, 0, 0, 2, 16.89
1619742847, 0, 0, 157, 157, 3, 32.66%, 0, 0, 2, 16.97
1619742867, 0, 0, 158, 158, 3, 32.66%, 0, 0, 2, 17.13
1619742882, 0, 0, 159, 159, 3, 32.66%, 0, 0, 2, 17.13
1619742887, 0, 0, 160, 160, 3, 32.66%, 0, 0, 2, 17.06
1619742893, 0, 0, 161, 161, 3, 32.66%, 0, 0, 2, 16.92
1619742908, 0, 0, 162, 162, 3, 32.66%, 0, 0, 2, 16.96
1619742913, 0, 0, 163, 163, 3, 32.66%, 0, 0, 2, 17.17
1619742939, 0, 0, 164, 164, 3, 32.66%, 0, 0, 2, 17.01
1619742949, 0, 0, 165, 165, 3, 32.66%, 0, 0, 2, 17.16
1619742954, 0, 0, 166, 166, 3, 32.66%, 0, 0, 2, 17.15
1619742959, 0, 0, 167, 167, 3, 32.66%, 0, 0, 2, 17.01
1619742964, 0, 0, 168, 168, 3, 32.66%, 0, 0, 2, 17.46
1619742969, 0, 0, 169, 169, 3, 32.66%, 0, 0, 2, 17.49
1619742984, 0, 0, 170, 170, 3, 32.66%, 0, 0, 2, 17.12
1619742989, 0, 0, 171, 171, 3, 32.66%, 0, 0, 2, 17.00
1619743000, 0, 0, 172, 172, 3, 32.66%, 0, 0, 2, 17.19
1619743005, 0, 0, 173, 173, 3, 32.66%, 0, 0, 2, 17.21
1619743010, 0, 0, 174, 174, 3, 32.66%, 0, 0, 2, 17.24
1619743020, 0, 0, 175, 175, 3, 32.66%, 0, 0, 2, 17.34
1619743025, 0, 0, 177, 177, 3, 32.66%, 0, 0, 2, 17.08
1619743040, 0, 0, 179, 179, 3, 32.66%, 0, 0, 2, 17.08
1619743045, 0, 0, 180, 180, 3, 32.66%, 0, 0, 2, 17.28
1619743055, 0, 0, 181, 181, 3, 32.66%, 0, 0, 2, 17.19
1619743061, 0, 0, 182, 182, 3, 32.66%, 0, 0, 2, 16.69
1619743066, 0, 0, 183, 183, 3, 32.66%, 0, 0, 2, 17.22
1619743076, 0, 0, 184, 184, 3, 32.66%, 0, 0, 2, 16.89
1619743091, 0, 0, 185, 185, 3, 32.66%, 0, 0, 2, 16.89
1619743096, 0, 0, 187, 187, 3, 32.67%, 0, 0, 2, 17.48
1619743101, 0, 0, 188, 188, 3, 32.67%, 0, 0, 2, 17.38
1619743122, 0, 0, 189, 189, 3, 32.67%, 0, 0, 2, 16.80
1619743132, 0, 0, 190, 190, 3, 32.67%, 0, 0, 2, 17.30
1619743152, 0, 0, 192, 192, 3, 32.67%, 0, 0, 2, 16.74
1619743162, 0, 0, 193, 193, 3, 32.67%, 0, 0, 2, 16.80
1619743168, 0, 0, 194, 194, 3, 32.67%, 0, 0, 2, 16.58
1619743193, 0, 0, 195, 195, 3, 32.67%, 0, 0, 2, 17.06
1619743203, 0, 0, 196, 196, 3, 32.67%, 0, 0, 2, 17.03
1619743213, 0, 0, 197, 197, 3, 32.67%, 0, 0, 2, 17.12
1619743219, 0, 0, 198, 198, 3, 32.67%, 0, 0, 2, 16.74
1619743229, 0, 0, 199, 199, 3, 32.67%, 0, 0, 2, 17.05
1619743234, 0, 0, 200, 200, 3, 32.67%, 0, 0, 2, 16.76
1619743244, 0, 0, 203, 203, 3, 32.67%, 0, 0, 2, 17.02
1619743249, 0, 0, 205, 205, 3, 32.67%, 0, 0, 2, 16.84
1619743254, 0, 0, 206, 206, 3, 32.67%, 0, 0, 2, 17.17
1619743259, 0, 0, 207, 207, 3, 32.67%, 0, 0, 2, 17.14
1619743269, 0, 0, 209, 209, 3, 32.67%, 0, 0, 2, 17.04
1619743280, 0, 0, 210, 210, 3, 32.67%, 0, 0, 2, 17.07
1619743285, 0, 0, 211, 211, 3, 32.67%, 0, 0, 2, 17.25
1619743295, 0, 0, 212, 212, 3, 32.67%, 0, 0, 2, 16.64
1619743305, 0, 0, 214, 214, 3, 32.67%, 0, 0, 2, 17.17
1619743320, 0, 0, 216, 216, 3, 32.67%, 0, 0, 2, 17.19
1619743325, 0, 0, 217, 217, 3, 32.67%, 0, 0, 2, 17.10
1619743341, 0, 0, 218, 218, 3, 32.67%, 0, 0, 2, 16.95
1619743356, 0, 0, 219, 219, 3, 32.67%, 0, 0, 2, 16.96
1619743361, 0, 0, 220, 220, 3, 32.67%, 0, 0, 2, 17.23
1619743387, 0, 0, 221, 221, 3, 32.67%, 0, 0, 2, 16.98
1619743412, 0, 0, 222, 222, 3, 32.67%, 0, 0, 2, 16.65
1619743428, 0, 0, 223, 223, 3, 32.67%, 0, 0, 2, 17.07
1619743433, 0, 0, 224, 224, 3, 33.07%, 0, 0, 2, 16.96
1619743438, 0, 0, 225, 225, 3, 33.13%, 0, 0, 2, 16.93
