# unix_time, cycles_done, cur_path, paths_total, pending_total, pending_favs, map_size, unique_crashes, unique_hangs, max_depth, execs_per_sec
1621531322, 0, 0, 7, 7, 2, 3.39%, 0, 0, 1, 2.13
1621531328, 0, 2, 7, 7, 2, 3.39%, 0, 0, 1, 2.00
1621531586, 0, 2, 8, 8, 2, 3.39%, 0, 0, 2, 3.82
1621531627, 0, 2, 9, 9, 2, 3.39%, 0, 0, 2, 3.98
1621531642, 0, 2, 10, 10, 2, 3.40%, 0, 0, 2, 5.05
1621532068, 0, 2, 11, 11, 2, 3.40%, 0, 0, 2, 4.28
1621532104, 0, 2, 13, 13, 2, 3.40%, 0, 0, 2, 4.05
1621532244, 0, 6, 13, 12, 3, 3.40%, 0, 0, 2, 4.05
1621532260, 0, 6, 17, 16, 3, 3.40%, 0, 0, 2, 15.44
1621532485, 0, 6, 18, 17, 3, 3.40%, 0, 0, 2, 262.97
