# unix_time, cycles_done, cur_path, paths_total, pending_total, pending_favs, map_size, unique_crashes, unique_hangs, max_depth, execs_per_sec
1621241818, 0, 0, 5, 5, 1, 1.08%, 0, 0, 1, 14.04
1621241823, 0, 1, 5, 5, 1, 1.08%, 0, 0, 1, 14.23
1621241900, 0, 2, 5, 4, 0, 1.08%, 0, 0, 1, 27.78
1621241952, 0, 3, 5, 3, 0, 1.08%, 0, 0, 1, 27.98
1621242004, 0, 4, 5, 2, 0, 1.08%, 0, 0, 1, 27.92
1621242055, 1, 0, 5, 1, 0, 1.08%, 0, 0, 1, 27.71
1621242251, 1, 1, 5, 0, 0, 1.08%, 0, 0, 1, 27.79
1621242256, 2, 2, 5, 0, 0, 1.08%, 0, 0, 1, 27.76
1621242262, 3, 3, 5, 0, 0, 1.08%, 0, 0, 1, 27.74
1621242267, 4, 3, 5, 0, 0, 1.08%, 0, 0, 1, 27.77
1621242272, 5, 4, 5, 0, 0, 1.08%, 0, 0, 1, 27.91
1621242277, 7, 0, 5, 0, 0, 1.08%, 0, 0, 1, 27.82
1621242282, 8, 1, 5, 0, 0, 1.08%, 0, 0, 1, 27.83
1621242287, 9, 1, 5, 0, 0, 1.08%, 0, 0, 1, 27.83
1621242293, 10, 2, 5, 0, 0, 1.08%, 0, 0, 1, 27.87
1621242298, 11, 3, 5, 0, 0, 1.08%, 0, 0, 1, 27.82
1621242303, 12, 4, 5, 0, 0, 1.08%, 0, 0, 1, 27.92
1621242308, 13, 4, 5, 0, 0, 1.08%, 0, 0, 1, 27.81
1621242313, 15, 0, 5, 0, 0, 1.08%, 0, 0, 1, 27.84
1621242319, 16, 1, 5, 0, 0, 1.08%, 0, 0, 1, 27.75
1621242324, 17, 2, 5, 0, 0, 1.08%, 0, 0, 1, 27.82
1621242329, 18, 2, 5, 0, 0, 1.08%, 0, 0, 1, 27.78
1621242334, 19, 3, 5, 0, 0, 1.08%, 0, 0, 1, 27.34
1621242339, 20, 4, 5, 0, 0, 1.08%, 0, 0, 1, 27.77
1621242344, 22, 0, 5, 0, 0, 1.08%, 0, 0, 1, 27.80
1621242350, 23, 0, 5, 0, 0, 1.08%, 0, 0, 1, 27.84
1621242355, 24, 1, 5, 0, 0, 1.08%, 0, 0, 1, 27.88
1621242360, 25, 2, 5, 0, 0, 1.08%, 0, 0, 1, 27.91
1621242365, 26, 3, 5, 0, 0, 1.08%, 0, 0, 1, 27.93
1621242370, 27, 3, 5, 0, 0, 1.08%, 0, 0, 1, 28.00
1621242375, 28, 4, 5, 0, 0, 1.08%, 0, 0, 1, 27.93
1621242380, 30, 0, 5, 0, 0, 1.08%, 0, 0, 1, 27.96
1621242386, 31, 1, 5, 0, 0, 1.08%, 0, 0, 1, 27.87
1621242391, 32, 1, 5, 0, 0, 1.08%, 0, 0, 1, 27.89
1621242396, 33, 2, 5, 0, 0, 1.08%, 0, 0, 1, 27.83
1621242401, 34, 3, 5, 0, 0, 1.08%, 0, 0, 1, 27.91
1621242406, 35, 4, 5, 0, 0, 1.08%, 0, 0, 1, 27.88
1621242412, 36, 4, 5, 0, 0, 1.08%, 0, 0, 1, 27.82
1621242417, 38, 0, 5, 0, 0, 1.08%, 0, 0, 1, 27.56
1621242422, 39, 1, 5, 0, 0, 1.08%, 0, 0, 1, 27.75
1621242427, 40, 1, 5, 0, 0, 1.08%, 0, 0, 1, 27.91
1621242432, 41, 2, 5, 0, 0, 1.08%, 0, 0, 1, 27.89
1621242437, 42, 2, 5, 0, 0, 1.08%, 0, 0, 1, 24.69
1621242442, 43, 3, 5, 0, 0, 1.08%, 0, 0, 1, 27.16
1621242447, 44, 4, 5, 0, 0, 1.08%, 0, 0, 1, 27.70
1621242453, 45, 4, 5, 0, 0, 1.08%, 0, 0, 1, 27.82
1621242458, 47, 0, 5, 0, 0, 1.08%, 0, 0, 1, 27.82
1621242463, 48, 1, 5, 0, 0, 1.08%, 0, 0, 1, 27.80
1621242468, 49, 2, 5, 0, 0, 1.08%, 0, 0, 1, 27.91
1621242473, 50, 2, 5, 0, 0, 1.08%, 0, 0, 1, 27.97
1621242478, 51, 3, 5, 0, 0, 1.08%, 0, 0, 1, 27.93
1621242484, 52, 4, 5, 0, 0, 1.08%, 0, 0, 1, 27.90
1621242489, 54, 0, 5, 0, 0, 1.08%, 0, 0, 1, 27.90
1621242494, 55, 1, 5, 0, 0, 1.08%, 0, 0, 1, 27.92
1621242499, 56, 1, 5, 0, 0, 1.08%, 0, 0, 1, 27.86
1621242504, 57, 2, 5, 0, 0, 1.08%, 0, 0, 1, 27.77
1621242509, 58, 3, 5, 0, 0, 1.08%, 0, 0, 1, 27.76
1621242515, 59, 4, 5, 0, 0, 1.08%, 0, 0, 1, 27.85
1621242520, 60, 4, 5, 0, 0, 1.08%, 0, 0, 1, 27.84
1621242525, 62, 0, 5, 0, 0, 1.08%, 0, 0, 1, 27.83
1621242530, 63, 1, 5, 0, 0, 1.08%, 0, 0, 1, 27.88
1621242535, 64, 2, 5, 0, 0, 1.08%, 0, 0, 1, 27.93
1621242540, 65, 2, 5, 0, 0, 1.08%, 0, 0, 1, 27.83
1621242546, 66, 3, 5, 0, 0, 1.08%, 0, 0, 1, 27.95
1621242551, 67, 4, 5, 0, 0, 1.08%, 0, 0, 1, 27.88
1621242556, 69, 0, 5, 0, 0, 1.08%, 0, 0, 1, 27.85
1621242561, 70, 0, 5, 0, 0, 1.08%, 0, 0, 1, 27.93
1621242566, 71, 1, 5, 0, 0, 1.08%, 0, 0, 1, 27.86
1621242571, 72, 2, 5, 0, 0, 1.08%, 0, 0, 1, 27.89
1621242577, 73, 3, 5, 0, 0, 1.08%, 0, 0, 1, 27.90
1621242582, 74, 3, 5, 0, 0, 1.08%, 0, 0, 1, 27.96
1621242587, 75, 4, 5, 0, 0, 1.08%, 0, 0, 1, 27.98
1621242592, 77, 0, 5, 0, 0, 1.08%, 0, 0, 1, 27.90
1621242597, 78, 1, 5, 0, 0, 1.08%, 0, 0, 1, 27.93
1621242602, 79, 1, 5, 0, 0, 1.08%, 0, 0, 1, 27.92
1621242607, 80, 2, 5, 0, 0, 1.08%, 0, 0, 1, 27.74
1621242613, 81, 3, 5, 0, 0, 1.08%, 0, 0, 1, 27.92
1621242618, 82, 4, 5, 0, 0, 1.08%, 0, 0, 1, 27.94
1621242623, 83, 4, 5, 0, 0, 1.08%, 0, 0, 1, 27.89
1621242628, 85, 0, 5, 0, 0, 1.08%, 0, 0, 1, 27.81
1621242633, 86, 1, 5, 0, 0, 1.08%, 0, 0, 1, 27.90
1621242638, 87, 2, 5, 0, 0, 1.08%, 0, 0, 1, 27.86
1621242644, 88, 2, 5, 0, 0, 1.08%, 0, 0, 1, 27.83
1621242649, 89, 3, 5, 0, 0, 1.08%, 0, 0, 1, 27.74
1621242654, 90, 4, 5, 0, 0, 1.08%, 0, 0, 1, 27.86
1621242659, 92, 0, 5, 0, 0, 1.08%, 0, 0, 1, 27.91
1621242664, 93, 0, 5, 0, 0, 1.08%, 0, 0, 1, 27.73
1621242670, 94, 1, 5, 0, 0, 1.08%, 0, 0, 1, 27.64
1621242675, 95, 2, 5, 0, 0, 1.08%, 0, 0, 1, 27.73
1621242680, 96, 3, 5, 0, 0, 1.08%, 0, 0, 1, 27.73
1621242685, 97, 3, 5, 0, 0, 1.08%, 0, 0, 1, 27.67
1621242690, 98, 4, 5, 0, 0, 1.08%, 0, 0, 1, 27.73
1621242695, 100, 0, 5, 0, 0, 1.08%, 0, 0, 1, 27.71
1621242701, 101, 1, 5, 0, 0, 1.08%, 0, 0, 1, 27.84
1621242706, 102, 2, 5, 0, 0, 1.08%, 0, 0, 1, 27.83
1621242711, 103, 2, 5, 0, 0, 1.08%, 0, 0, 1, 27.85
1621242716, 104, 3, 5, 0, 0, 1.08%, 0, 0, 1, 27.89
1621242721, 105, 4, 5, 0, 0, 1.08%, 0, 0, 1, 27.82
1621242727, 107, 0, 5, 0, 0, 1.08%, 0, 0, 1, 27.71
1621242732, 108, 0, 5, 0, 0, 1.08%, 0, 0, 1, 27.71
1621242737, 109, 1, 5, 0, 0, 1.08%, 0, 0, 1, 27.74
1621242742, 110, 2, 5, 0, 0, 1.08%, 0, 0, 1, 27.71
1621242747, 111, 3, 5, 0, 0, 1.08%, 0, 0, 1, 27.66
1621242752, 112, 3, 5, 0, 0, 1.08%, 0, 0, 1, 27.46
1621242757, 113, 4, 5, 0, 0, 1.08%, 0, 0, 1, 27.64
1621242762, 114, 4, 5, 0, 0, 1.08%, 0, 0, 1, 27.60
1621242768, 116, 0, 5, 0, 0, 1.08%, 0, 0, 1, 27.51
1621242773, 117, 1, 5, 0, 0, 1.08%, 0, 0, 1, 27.62
1621242778, 118, 1, 5, 0, 0, 1.08%, 0, 0, 1, 27.64
1621242783, 119, 2, 5, 0, 0, 1.08%, 0, 0, 1, 27.61
1621242788, 120, 3, 5, 0, 0, 1.08%, 0, 0, 1, 27.59
1621242793, 121, 3, 5, 0, 0, 1.08%, 0, 0, 1, 27.56
1621242798, 122, 4, 5, 0, 0, 1.08%, 0, 0, 1, 27.52
1621242803, 123, 4, 5, 0, 0, 1.08%, 0, 0, 1, 27.65
1621242809, 125, 0, 5, 0, 0, 1.08%, 0, 0, 1, 27.39
1621242814, 126, 1, 5, 0, 0, 1.08%, 0, 0, 1, 27.57
1621242819, 127, 2, 5, 0, 0, 1.08%, 0, 0, 1, 27.41
1621242824, 128, 2, 5, 0, 0, 1.08%, 0, 0, 1, 27.62
1621242829, 129, 3, 5, 0, 0, 1.08%, 0, 0, 1, 27.66
1621242838, 130, 3, 5, 0, 0, 1.08%, 0, 1, 1, 1.16
1621242844, 131, 3, 5, 0, 0, 1.08%, 0, 1, 1, 27.59
1621242849, 132, 4, 5, 0, 0, 1.08%, 0, 1, 1, 27.57
1621242854, 133, 4, 5, 0, 0, 1.08%, 0, 1, 1, 27.58
1621242859, 135, 0, 5, 0, 0, 1.08%, 0, 1, 1, 27.66
1621242864, 136, 1, 5, 0, 0, 1.08%, 0, 1, 1, 27.51
1621242869, 137, 2, 5, 0, 0, 1.08%, 0, 1, 1, 27.67
1621242874, 138, 2, 5, 0, 0, 1.08%, 0, 1, 1, 27.52
1621242879, 139, 3, 5, 0, 0, 1.08%, 0, 1, 1, 27.66
1621242884, 140, 3, 5, 0, 0, 1.08%, 0, 1, 1, 27.57
1621242890, 141, 4, 5, 0, 0, 1.08%, 0, 1, 1, 27.59
1621242895, 143, 0, 5, 0, 0, 1.08%, 0, 1, 1, 27.59
1621242900, 144, 1, 5, 0, 0, 1.08%, 0, 1, 1, 27.69
1621242905, 145, 1, 5, 0, 0, 1.08%, 0, 1, 1, 27.69
1621242910, 146, 2, 5, 0, 0, 1.08%, 0, 1, 1, 27.68
1621242916, 147, 3, 5, 0, 0, 1.08%, 0, 1, 1, 27.60
1621242923, 148, 0, 5, 0, 0, 1.08%, 0, 1, 1, 1.16
1621242928, 149, 1, 5, 0, 0, 1.08%, 0, 1, 1, 27.60
1621242933, 150, 2, 5, 0, 0, 1.08%, 0, 1, 1, 27.54
1621242938, 151, 2, 5, 0, 0, 1.08%, 0, 1, 1, 27.52
1621242943, 152, 3, 5, 0, 0, 1.08%, 0, 1, 1, 27.61
1621242948, 153, 4, 5, 0, 0, 1.08%, 0, 1, 1, 27.43
1621242953, 154, 4, 5, 0, 0, 1.08%, 0, 1, 1, 27.46
1621242961, 155, 2, 5, 0, 0, 1.08%, 0, 2, 1, 0.40
1621242966, 156, 3, 5, 0, 0, 1.08%, 0, 2, 1, 27.55
1621242971, 157, 3, 5, 0, 0, 1.08%, 0, 2, 1, 27.62
1621242976, 158, 4, 5, 0, 0, 1.08%, 0, 2, 1, 27.71
1621242982, 160, 0, 5, 0, 0, 1.08%, 0, 2, 1, 27.75
1621242987, 161, 1, 5, 0, 0, 1.08%, 0, 2, 1, 27.74
1621242992, 162, 1, 5, 0, 0, 1.08%, 0, 2, 1, 27.81
1621242997, 163, 2, 5, 0, 0, 1.08%, 0, 2, 1, 27.40
1621243002, 164, 3, 5, 0, 0, 1.08%, 0, 2, 1, 27.24
1621243007, 165, 3, 5, 0, 0, 1.08%, 0, 2, 1, 27.71
1621243014, 166, 0, 5, 0, 0, 1.08%, 0, 2, 1, 0.40
