# unix_time, cycles_done, cur_path, paths_total, pending_total, pending_favs, map_size, unique_crashes, unique_hangs, max_depth, execs_per_sec
1621223563, 0, 0, 5, 5, 1, 1.08%, 0, 0, 1, 12.87
1621223568, 0, 4, 5, 5, 1, 1.08%, 0, 0, 1, 13.05
1621223655, 1, 0, 5, 4, 0, 1.08%, 0, 0, 1, 23.23
1621223833, 1, 1, 5, 3, 0, 1.08%, 0, 0, 1, 24.09
1621223899, 1, 2, 5, 2, 0, 1.08%, 0, 0, 1, 24.02
1621223965, 1, 3, 5, 1, 0, 1.08%, 0, 0, 1, 23.85
1621224031, 1, 4, 5, 0, 0, 1.08%, 0, 0, 1, 23.67
1621224036, 2, 0, 5, 0, 0, 1.08%, 0, 0, 1, 23.83
1621224046, 2, 1, 5, 0, 0, 1.08%, 0, 0, 1, 23.71
1621224051, 2, 2, 5, 0, 0, 1.08%, 0, 0, 1, 23.85
1621224056, 2, 3, 5, 0, 0, 1.08%, 0, 0, 1, 23.51
1621224067, 3, 0, 5, 0, 0, 1.08%, 0, 0, 1, 23.77
1621224077, 3, 1, 5, 0, 0, 1.08%, 0, 0, 1, 23.97
1621224087, 3, 3, 5, 0, 0, 1.08%, 0, 0, 1, 23.82
1621224097, 3, 4, 5, 0, 0, 1.08%, 0, 0, 1, 23.96
1621224102, 4, 0, 5, 0, 0, 1.08%, 0, 0, 1, 23.92
1621224112, 4, 1, 5, 0, 0, 1.08%, 0, 0, 1, 23.89
1621224117, 4, 2, 5, 0, 0, 1.08%, 0, 0, 1, 24.07
1621224122, 4, 3, 5, 0, 0, 1.08%, 0, 0, 1, 24.03
1621224133, 4, 4, 5, 0, 0, 1.08%, 0, 0, 1, 23.82
1621224143, 5, 0, 5, 0, 0, 1.08%, 0, 0, 1, 23.80
1621224153, 5, 2, 5, 0, 0, 1.08%, 0, 0, 1, 23.71
1621224158, 5, 3, 5, 0, 0, 1.08%, 0, 0, 1, 23.69
1621224168, 5, 4, 5, 0, 0, 1.08%, 0, 0, 1, 23.93
1621224178, 6, 0, 5, 0, 0, 1.08%, 0, 0, 1, 23.54
1621224183, 6, 1, 5, 0, 0, 1.08%, 0, 0, 1, 23.61
1621224189, 6, 2, 5, 0, 0, 1.08%, 0, 0, 1, 23.84
1621224194, 6, 3, 5, 0, 0, 1.08%, 0, 0, 1, 23.84
1621224204, 6, 4, 5, 0, 0, 1.08%, 0, 0, 1, 23.91
1621224209, 7, 0, 5, 0, 0, 1.08%, 0, 0, 1, 23.96
1621224219, 7, 1, 5, 0, 0, 1.08%, 0, 0, 1, 23.89
1621224225, 7, 1, 5, 0, 0, 1.08%, 0, 1, 1, 0.78
1621224231, 7, 2, 5, 0, 0, 1.08%, 0, 1, 1, 22.21
1621224239, 7, 3, 5, 0, 0, 1.08%, 0, 1, 1, 0.59
1621224249, 7, 4, 5, 0, 0, 1.08%, 0, 1, 1, 23.53
1621224254, 8, 0, 5, 0, 0, 1.08%, 0, 1, 1, 23.79
1621224271, 8, 1, 5, 0, 0, 1.08%, 0, 1, 1, 24.22
1621224276, 8, 2, 5, 0, 0, 1.08%, 0, 1, 1, 23.92
1621224281, 8, 3, 5, 0, 0, 1.08%, 0, 1, 1, 24.44
1621224291, 8, 4, 5, 0, 0, 1.08%, 0, 1, 1, 23.55
1621224296, 9, 0, 5, 0, 0, 1.08%, 0, 1, 1, 24.29
1621224302, 9, 1, 5, 0, 0, 1.08%, 0, 1, 1, 24.15
1621224307, 9, 2, 5, 0, 0, 1.08%, 0, 1, 1, 24.18
1621224317, 9, 3, 5, 0, 0, 1.08%, 0, 1, 1, 24.15
1621224322, 9, 4, 5, 0, 0, 1.08%, 0, 1, 1, 25.96
1621224327, 10, 0, 5, 0, 0, 1.08%, 0, 1, 1, 26.84
1621224337, 10, 1, 5, 0, 0, 1.08%, 0, 1, 1, 26.84
1621224342, 10, 3, 5, 0, 0, 1.08%, 0, 1, 1, 26.85
1621224353, 10, 4, 5, 0, 0, 1.08%, 0, 1, 1, 27.04
1621224358, 11, 0, 5, 0, 0, 1.08%, 0, 1, 1, 27.06
1621224368, 11, 1, 5, 0, 0, 1.08%, 0, 1, 1, 26.93
1621224373, 11, 2, 5, 0, 0, 1.08%, 0, 1, 1, 27.20
1621224378, 11, 3, 5, 0, 0, 1.08%, 0, 1, 1, 26.71
1621224388, 11, 4, 5, 0, 0, 1.08%, 0, 1, 1, 26.91
1621224393, 12, 0, 5, 0, 0, 1.08%, 0, 1, 1, 26.67
1621224400, 12, 0, 5, 0, 0, 1.08%, 0, 2, 1, 0.20
1621224405, 12, 1, 5, 0, 0, 1.08%, 0, 2, 1, 25.90
1621224410, 12, 2, 5, 0, 0, 1.08%, 0, 2, 1, 26.34
1621224415, 12, 3, 5, 0, 0, 1.08%, 0, 2, 1, 26.65
1621224425, 12, 4, 5, 0, 0, 1.08%, 0, 2, 1, 27.07
1621224430, 13, 0, 5, 0, 0, 1.08%, 0, 2, 1, 26.72
1621224440, 13, 1, 5, 0, 0, 1.08%, 0, 2, 1, 27.17
1621224446, 13, 2, 5, 0, 0, 1.08%, 0, 2, 1, 27.19
1621224458, 13, 3, 5, 0, 0, 1.08%, 0, 2, 1, 0.78
1621224473, 13, 4, 5, 0, 0, 1.08%, 0, 2, 1, 26.11
1621224484, 14, 0, 5, 0, 0, 1.08%, 0, 2, 1, 23.90
1621224489, 14, 1, 5, 0, 0, 1.08%, 0, 2, 1, 26.04
1621224500, 14, 2, 5, 0, 0, 1.08%, 0, 2, 1, 26.72
1621224505, 14, 3, 5, 0, 0, 1.08%, 0, 2, 1, 26.83
1621224510, 14, 4, 5, 0, 0, 1.08%, 0, 2, 1, 27.15
1621224515, 15, 0, 5, 0, 0, 1.08%, 0, 2, 1, 27.15
1621224525, 15, 1, 5, 0, 0, 1.08%, 0, 2, 1, 27.13
1621224531, 15, 2, 5, 0, 0, 1.08%, 0, 2, 1, 27.04
1621224536, 15, 3, 5, 0, 0, 1.08%, 0, 2, 1, 26.85
1621224541, 15, 4, 5, 0, 0, 1.08%, 0, 2, 1, 27.02
1621224546, 16, 0, 5, 0, 0, 1.08%, 0, 2, 1, 26.72
1621224556, 16, 1, 5, 0, 0, 1.08%, 0, 2, 1, 27.24
1621224561, 16, 2, 5, 0, 0, 1.08%, 0, 2, 1, 27.13
1621224566, 16, 3, 5, 0, 0, 1.08%, 0, 2, 1, 27.40
1621224580, 16, 4, 5, 0, 0, 1.08%, 0, 2, 1, 1.16
1621224585, 17, 0, 5, 0, 0, 1.08%, 0, 2, 1, 27.29
1621224590, 17, 1, 5, 0, 0, 1.08%, 0, 2, 1, 26.85
1621224604, 17, 2, 5, 0, 0, 1.08%, 0, 2, 1, 26.64
1621224609, 17, 3, 5, 0, 0, 1.08%, 0, 2, 1, 26.43
1621224614, 17, 4, 5, 0, 0, 1.08%, 0, 2, 1, 26.80
1621224619, 18, 0, 5, 0, 0, 1.08%, 0, 2, 1, 27.05
1621224624, 18, 1, 5, 0, 0, 1.08%, 0, 2, 1, 26.89
1621224634, 18, 2, 5, 0, 0, 1.08%, 0, 2, 1, 27.17
1621224639, 18, 3, 5, 0, 0, 1.08%, 0, 2, 1, 26.93
1621224649, 18, 4, 5, 0, 0, 1.08%, 0, 2, 1, 0.20
1621224654, 19, 0, 5, 0, 0, 1.08%, 0, 2, 1, 24.40
1621224664, 19, 1, 5, 0, 0, 1.08%, 0, 2, 1, 26.78
1621224669, 19, 2, 5, 0, 0, 1.08%, 0, 2, 1, 27.00
1621224674, 19, 3, 5, 0, 0, 1.08%, 0, 2, 1, 26.93
1621224684, 19, 4, 5, 0, 0, 1.08%, 0, 2, 1, 26.76
1621224689, 20, 0, 5, 0, 0, 1.08%, 0, 2, 1, 26.78
1621224699, 20, 1, 5, 0, 0, 1.08%, 0, 2, 1, 26.66
1621224704, 20, 2, 5, 0, 0, 1.08%, 0, 2, 1, 26.74
1621224709, 20, 3, 5, 0, 0, 1.08%, 0, 2, 1, 26.93
1621224719, 20, 4, 5, 0, 0, 1.08%, 0, 2, 1, 26.96
1621224724, 21, 0, 5, 0, 0, 1.08%, 0, 2, 1, 27.23
1621224730, 21, 1, 5, 0, 0, 1.08%, 0, 2, 1, 27.25
1621224735, 21, 2, 5, 0, 0, 1.08%, 0, 2, 1, 26.91
1621224740, 21, 3, 5, 0, 0, 1.08%, 0, 2, 1, 26.87
1621224745, 21, 4, 5, 0, 0, 1.08%, 0, 2, 1, 26.99
1621224750, 22, 0, 5, 0, 0, 1.08%, 0, 2, 1, 27.01
1621224760, 22, 1, 6, 1, 0, 1.09%, 0, 2, 2, 29.65
