# unix_time, cycles_done, cur_path, paths_total, pending_total, pending_favs, map_size, unique_crashes, unique_hangs, max_depth, execs_per_sec
1621240598, 0, 0, 1, 1, 1, 1.08%, 0, 0, 1, 14.25
1621240884, 5, 0, 1, 0, 0, 1.08%, 0, 0, 1, 28.04
1621240889, 10, 0, 1, 0, 0, 1.08%, 0, 0, 1, 28.07
1621240894, 16, 0, 1, 0, 0, 1.08%, 0, 0, 1, 28.03
1621240899, 22, 0, 1, 0, 0, 1.08%, 0, 0, 1, 28.09
1621240904, 28, 0, 1, 0, 0, 1.08%, 0, 0, 1, 28.10
1621240909, 33, 0, 1, 0, 0, 1.08%, 0, 0, 1, 28.23
1621240914, 39, 0, 1, 0, 0, 1.08%, 0, 0, 1, 28.16
1621240920, 45, 0, 1, 0, 0, 1.08%, 0, 0, 1, 28.23
1621240925, 51, 0, 1, 0, 0, 1.08%, 0, 0, 1, 28.23
1621240930, 56, 0, 1, 0, 0, 1.08%, 0, 0, 1, 28.25
1621240935, 62, 0, 1, 0, 0, 1.08%, 0, 0, 1, 28.23
1621240940, 68, 0, 1, 0, 0, 1.08%, 0, 0, 1, 28.26
1621240945, 74, 0, 1, 0, 0, 1.08%, 0, 0, 1, 28.02
1621240950, 79, 0, 1, 0, 0, 1.08%, 0, 0, 1, 27.99
1621240955, 85, 0, 1, 0, 0, 1.08%, 0, 0, 1, 27.83
1621240961, 91, 0, 1, 0, 0, 1.08%, 0, 0, 1, 28.05
1621240966, 97, 0, 1, 0, 0, 1.08%, 0, 0, 1, 28.12
1621240971, 102, 0, 1, 0, 0, 1.08%, 0, 0, 1, 28.10
1621240976, 108, 0, 1, 0, 0, 1.08%, 0, 0, 1, 28.11
1621240981, 114, 0, 1, 0, 0, 1.08%, 0, 0, 1, 28.13
1621240986, 120, 0, 1, 0, 0, 1.08%, 0, 0, 1, 28.15
1621240991, 125, 0, 1, 0, 0, 1.08%, 0, 0, 1, 28.15
1621240996, 131, 0, 1, 0, 0, 1.08%, 0, 0, 1, 28.00
1621241002, 137, 0, 1, 0, 0, 1.08%, 0, 0, 1, 27.99
1621241007, 143, 0, 1, 0, 0, 1.08%, 0, 0, 1, 28.00
1621241012, 148, 0, 1, 0, 0, 1.08%, 0, 0, 1, 27.79
1621241017, 154, 0, 1, 0, 0, 1.08%, 0, 0, 1, 27.86
1621241022, 160, 0, 1, 0, 0, 1.08%, 0, 0, 1, 28.01
1621241027, 166, 0, 1, 0, 0, 1.08%, 0, 0, 1, 28.13
1621241032, 171, 0, 1, 0, 0, 1.08%, 0, 0, 1, 28.10
1621241037, 177, 0, 1, 0, 0, 1.08%, 0, 0, 1, 28.15
1621241043, 183, 0, 1, 0, 0, 1.08%, 0, 0, 1, 28.05
1621241048, 189, 0, 1, 0, 0, 1.08%, 0, 0, 1, 27.92
1621241053, 195, 0, 1, 0, 0, 1.08%, 0, 0, 1, 27.90
1621241058, 200, 0, 1, 0, 0, 1.08%, 0, 0, 1, 28.06
1621241063, 206, 0, 1, 0, 0, 1.08%, 0, 0, 1, 28.03
1621241068, 212, 0, 1, 0, 0, 1.08%, 0, 0, 1, 27.93
1621241074, 218, 0, 1, 0, 0, 1.08%, 0, 0, 1, 27.87
1621241079, 223, 0, 1, 0, 0, 1.08%, 0, 0, 1, 28.01
1621241084, 229, 0, 1, 0, 0, 1.08%, 0, 0, 1, 27.95
1621241089, 235, 0, 1, 0, 0, 1.08%, 0, 0, 1, 27.99
1621241094, 241, 0, 1, 0, 0, 1.08%, 0, 0, 1, 27.85
1621241099, 246, 0, 1, 0, 0, 1.08%, 0, 0, 1, 27.84
1621241104, 252, 0, 1, 0, 0, 1.08%, 0, 0, 1, 27.84
1621241110, 258, 0, 1, 0, 0, 1.08%, 0, 0, 1, 27.97
1621241115, 264, 0, 1, 0, 0, 1.08%, 0, 0, 1, 27.84
1621241120, 269, 0, 1, 0, 0, 1.08%, 0, 0, 1, 27.96
1621241125, 275, 0, 1, 0, 0, 1.08%, 0, 0, 1, 27.95
1621241130, 281, 0, 1, 0, 0, 1.08%, 0, 0, 1, 27.95
1621241135, 287, 0, 1, 0, 0, 1.08%, 0, 0, 1, 28.07
1621241141, 292, 0, 1, 0, 0, 1.08%, 0, 0, 1, 28.15
1621241146, 298, 0, 1, 0, 0, 1.08%, 0, 0, 1, 28.18
1621241151, 304, 0, 1, 0, 0, 1.08%, 0, 0, 1, 28.03
1621241156, 310, 0, 1, 0, 0, 1.08%, 0, 0, 1, 28.03
1621241161, 315, 0, 1, 0, 0, 1.08%, 0, 0, 1, 27.94
1621241166, 321, 0, 1, 0, 0, 1.08%, 0, 0, 1, 28.13
1621241171, 327, 0, 1, 0, 0, 1.08%, 0, 0, 1, 28.05
1621241176, 333, 0, 1, 0, 0, 1.08%, 0, 0, 1, 28.10
1621241182, 338, 0, 1, 0, 0, 1.08%, 0, 0, 1, 28.09
1621241187, 344, 0, 1, 0, 0, 1.08%, 0, 0, 1, 28.10
1621241192, 350, 0, 1, 0, 0, 1.08%, 0, 0, 1, 28.02
1621241197, 356, 0, 1, 0, 0, 1.08%, 0, 0, 1, 28.12
1621241202, 362, 0, 1, 0, 0, 1.08%, 0, 0, 1, 28.10
1621241207, 367, 0, 1, 0, 0, 1.08%, 0, 0, 1, 28.08
1621241212, 373, 0, 1, 0, 0, 1.08%, 0, 0, 1, 28.03
1621241217, 379, 0, 1, 0, 0, 1.08%, 0, 0, 1, 28.12
1621241223, 385, 0, 1, 0, 0, 1.08%, 0, 0, 1, 28.16
1621241228, 390, 0, 1, 0, 0, 1.08%, 0, 0, 1, 27.99
1621241233, 396, 0, 1, 0, 0, 1.08%, 0, 0, 1, 27.99
1621241238, 402, 0, 1, 0, 0, 1.08%, 0, 0, 1, 28.08
1621241244, 403, 0, 1, 0, 0, 1.08%, 0, 1, 1, 0.97
1621241251, 405, 0, 1, 0, 0, 1.08%, 0, 1, 1, 0.78
1621241258, 408, 0, 1, 0, 0, 1.08%, 0, 2, 1, 1.16
1621241263, 413, 0, 1, 0, 0, 1.08%, 0, 2, 1, 27.96
1621241268, 419, 0, 1, 0, 0, 1.08%, 0, 2, 1, 27.82
1621241274, 425, 0, 1, 0, 0, 1.08%, 0, 2, 1, 27.92
1621241279, 431, 0, 1, 0, 0, 1.08%, 0, 2, 1, 27.92
1621241284, 436, 0, 1, 0, 0, 1.08%, 0, 2, 1, 28.01
1621241289, 442, 0, 1, 0, 0, 1.08%, 0, 2, 1, 27.91
1621241294, 448, 0, 1, 0, 0, 1.08%, 0, 2, 1, 27.87
1621241299, 454, 0, 1, 0, 0, 1.08%, 0, 2, 1, 27.95
1621241305, 459, 0, 1, 0, 0, 1.08%, 0, 2, 1, 28.10
1621241310, 465, 0, 1, 0, 0, 1.08%, 0, 2, 1, 28.12
1621241316, 466, 0, 1, 0, 0, 1.08%, 0, 2, 1, 1.16
1621241321, 472, 0, 1, 0, 0, 1.08%, 0, 2, 1, 27.84
1621241326, 478, 0, 1, 0, 0, 1.08%, 0, 2, 1, 27.89
1621241331, 484, 0, 1, 0, 0, 1.08%, 0, 2, 1, 27.79
1621241336, 489, 0, 1, 0, 0, 1.08%, 0, 2, 1, 27.87
1621241342, 495, 0, 1, 0, 0, 1.08%, 0, 2, 1, 27.91
1621241347, 501, 0, 1, 0, 0, 1.08%, 0, 2, 1, 27.89
1621241352, 507, 0, 1, 0, 0, 1.08%, 0, 2, 1, 27.66
1621241357, 512, 0, 1, 0, 0, 1.08%, 0, 2, 1, 27.91
1621241362, 518, 0, 1, 0, 0, 1.08%, 0, 2, 1, 27.90
1621241367, 524, 0, 1, 0, 0, 1.08%, 0, 2, 1, 27.91
1621241373, 530, 0, 1, 0, 0, 1.08%, 0, 2, 1, 28.00
1621241378, 536, 0, 1, 0, 0, 1.08%, 0, 2, 1, 27.97
1621241383, 541, 0, 1, 0, 0, 1.08%, 0, 2, 1, 27.85
1621241388, 547, 0, 1, 0, 0, 1.08%, 0, 2, 1, 27.85
1621241393, 553, 0, 1, 0, 0, 1.08%, 0, 2, 1, 27.73
1621241398, 559, 0, 1, 0, 0, 1.08%, 0, 2, 1, 27.93
1621241404, 564, 0, 1, 0, 0, 1.08%, 0, 2, 1, 27.89
1621241409, 570, 0, 1, 0, 0, 1.08%, 0, 2, 1, 28.06
1621241414, 576, 0, 1, 0, 0, 1.08%, 0, 2, 1, 28.09
1621241419, 582, 0, 1, 0, 0, 1.08%, 0, 2, 1, 28.05
1621241424, 587, 0, 1, 0, 0, 1.08%, 0, 2, 1, 28.08
1621241433, 592, 0, 1, 0, 0, 1.08%, 0, 2, 1, 0.40
1621241438, 598, 0, 1, 0, 0, 1.08%, 0, 2, 1, 28.03
1621241443, 603, 0, 1, 0, 0, 1.08%, 0, 2, 1, 28.08
1621241449, 609, 0, 1, 0, 0, 1.08%, 0, 2, 1, 28.00
1621241454, 615, 0, 1, 0, 0, 1.08%, 0, 2, 1, 27.98
1621241459, 621, 0, 1, 0, 0, 1.08%, 0, 2, 1, 27.96
1621241464, 627, 0, 1, 0, 0, 1.08%, 0, 2, 1, 28.07
1621241469, 632, 0, 1, 0, 0, 1.08%, 0, 2, 1, 28.01
1621241474, 638, 0, 1, 0, 0, 1.08%, 0, 2, 1, 28.16
1621241479, 644, 0, 1, 0, 0, 1.08%, 0, 2, 1, 28.12
1621241484, 650, 0, 1, 0, 0, 1.08%, 0, 2, 1, 28.00
1621241490, 655, 0, 1, 0, 0, 1.08%, 0, 2, 1, 28.05
1621241495, 661, 0, 1, 0, 0, 1.08%, 0, 2, 1, 28.01
1621241500, 667, 0, 1, 0, 0, 1.08%, 0, 2, 1, 27.76
1621241505, 672, 0, 1, 0, 0, 1.08%, 0, 2, 1, 27.58
1621241510, 678, 0, 1, 0, 0, 1.08%, 0, 2, 1, 27.50
1621241515, 684, 0, 1, 0, 0, 1.08%, 0, 2, 1, 27.69
1621241520, 689, 0, 1, 0, 0, 1.08%, 0, 2, 1, 27.12
1621241526, 695, 0, 1, 0, 0, 1.08%, 0, 2, 1, 27.51
1621241531, 701, 0, 1, 0, 0, 1.08%, 0, 2, 1, 27.42
1621241536, 706, 0, 1, 0, 0, 1.08%, 0, 2, 1, 27.46
1621241541, 712, 0, 1, 0, 0, 1.08%, 0, 2, 1, 27.61
1621241546, 718, 0, 1, 0, 0, 1.08%, 0, 2, 1, 28.00
1621241551, 724, 0, 1, 0, 0, 1.08%, 0, 2, 1, 28.01
1621241556, 729, 0, 1, 0, 0, 1.08%, 0, 2, 1, 28.13
1621241562, 735, 0, 1, 0, 0, 1.08%, 0, 2, 1, 28.00
1621241567, 741, 0, 1, 0, 0, 1.08%, 0, 2, 1, 28.11
1621241572, 747, 0, 1, 0, 0, 1.08%, 0, 2, 1, 27.96
1621241577, 752, 0, 1, 0, 0, 1.08%, 0, 2, 1, 28.01
1621241582, 758, 0, 1, 0, 0, 1.08%, 0, 2, 1, 27.36
1621241587, 764, 0, 1, 0, 0, 1.08%, 0, 2, 1, 27.75
1621241592, 770, 0, 1, 0, 0, 1.08%, 0, 2, 1, 27.98
1621241598, 775, 0, 1, 0, 0, 1.08%, 0, 2, 1, 27.88
1621241603, 781, 0, 1, 0, 0, 1.08%, 0, 2, 1, 28.02
1621241608, 787, 0, 1, 0, 0, 1.08%, 0, 2, 1, 27.95
1621241613, 793, 0, 1, 0, 0, 1.08%, 0, 2, 1, 27.88
1621241618, 798, 0, 1, 0, 0, 1.08%, 0, 2, 1, 27.75
1621241623, 804, 0, 1, 0, 0, 1.08%, 0, 2, 1, 27.92
1621241629, 810, 0, 1, 0, 0, 1.08%, 0, 2, 1, 27.91
1621241634, 816, 0, 1, 0, 0, 1.08%, 0, 2, 1, 27.76
1621241639, 821, 0, 1, 0, 0, 1.08%, 0, 2, 1, 27.78
1621241644, 827, 0, 1, 0, 0, 1.08%, 0, 2, 1, 28.03
1621241649, 833, 0, 1, 0, 0, 1.08%, 0, 2, 1, 27.96
1621241654, 839, 0, 1, 0, 0, 1.08%, 0, 2, 1, 28.02
1621241659, 844, 0, 1, 0, 0, 1.08%, 0, 2, 1, 27.91
1621241665, 850, 0, 1, 0, 0, 1.08%, 0, 2, 1, 28.00
1621241670, 856, 0, 1, 0, 0, 1.08%, 0, 2, 1, 27.79
1621241675, 862, 0, 1, 0, 0, 1.08%, 0, 2, 1, 27.95
1621241680, 867, 0, 1, 0, 0, 1.08%, 0, 2, 1, 27.99
1621241685, 873, 0, 1, 0, 0, 1.08%, 0, 2, 1, 27.97
1621241690, 879, 0, 1, 0, 0, 1.08%, 0, 2, 1, 27.91
1621241696, 885, 0, 1, 0, 0, 1.08%, 0, 2, 1, 27.76
1621241701, 890, 0, 1, 0, 0, 1.08%, 0, 2, 1, 27.88
1621241706, 896, 0, 1, 0, 0, 1.08%, 0, 2, 1, 27.86
1621241711, 902, 0, 1, 0, 0, 1.08%, 0, 2, 1, 27.79
1621241716, 908, 0, 1, 0, 0, 1.08%, 0, 2, 1, 27.79
1621241721, 913, 0, 1, 0, 0, 1.08%, 0, 2, 1, 27.74
1621241727, 919, 0, 1, 0, 0, 1.08%, 0, 2, 1, 27.77
1621241732, 925, 0, 1, 0, 0, 1.08%, 0, 2, 1, 27.77
1621241737, 931, 0, 1, 0, 0, 1.08%, 0, 2, 1, 27.93
1621241742, 936, 0, 1, 0, 0, 1.08%, 0, 2, 1, 27.92
1621241747, 942, 0, 1, 0, 0, 1.08%, 0, 2, 1, 27.93
1621241752, 948, 0, 1, 0, 0, 1.08%, 0, 2, 1, 28.02
1621241758, 954, 0, 1, 0, 0, 1.08%, 0, 2, 1, 28.04
1621241763, 959, 0, 1, 0, 0, 1.08%, 0, 2, 1, 27.84
1621241768, 965, 0, 1, 0, 0, 1.08%, 0, 2, 1, 28.08
1621241773, 971, 0, 1, 0, 0, 1.08%, 0, 2, 1, 28.13
1621241778, 977, 0, 1, 0, 0, 1.08%, 0, 2, 1, 28.18
1621241783, 982, 0, 1, 0, 0, 1.08%, 0, 2, 1, 28.17
1621241788, 988, 0, 1, 0, 0, 1.08%, 0, 2, 1, 28.11
1621241793, 994, 0, 1, 0, 0, 1.08%, 0, 2, 1, 28.08
1621241799, 999, 0, 2, 1, 0, 1.08%, 0, 2, 2, 30.61
