# unix_time, cycles_done, cur_path, paths_total, pending_total, pending_favs, map_size, unique_crashes, unique_hangs, max_depth, execs_per_sec
1621124916, 0, 0, 2, 2, 1, 2.00%, 0, 0, 1, 8.01
1621124921, 0, 1, 5, 5, 1, 2.00%, 0, 0, 2, 8.41
1621124931, 0, 1, 6, 6, 1, 2.00%, 0, 0, 2, 9.16
1621124937, 0, 1, 7, 7, 1, 2.01%, 0, 0, 2, 8.75
1621124942, 0, 1, 8, 8, 1, 2.01%, 0, 0, 2, 8.56
1621124952, 0, 1, 9, 9, 1, 2.01%, 0, 0, 2, 8.66
1621125105, 0, 1, 10, 10, 1, 2.01%, 0, 0, 2, 8.95
1621125218, 0, 1, 11, 11, 1, 2.01%, 0, 0, 2, 8.15
1621125223, 0, 1, 14, 14, 1, 2.03%, 0, 0, 2, 8.13
1621125228, 0, 1, 16, 16, 1, 2.03%, 0, 0, 2, 8.13
1621125233, 0, 1, 17, 17, 1, 2.03%, 0, 0, 2, 8.08
1621125239, 0, 1, 19, 19, 1, 2.04%, 0, 0, 2, 7.98
1621125244, 0, 1, 20, 20, 1, 2.04%, 0, 0, 2, 8.04
1621125342, 0, 1, 21, 21, 1, 2.04%, 0, 0, 2, 8.09
1621125358, 0, 1, 22, 22, 1, 2.04%, 0, 0, 2, 7.98
1621125368, 0, 1, 26, 26, 1, 2.07%, 0, 0, 2, 7.93
1621125373, 0, 1, 27, 27, 1, 2.08%, 0, 0, 2, 8.34
1621125378, 0, 1, 29, 29, 1, 2.08%, 0, 0, 2, 8.73
1621125383, 0, 1, 30, 30, 1, 2.08%, 0, 0, 2, 8.19
1621125846, 0, 1, 31, 31, 1, 2.08%, 0, 0, 2, 8.09
1621125862, 0, 1, 32, 32, 1, 2.08%, 0, 0, 2, 8.08
1621125913, 0, 1, 33, 33, 1, 2.08%, 0, 0, 2, 8.02
1621125919, 0, 1, 37, 37, 1, 2.08%, 0, 0, 2, 8.79
1621125924, 0, 1, 39, 39, 1, 2.08%, 0, 0, 2, 9.24
1621125929, 0, 1, 41, 41, 1, 2.08%, 0, 0, 2, 8.87
1621125934, 0, 1, 47, 47, 1, 2.08%, 0, 0, 2, 19.36
1621125939, 0, 1, 49, 49, 1, 2.12%, 0, 0, 2, 21.42
1621125944, 0, 1, 52, 52, 1, 2.12%, 0, 0, 2, 12.45
1621125949, 0, 1, 56, 56, 1, 2.12%, 0, 0, 2, 9.22
1621125954, 0, 1, 58, 58, 1, 2.12%, 0, 0, 2, 13.74
1621125959, 0, 1, 62, 62, 1, 2.12%, 0, 0, 2, 10.48
1621125965, 0, 1, 67, 67, 1, 2.12%, 0, 0, 2, 12.07
1621125970, 0, 1, 68, 68, 1, 2.12%, 0, 0, 2, 9.59
1621125975, 0, 1, 71, 71, 1, 2.12%, 0, 0, 2, 10.82
1621125980, 0, 1, 75, 75, 1, 2.12%, 0, 0, 2, 9.81
1621125985, 0, 1, 77, 77, 1, 2.12%, 0, 0, 2, 11.06
1621125990, 0, 1, 78, 78, 1, 2.12%, 0, 0, 2, 10.20
1621126000, 0, 1, 80, 80, 1, 2.12%, 0, 0, 2, 10.25
1621126005, 0, 1, 81, 81, 1, 2.12%, 0, 0, 2, 10.37
1621126010, 0, 1, 83, 83, 1, 2.12%, 0, 0, 2, 9.06
1621126016, 0, 1, 85, 85, 1, 2.12%, 0, 0, 2, 9.08
1621126021, 0, 1, 87, 87, 1, 2.12%, 0, 0, 2, 9.32
1621126031, 0, 1, 90, 90, 1, 2.12%, 0, 0, 2, 10.64
1621126052, 0, 1, 91, 91, 1, 2.12%, 0, 0, 2, 9.23
1621126057, 0, 1, 93, 93, 1, 2.12%, 0, 0, 2, 11.58
1621126062, 0, 1, 96, 96, 1, 2.12%, 0, 0, 2, 10.93
1621126093, 0, 1, 97, 97, 1, 2.12%, 0, 0, 2, 9.71
1621126103, 0, 1, 99, 99, 1, 2.12%, 0, 0, 2, 10.31
1621126113, 0, 1, 102, 102, 1, 2.14%, 0, 0, 2, 11.44
