# unix_time, cycles_done, cur_path, paths_total, pending_total, pending_favs, map_size, unique_crashes, unique_hangs, max_depth, execs_per_sec
1619759314, 0, 0, 2, 2, 2, 14.07%, 0, 0, 1, 147.33
1619759319, 0, 0, 10, 10, 2, 15.36%, 0, 0, 2, 157.08
1619759324, 0, 0, 15, 15, 2, 15.74%, 0, 0, 2, 163.46
1619759329, 0, 0, 24, 24, 2, 16.13%, 0, 0, 2, 164.64
1619759334, 0, 0, 28, 28, 2, 16.13%, 0, 0, 2, 160.55
1619759339, 0, 0, 33, 33, 2, 16.13%, 0, 0, 2, 162.33
1619759344, 0, 0, 35, 35, 2, 16.13%, 0, 0, 2, 162.78
1619759349, 0, 0, 37, 37, 2, 16.13%, 0, 0, 2, 159.35
1619759354, 0, 0, 40, 40, 2, 16.13%, 0, 0, 2, 158.48
1619759359, 0, 0, 43, 43, 2, 16.15%, 0, 0, 2, 160.10
1619759364, 0, 0, 46, 46, 2, 16.15%, 0, 0, 2, 134.10
1619759370, 0, 0, 47, 47, 2, 16.15%, 0, 0, 2, 155.88
1619759380, 0, 0, 50, 50, 2, 16.15%, 0, 0, 2, 156.08
1619759385, 0, 0, 53, 53, 2, 16.15%, 0, 0, 2, 161.15
1619759390, 0, 0, 64, 64, 2, 16.15%, 0, 0, 2, 166.18
1619759410, 0, 0, 65, 65, 2, 16.15%, 0, 0, 2, 162.53
1619759415, 0, 0, 66, 66, 2, 16.15%, 0, 0, 2, 160.76
1619759426, 0, 0, 67, 67, 2, 16.15%, 0, 0, 2, 125.94
1619759431, 0, 0, 68, 68, 2, 16.15%, 0, 0, 2, 151.53
1619759436, 0, 0, 70, 70, 2, 16.15%, 0, 0, 2, 159.69
1619759441, 0, 0, 72, 72, 2, 16.15%, 0, 0, 2, 159.52
1619759451, 0, 0, 73, 73, 2, 16.15%, 0, 0, 2, 156.60
1619759461, 0, 0, 74, 74, 2, 16.15%, 0, 0, 2, 156.20
1619759476, 0, 0, 75, 75, 2, 16.15%, 0, 0, 2, 159.10
1619759482, 0, 0, 77, 77, 2, 16.15%, 0, 0, 2, 158.28
1619759492, 0, 0, 78, 78, 2, 16.15%, 0, 0, 2, 158.03
1619759512, 0, 0, 79, 79, 2, 16.15%, 0, 0, 2, 159.54
1619759537, 0, 0, 82, 82, 2, 16.15%, 0, 0, 2, 160.54
1619759557, 0, 0, 83, 83, 2, 16.15%, 0, 0, 2, 160.17
1619759572, 0, 0, 84, 84, 2, 16.15%, 0, 0, 2, 163.67
1619759582, 0, 0, 85, 85, 2, 16.15%, 0, 0, 2, 164.48
1619759608, 0, 0, 106, 106, 2, 16.15%, 0, 0, 2, 150.78
1619759613, 0, 0, 124, 124, 2, 16.15%, 0, 0, 2, 149.44
1619759618, 0, 0, 139, 139, 2, 17.20%, 0, 0, 2, 153.26
1619759623, 0, 0, 144, 144, 2, 17.20%, 0, 0, 2, 151.97
1619759628, 0, 0, 145, 145, 2, 17.20%, 0, 0, 2, 148.59
1619759638, 0, 0, 147, 147, 2, 17.20%, 0, 0, 2, 149.41
1619759643, 0, 0, 149, 149, 2, 17.20%, 0, 0, 2, 144.23
1619759648, 0, 0, 150, 150, 2, 17.20%, 0, 0, 2, 154.55
1619759664, 0, 0, 151, 151, 2, 17.20%, 0, 0, 2, 155.24
1619759669, 0, 0, 153, 153, 2, 17.20%, 0, 0, 2, 146.70
1619759679, 0, 0, 156, 156, 2, 17.21%, 0, 0, 2, 176.91
1619759684, 0, 0, 158, 158, 2, 17.21%, 0, 0, 2, 178.48
1619759689, 0, 0, 159, 159, 2, 17.21%, 0, 0, 2, 178.37
1619759694, 0, 0, 161, 161, 2, 17.24%, 0, 0, 2, 178.98
1619759699, 0, 0, 162, 162, 2, 17.24%, 0, 0, 2, 175.64
1619759704, 0, 0, 163, 163, 2, 17.24%, 0, 0, 2, 180.39
1619759709, 0, 0, 164, 164, 2, 17.24%, 0, 0, 2, 186.28
1619759720, 0, 0, 166, 166, 2, 17.24%, 0, 0, 2, 188.43
1619759725, 0, 0, 167, 167, 2, 17.24%, 0, 0, 2, 185.41
1619759730, 0, 0, 168, 168, 2, 17.24%, 0, 0, 2, 181.87
1619759742, 0, 0, 169, 169, 2, 17.24%, 0, 0, 2, 12.53
1619759747, 0, 0, 170, 170, 2, 17.68%, 0, 0, 2, 279.68
1619759752, 0, 0, 174, 174, 2, 17.68%, 0, 0, 2, 468.12
1619759757, 0, 0, 176, 176, 2, 17.68%, 0, 0, 2, 485.39
1619759762, 0, 0, 177, 177, 2, 17.68%, 0, 0, 2, 493.35
1619759782, 0, 0, 178, 178, 2, 17.68%, 0, 0, 2, 550.03
1619759788, 0, 20, 178, 177, 11, 17.68%, 0, 0, 2, 536.92
1619759798, 0, 20, 180, 179, 11, 17.68%, 0, 0, 3, 505.81
1619759808, 0, 20, 182, 181, 11, 17.68%, 0, 0, 3, 610.28
1619759813, 0, 20, 183, 182, 11, 17.68%, 0, 0, 3, 610.12
1619759828, 0, 20, 184, 183, 11, 17.68%, 0, 0, 3, 524.09
1619759833, 0, 20, 185, 184, 11, 17.68%, 0, 0, 3, 517.15
1619759838, 0, 20, 186, 185, 11, 17.68%, 0, 0, 3, 514.89
1619759843, 0, 20, 187, 186, 11, 17.68%, 0, 0, 3, 562.09
1619759848, 0, 20, 188, 187, 11, 17.68%, 0, 0, 3, 606.43
1619759859, 0, 20, 189, 188, 11, 17.68%, 0, 0, 3, 403.29
1619759879, 0, 20, 190, 189, 11, 17.68%, 0, 0, 3, 568.78
1619759884, 0, 20, 192, 191, 11, 17.68%, 0, 0, 3, 601.98
1619759889, 0, 20, 194, 193, 11, 17.68%, 0, 0, 3, 651.04
1619759894, 0, 20, 195, 194, 11, 17.68%, 0, 0, 3, 628.84
1619759940, 0, 35, 195, 193, 10, 17.68%, 0, 0, 3, 561.50
1619759950, 0, 35, 196, 194, 10, 17.68%, 0, 0, 3, 590.55
1619759955, 0, 35, 197, 195, 10, 17.68%, 0, 0, 3, 521.82
1619759970, 0, 35, 198, 196, 10, 17.68%, 0, 0, 3, 521.74
1619760006, 0, 35, 199, 197, 10, 17.68%, 0, 0, 3, 585.09
1619760021, 0, 52, 199, 196, 9, 17.68%, 0, 0, 3, 615.79
1619760031, 0, 52, 200, 197, 9, 17.68%, 0, 0, 3, 607.52
1619760102, 0, 59, 200, 196, 8, 17.68%, 0, 0, 3, 574.78
1619760122, 0, 59, 201, 197, 8, 17.68%, 0, 0, 3, 488.79
1619760128, 0, 59, 202, 198, 8, 17.68%, 0, 0, 3, 539.60
1619760163, 0, 59, 204, 200, 8, 17.68%, 0, 0, 3, 604.09
1619760183, 0, 67, 204, 199, 7, 17.68%, 0, 0, 3, 611.07
1619760194, 0, 67, 205, 200, 7, 17.68%, 0, 0, 3, 619.06
1619760260, 0, 67, 206, 201, 7, 17.68%, 0, 0, 3, 583.45
1619760265, 0, 117, 206, 200, 7, 17.68%, 0, 0, 3, 550.11
1619760438, 0, 117, 207, 201, 7, 17.68%, 0, 0, 3, 506.53
1619760515, 0, 117, 208, 202, 7, 17.73%, 0, 0, 3, 850.19
