# unix_time, cycles_done, cur_path, paths_total, pending_total, pending_favs, map_size, unique_crashes, unique_hangs, max_depth, execs_per_sec
1621212604, 0, 0, 4, 4, 1, 1.08%, 0, 0, 1, 23.90
1621212609, 0, 1, 4, 4, 1, 1.08%, 0, 0, 1, 24.20
1621212670, 0, 2, 4, 3, 0, 1.08%, 0, 0, 1, 23.92
1621212737, 0, 3, 4, 2, 0, 1.08%, 0, 0, 1, 23.24
1621212804, 1, 0, 4, 1, 0, 1.08%, 0, 0, 1, 24.12
1621212870, 1, 2, 4, 0, 0, 1.08%, 0, 0, 1, 24.15
1621212875, 2, 1, 4, 0, 0, 1.08%, 0, 0, 1, 23.86
1621212880, 2, 3, 4, 0, 0, 1.08%, 0, 0, 1, 23.97
1621212885, 3, 2, 4, 0, 0, 1.08%, 0, 0, 1, 23.99
1621212890, 4, 0, 4, 0, 0, 1.08%, 0, 0, 1, 24.17
1621212895, 4, 3, 4, 0, 0, 1.08%, 0, 0, 1, 24.21
1621212901, 5, 1, 4, 0, 0, 1.08%, 0, 0, 1, 24.21
1621212906, 5, 3, 4, 0, 0, 1.08%, 0, 0, 1, 23.94
1621212911, 6, 2, 4, 0, 0, 1.08%, 0, 0, 1, 24.09
1621212916, 7, 0, 4, 0, 0, 1.08%, 0, 0, 1, 24.16
1621212921, 7, 3, 4, 0, 0, 1.08%, 0, 0, 1, 24.17
1621212926, 8, 1, 4, 0, 0, 1.08%, 0, 0, 1, 23.79
1621212931, 9, 0, 4, 0, 0, 1.08%, 0, 0, 1, 24.10
1621212936, 9, 2, 4, 0, 0, 1.08%, 0, 0, 1, 23.92
1621212942, 10, 0, 4, 0, 0, 1.08%, 0, 0, 1, 24.04
1621212947, 10, 3, 4, 0, 0, 1.08%, 0, 0, 1, 24.05
1621212952, 11, 1, 4, 0, 0, 1.08%, 0, 0, 1, 24.01
1621212957, 12, 0, 4, 0, 0, 1.08%, 0, 0, 1, 24.03
1621212962, 12, 2, 4, 0, 0, 1.08%, 0, 0, 1, 23.66
1621212967, 13, 0, 4, 0, 0, 1.08%, 0, 0, 1, 23.90
1621212972, 13, 3, 4, 0, 0, 1.08%, 0, 0, 1, 24.12
1621212977, 14, 1, 4, 0, 0, 1.08%, 0, 0, 1, 24.09
1621212983, 15, 0, 4, 0, 0, 1.08%, 0, 0, 1, 24.10
1621212988, 15, 2, 4, 0, 0, 1.08%, 0, 0, 1, 24.08
1621212993, 16, 0, 4, 0, 0, 1.08%, 0, 0, 1, 23.96
1621212998, 16, 3, 4, 0, 0, 1.08%, 0, 0, 1, 23.96
1621213003, 17, 1, 4, 0, 0, 1.08%, 0, 0, 1, 23.82
1621213008, 18, 0, 4, 0, 0, 1.08%, 0, 0, 1, 24.06
1621213013, 18, 2, 4, 0, 0, 1.08%, 0, 0, 1, 24.11
1621213018, 19, 0, 4, 0, 0, 1.08%, 0, 0, 1, 24.04
1621213023, 19, 3, 4, 0, 0, 1.08%, 0, 0, 1, 23.85
1621213028, 20, 1, 4, 0, 0, 1.08%, 0, 0, 1, 23.88
1621213033, 20, 3, 4, 0, 0, 1.08%, 0, 0, 1, 23.86
1621213038, 21, 2, 4, 0, 0, 1.08%, 0, 0, 1, 23.95
1621213043, 22, 0, 4, 0, 0, 1.08%, 0, 0, 1, 23.58
1621213049, 22, 3, 4, 0, 0, 1.08%, 0, 0, 1, 23.80
1621213054, 23, 1, 4, 0, 0, 1.08%, 0, 0, 1, 24.04
1621213059, 23, 3, 4, 0, 0, 1.08%, 0, 0, 1, 24.02
1621213064, 24, 2, 4, 0, 0, 1.08%, 0, 0, 1, 24.08
1621213069, 25, 0, 4, 0, 0, 1.08%, 0, 0, 1, 23.97
1621213075, 25, 3, 4, 0, 0, 1.08%, 0, 0, 1, 24.03
1621213080, 26, 1, 4, 0, 0, 1.08%, 0, 0, 1, 23.80
1621213085, 27, 0, 4, 0, 0, 1.08%, 0, 0, 1, 24.04
1621213090, 27, 2, 4, 0, 0, 1.08%, 0, 0, 1, 23.82
1621213095, 28, 0, 4, 0, 0, 1.08%, 0, 0, 1, 23.98
1621213100, 28, 3, 4, 0, 0, 1.08%, 0, 0, 1, 24.13
1621213105, 29, 1, 4, 0, 0, 1.08%, 0, 0, 1, 23.95
1621213110, 29, 3, 4, 0, 0, 1.08%, 0, 0, 1, 24.04
1621213116, 30, 2, 4, 0, 0, 1.08%, 0, 0, 1, 24.10
1621213121, 31, 0, 4, 0, 0, 1.08%, 0, 0, 1, 21.66
1621213126, 31, 2, 4, 0, 0, 1.08%, 0, 0, 1, 23.47
1621213131, 32, 1, 4, 0, 0, 1.08%, 0, 0, 1, 23.86
1621213136, 32, 3, 4, 0, 0, 1.08%, 0, 0, 1, 24.20
1621213141, 33, 2, 4, 0, 0, 1.08%, 0, 0, 1, 23.93
1621213146, 34, 0, 4, 0, 0, 1.08%, 0, 0, 1, 24.05
1621213151, 34, 2, 4, 0, 0, 1.08%, 0, 0, 1, 23.91
1621213156, 35, 1, 4, 0, 0, 1.08%, 0, 0, 1, 23.51
1621213161, 35, 3, 4, 0, 0, 1.08%, 0, 0, 1, 23.56
1621213166, 36, 1, 4, 0, 0, 1.08%, 0, 0, 1, 23.95
1621213171, 37, 0, 4, 0, 0, 1.08%, 0, 0, 1, 23.92
1621213176, 37, 2, 4, 0, 0, 1.08%, 0, 0, 1, 24.07
1621213182, 38, 1, 4, 0, 0, 1.08%, 0, 0, 1, 24.14
1621213187, 38, 3, 4, 0, 0, 1.08%, 0, 0, 1, 23.94
1621213192, 39, 2, 4, 0, 0, 1.08%, 0, 0, 1, 24.02
1621213197, 40, 0, 4, 0, 0, 1.08%, 0, 0, 1, 23.91
1621213202, 40, 2, 4, 0, 0, 1.08%, 0, 0, 1, 23.81
1621213207, 41, 1, 4, 0, 0, 1.08%, 0, 0, 1, 23.89
1621213212, 41, 3, 4, 0, 0, 1.08%, 0, 0, 1, 23.65
1621213217, 42, 1, 4, 0, 0, 1.08%, 0, 0, 1, 23.95
1621213222, 43, 0, 4, 0, 0, 1.08%, 0, 0, 1, 24.05
1621213227, 43, 2, 4, 0, 0, 1.08%, 0, 0, 1, 24.16
1621213233, 44, 0, 4, 0, 0, 1.08%, 0, 0, 1, 23.72
1621213238, 44, 3, 4, 0, 0, 1.08%, 0, 0, 1, 23.99
1621213243, 45, 1, 4, 0, 0, 1.08%, 0, 0, 1, 23.83
1621213248, 46, 0, 4, 0, 0, 1.08%, 0, 0, 1, 23.97
1621213253, 46, 2, 4, 0, 0, 1.08%, 0, 0, 1, 24.13
1621213258, 47, 1, 4, 0, 0, 1.08%, 0, 0, 1, 24.17
1621213263, 47, 3, 4, 0, 0, 1.08%, 0, 0, 1, 24.19
1621213269, 48, 2, 4, 0, 0, 1.08%, 0, 0, 1, 24.16
1621213274, 49, 0, 4, 0, 0, 1.08%, 0, 0, 1, 24.11
1621213279, 49, 2, 4, 0, 0, 1.08%, 0, 0, 1, 24.29
1621213284, 50, 1, 4, 0, 0, 1.08%, 0, 0, 1, 24.35
1621213289, 50, 3, 4, 0, 0, 1.08%, 0, 0, 1, 24.31
1621213294, 51, 2, 4, 0, 0, 1.08%, 0, 0, 1, 24.29
1621213300, 52, 0, 4, 0, 0, 1.08%, 0, 0, 1, 24.19
1621213305, 52, 3, 4, 0, 0, 1.08%, 0, 0, 1, 24.15
1621213310, 53, 1, 4, 0, 0, 1.08%, 0, 0, 1, 24.24
1621213315, 54, 0, 4, 0, 0, 1.08%, 0, 0, 1, 24.21
1621213320, 54, 2, 4, 0, 0, 1.08%, 0, 0, 1, 23.07
1621213325, 55, 0, 4, 0, 0, 1.08%, 0, 0, 1, 22.79
1621213331, 55, 2, 4, 0, 0, 1.08%, 0, 0, 1, 22.36
1621213336, 56, 1, 4, 0, 0, 1.08%, 0, 0, 1, 22.82
1621213341, 56, 3, 4, 0, 0, 1.08%, 0, 0, 1, 22.93
1621213346, 57, 1, 4, 0, 0, 1.08%, 0, 0, 1, 23.27
1621213351, 58, 0, 4, 0, 0, 1.08%, 0, 0, 1, 23.52
1621213356, 58, 2, 4, 0, 0, 1.08%, 0, 0, 1, 24.26
1621213361, 59, 1, 4, 0, 0, 1.08%, 0, 0, 1, 23.83
1621213366, 59, 3, 4, 0, 0, 1.08%, 0, 0, 1, 23.52
1621213371, 60, 1, 4, 0, 0, 1.08%, 0, 0, 1, 23.48
1621213376, 60, 1, 4, 0, 0, 1.08%, 0, 1, 1, 0.40
1621213381, 61, 0, 4, 0, 0, 1.08%, 0, 1, 1, 22.51
1621213386, 61, 2, 4, 0, 0, 1.08%, 0, 1, 1, 22.64
1621213392, 62, 0, 4, 0, 0, 1.08%, 0, 1, 1, 3.10
1621213397, 62, 2, 4, 0, 0, 1.08%, 0, 1, 1, 23.22
1621213402, 63, 0, 4, 0, 0, 1.08%, 0, 1, 1, 23.55
1621213407, 63, 2, 4, 0, 0, 1.08%, 0, 1, 1, 23.77
1621213412, 64, 0, 4, 0, 0, 1.08%, 0, 1, 1, 18.15
1621213417, 64, 1, 4, 0, 0, 1.08%, 0, 1, 1, 11.60
1621213422, 65, 0, 4, 0, 0, 1.08%, 0, 1, 1, 20.65
1621213437, 65, 2, 4, 0, 0, 1.08%, 0, 1, 1, 0.20
1621213442, 66, 0, 4, 0, 0, 1.08%, 0, 1, 1, 17.69
1621213447, 66, 2, 4, 0, 0, 1.08%, 0, 1, 1, 20.43
1621213452, 67, 0, 4, 0, 0, 1.08%, 0, 1, 1, 23.76
1621213457, 67, 3, 4, 0, 0, 1.08%, 0, 1, 1, 25.28
1621213462, 68, 1, 4, 0, 0, 1.08%, 0, 1, 1, 25.95
1621213467, 69, 0, 4, 0, 0, 1.08%, 0, 1, 1, 26.43
1621213473, 69, 3, 4, 0, 0, 1.08%, 0, 1, 1, 26.61
1621213478, 70, 1, 4, 0, 0, 1.08%, 0, 1, 1, 25.73
1621213483, 71, 0, 4, 0, 0, 1.08%, 0, 1, 1, 26.40
1621213488, 71, 3, 4, 0, 0, 1.08%, 0, 1, 1, 26.73
1621213493, 72, 1, 4, 0, 0, 1.08%, 0, 1, 1, 26.82
1621213498, 73, 0, 4, 0, 0, 1.08%, 0, 1, 1, 27.05
1621213503, 73, 3, 4, 0, 0, 1.08%, 0, 1, 1, 27.02
1621213508, 74, 1, 4, 0, 0, 1.08%, 0, 1, 1, 26.99
1621213513, 75, 0, 4, 0, 0, 1.08%, 0, 1, 1, 26.12
1621213521, 75, 1, 4, 0, 0, 1.08%, 0, 2, 1, 0.97
1621213526, 76, 0, 4, 0, 0, 1.08%, 0, 2, 1, 26.00
1621213531, 76, 2, 4, 0, 0, 1.08%, 0, 2, 1, 25.92
1621213536, 77, 1, 4, 0, 0, 1.08%, 0, 2, 1, 25.36
1621213541, 78, 0, 4, 0, 0, 1.08%, 0, 2, 1, 26.45
1621213546, 78, 2, 4, 0, 0, 1.08%, 0, 2, 1, 26.61
1621213552, 79, 1, 4, 0, 0, 1.08%, 0, 2, 1, 25.91
1621213557, 80, 0, 4, 0, 0, 1.08%, 0, 2, 1, 27.03
1621213567, 80, 3, 4, 0, 0, 1.08%, 0, 2, 1, 24.23
1621213573, 81, 1, 4, 0, 0, 1.08%, 0, 2, 1, 26.08
1621213578, 82, 0, 4, 0, 0, 1.08%, 0, 2, 1, 26.65
1621213584, 82, 1, 4, 0, 0, 1.08%, 0, 2, 1, 0.78
1621213589, 83, 0, 4, 0, 0, 1.08%, 0, 2, 1, 26.78
1621213594, 83, 2, 4, 0, 0, 1.08%, 0, 2, 1, 26.60
1621213600, 84, 1, 4, 0, 0, 1.08%, 0, 2, 1, 26.77
1621213605, 85, 0, 4, 0, 0, 1.08%, 0, 2, 1, 27.17
1621213610, 85, 2, 4, 0, 0, 1.08%, 0, 2, 1, 26.99
1621213615, 86, 1, 4, 0, 0, 1.08%, 0, 2, 1, 27.25
1621213620, 87, 0, 4, 0, 0, 1.08%, 0, 2, 1, 27.11
1621213625, 87, 2, 4, 0, 0, 1.08%, 0, 2, 1, 26.71
1621213635, 88, 1, 4, 0, 0, 1.08%, 0, 2, 1, 26.79
1621213640, 89, 0, 4, 0, 0, 1.08%, 0, 2, 1, 26.50
1621213645, 89, 3, 4, 0, 0, 1.08%, 0, 2, 1, 26.93
1621213651, 90, 1, 4, 0, 0, 1.08%, 0, 2, 1, 26.99
1621213656, 91, 0, 4, 0, 0, 1.08%, 0, 2, 1, 26.93
1621213661, 91, 3, 4, 0, 0, 1.08%, 0, 2, 1, 26.88
1621213671, 92, 1, 4, 0, 0, 1.08%, 0, 2, 1, 26.66
1621213676, 93, 0, 4, 0, 0, 1.08%, 0, 2, 1, 26.86
1621213681, 93, 3, 4, 0, 0, 1.08%, 0, 2, 1, 27.17
1621213686, 94, 1, 4, 0, 0, 1.08%, 0, 2, 1, 27.07
1621213691, 95, 0, 4, 0, 0, 1.08%, 0, 2, 1, 26.77
1621213697, 95, 1, 4, 0, 0, 1.08%, 0, 2, 1, 0.59
1621213702, 95, 3, 4, 0, 0, 1.08%, 0, 2, 1, 26.66
1621213707, 96, 2, 4, 0, 0, 1.08%, 0, 2, 1, 26.88
1621213712, 97, 1, 4, 0, 0, 1.08%, 0, 2, 1, 26.77
1621213718, 97, 3, 4, 0, 0, 1.08%, 0, 2, 1, 26.79
1621213723, 98, 2, 4, 0, 0, 1.08%, 0, 2, 1, 26.86
1621213730, 98, 3, 4, 0, 0, 1.08%, 0, 2, 1, 0.20
1621213735, 99, 2, 4, 0, 0, 1.08%, 0, 2, 1, 26.94
1621213740, 100, 0, 4, 0, 0, 1.08%, 0, 2, 1, 27.14
1621213745, 100, 3, 4, 0, 0, 1.08%, 0, 2, 1, 26.90
1621213753, 101, 1, 4, 0, 0, 1.08%, 0, 2, 1, 0.97
1621213758, 101, 3, 4, 0, 0, 1.08%, 0, 2, 1, 26.62
1621213763, 102, 2, 4, 0, 0, 1.08%, 0, 2, 1, 26.48
1621213768, 103, 1, 4, 0, 0, 1.08%, 0, 2, 1, 27.17
1621213773, 103, 3, 4, 0, 0, 1.08%, 0, 2, 1, 26.97
1621213778, 104, 2, 4, 0, 0, 1.08%, 0, 2, 1, 26.96
1621213783, 105, 1, 4, 0, 0, 1.08%, 0, 2, 1, 27.09
1621213788, 105, 3, 4, 0, 0, 1.08%, 0, 2, 1, 27.09
1621213793, 106, 2, 4, 0, 0, 1.08%, 0, 2, 1, 26.82
1621213801, 107, 0, 4, 0, 0, 1.08%, 0, 2, 1, 0.40
1621213806, 107, 1, 5, 1, 0, 1.09%, 0, 2, 2, 37.42
