# unix_time, cycles_done, cur_path, paths_total, pending_total, pending_favs, map_size, unique_crashes, unique_hangs, max_depth, execs_per_sec
1654308668, 0, 0, 4, 4, 1, 0.15%, 0, 0, 1, 68.23
1654308674, 0, 1, 5, 5, 1, 0.23%, 0, 0, 2, 69.68
1654308689, 0, 1, 6, 6, 1, 0.24%, 0, 0, 2, 69.71
1654308720, 0, 1, 7, 7, 1, 3.38%, 0, 0, 2, 65.12
1654308827, 0, 4, 7, 6, 3, 3.38%, 0, 0, 2, 68.35
1654308863, 0, 5, 7, 5, 2, 3.38%, 0, 0, 2, 69.40
1654308945, 0, 6, 9, 6, 1, 3.38%, 0, 0, 3, 67.94
1654309350, 0, 6, 10, 7, 1, 3.38%, 0, 0, 3, 8.17
1654309355, 0, 6, 11, 8, 1, 3.38%, 0, 0, 3, 5.22
1654309391, 0, 6, 12, 9, 1, 3.38%, 0, 0, 3, 4.41
1654309416, 0, 7, 12, 8, 2, 3.38%, 0, 0, 3, 67.41
1654309498, 0, 9, 12, 7, 1, 3.38%, 0, 0, 3, 4.28
1654309549, 0, 9, 13, 8, 1, 3.40%, 0, 0, 4, 5.00
1654309873, 0, 9, 14, 9, 1, 3.42%, 0, 0, 4, 4.94
