# unix_time, cycles_done, cur_path, paths_total, pending_total, pending_favs, map_size, unique_crashes, unique_hangs, max_depth, execs_per_sec
1654333010, 0, 0, 1, 1, 1, 0.23%, 0, 0, 1, 37.91
1654333030, 0, 0, 2, 2, 1, 3.37%, 0, 0, 2, 7.94
1654333067, 0, 1, 2, 1, 1, 3.37%, 0, 0, 2, 7.43
1654333072, 0, 1, 4, 3, 1, 3.38%, 0, 0, 3, 1.88
1654333537, 0, 1, 5, 4, 1, 3.38%, 0, 0, 3, 3.22
1654333572, 0, 1, 6, 5, 1, 3.38%, 0, 0, 3, 3.17
1654333686, 0, 1, 7, 6, 1, 3.38%, 0, 0, 3, 5.93
1654333780, 0, 2, 7, 5, 2, 3.38%, 0, 0, 3, 60.54
1654333846, 0, 4, 7, 4, 1, 3.38%, 0, 0, 3, 59.53
1654333872, 0, 4, 8, 5, 1, 3.40%, 0, 0, 4, 3.24
