# unix_time, cycles_done, cur_path, paths_total, pending_total, pending_favs, map_size, unique_crashes, unique_hangs, max_depth, execs_per_sec
1621520811, 0, 0, 5, 5, 4, 3.47%, 0, 0, 1, 2.13
1621520832, 0, 0, 6, 6, 4, 3.48%, 0, 0, 2, 3.21
1621520837, 0, 0, 7, 7, 4, 3.48%, 0, 0, 2, 3.19
1621520879, 0, 0, 8, 8, 4, 3.48%, 0, 0, 2, 2.13
1621520884, 0, 0, 9, 9, 4, 3.48%, 0, 0, 2, 3.36
1621520900, 0, 0, 12, 12, 4, 3.48%, 0, 0, 2, 9.00
1621521076, 0, 0, 13, 13, 4, 3.49%, 0, 0, 2, 2.12
1621521096, 0, 0, 14, 14, 4, 3.49%, 0, 0, 2, 2.15
1621521102, 0, 0, 15, 15, 4, 3.49%, 0, 0, 2, 2.09
1621521107, 0, 0, 16, 16, 4, 3.49%, 0, 0, 2, 2.08
1621521133, 0, 0, 17, 17, 4, 3.49%, 0, 0, 2, 2.09
1621521175, 0, 0, 18, 18, 4, 3.50%, 0, 0, 2, 2.52
1621521180, 0, 0, 19, 19, 4, 3.50%, 0, 0, 2, 2.49
1621521201, 0, 0, 20, 20, 4, 3.50%, 0, 0, 2, 2.26
1621521206, 0, 0, 21, 21, 4, 3.50%, 0, 0, 2, 2.22
1621521248, 0, 0, 22, 22, 4, 3.50%, 0, 0, 2, 2.14
1621521268, 0, 0, 23, 23, 4, 3.50%, 0, 0, 2, 2.14
1621521273, 0, 0, 24, 24, 4, 3.50%, 0, 0, 2, 2.13
1621521338, 0, 0, 25, 25, 4, 3.50%, 0, 0, 2, 2.01
1621521782, 0, 0, 26, 26, 4, 3.50%, 0, 0, 2, 1.99
1621521950, 0, 0, 27, 27, 4, 3.53%, 0, 0, 2, 2.30
