# unix_time, cycles_done, cur_path, paths_total, pending_total, pending_favs, map_size, unique_crashes, unique_hangs, max_depth, execs_per_sec
1619756873, 0, 0, 1, 1, 1, 14.07%, 0, 0, 1, 147.06
1619756878, 0, 0, 8, 8, 1, 15.39%, 0, 0, 2, 153.51
1619756883, 0, 0, 12, 12, 1, 15.44%, 0, 0, 2, 160.04
1619756888, 0, 0, 17, 17, 1, 16.08%, 0, 0, 2, 42.70
1619756894, 0, 0, 20, 20, 1, 16.08%, 0, 0, 2, 136.81
1619756899, 0, 0, 27, 27, 1, 16.14%, 0, 0, 2, 155.60
1619756904, 0, 0, 30, 30, 1, 16.14%, 0, 0, 2, 158.57
1619756909, 0, 0, 36, 36, 1, 16.14%, 0, 0, 2, 156.66
1619756914, 0, 0, 38, 38, 1, 16.14%, 0, 0, 2, 160.51
1619756919, 0, 0, 39, 39, 1, 16.14%, 0, 0, 2, 145.62
1619756924, 0, 0, 40, 40, 1, 16.14%, 0, 0, 2, 157.26
1619756934, 0, 0, 42, 42, 1, 16.14%, 0, 0, 2, 160.42
1619756939, 0, 0, 43, 43, 1, 16.14%, 0, 0, 2, 157.96
1619756944, 0, 0, 46, 46, 1, 16.16%, 0, 0, 2, 156.83
1619756949, 0, 0, 48, 48, 1, 16.16%, 0, 0, 2, 160.37
1619756959, 0, 0, 50, 50, 1, 16.16%, 0, 0, 2, 156.87
1619756965, 0, 0, 52, 52, 1, 16.16%, 0, 0, 2, 160.56
1619756975, 0, 0, 53, 53, 1, 16.16%, 0, 0, 2, 160.83
1619756980, 0, 0, 54, 54, 1, 16.16%, 0, 0, 2, 161.06
1619756985, 0, 0, 55, 55, 1, 16.16%, 0, 0, 2, 161.41
1619756990, 0, 0, 57, 57, 1, 16.16%, 0, 0, 2, 161.45
1619756995, 0, 0, 64, 64, 1, 16.16%, 0, 0, 2, 162.30
1619757000, 0, 0, 70, 70, 1, 16.16%, 0, 0, 2, 161.94
1619757021, 0, 0, 73, 73, 1, 16.16%, 0, 0, 2, 160.63
1619757026, 0, 0, 74, 74, 1, 16.16%, 0, 0, 2, 161.24
1619757031, 0, 0, 75, 75, 1, 16.16%, 0, 0, 2, 159.97
1619757041, 0, 0, 77, 77, 1, 16.16%, 0, 0, 2, 161.89
1619757051, 0, 0, 78, 78, 1, 16.16%, 0, 0, 2, 162.22
1619757066, 0, 0, 79, 79, 1, 16.16%, 0, 0, 2, 161.06
1619757091, 0, 0, 80, 80, 1, 16.16%, 0, 0, 2, 158.10
1619757096, 0, 0, 81, 81, 1, 16.16%, 0, 0, 2, 157.37
1619757101, 0, 0, 82, 82, 1, 16.16%, 0, 0, 2, 156.88
1619757142, 0, 0, 83, 83, 1, 16.16%, 0, 0, 2, 158.55
1619757147, 0, 0, 84, 84, 1, 16.16%, 0, 0, 2, 157.98
1619757152, 0, 0, 85, 85, 1, 16.16%, 0, 0, 2, 162.80
1619757157, 0, 0, 86, 86, 1, 16.16%, 0, 0, 2, 158.16
1619757172, 0, 0, 88, 88, 1, 16.16%, 0, 0, 2, 164.56
1619757188, 0, 0, 89, 89, 1, 16.16%, 0, 0, 2, 157.24
1619757193, 0, 0, 90, 90, 1, 16.16%, 0, 0, 2, 161.07
1619757203, 0, 0, 91, 91, 1, 16.16%, 0, 0, 2, 157.25
1619757274, 0, 0, 92, 92, 1, 16.16%, 0, 0, 2, 158.48
1619757296, 0, 0, 93, 93, 1, 16.16%, 0, 0, 2, 0.33
1619757302, 0, 0, 94, 94, 1, 16.61%, 0, 0, 2, 473.98
1619757307, 0, 0, 98, 98, 1, 16.61%, 0, 0, 2, 525.68
1619757312, 0, 0, 102, 102, 1, 16.61%, 0, 0, 2, 525.13
1619757317, 0, 0, 107, 107, 1, 16.61%, 0, 0, 2, 509.72
1619757322, 0, 0, 108, 108, 1, 16.61%, 0, 0, 2, 502.29
1619757327, 0, 0, 110, 110, 1, 16.61%, 0, 0, 2, 530.98
1619757332, 0, 0, 111, 111, 1, 16.61%, 0, 0, 2, 512.95
1619757342, 0, 0, 112, 112, 1, 16.61%, 0, 0, 2, 493.38
1619757347, 0, 0, 113, 113, 1, 16.61%, 0, 0, 2, 490.50
1619757352, 0, 0, 115, 115, 1, 16.61%, 0, 0, 2, 538.17
1619757357, 0, 4, 117, 116, 7, 16.61%, 0, 0, 3, 554.90
1619757377, 0, 4, 118, 117, 7, 16.61%, 0, 0, 3, 525.53
1619757388, 0, 4, 119, 118, 7, 16.61%, 0, 0, 3, 578.82
1619757413, 0, 4, 120, 119, 7, 16.61%, 0, 0, 3, 586.10
1619757439, 0, 4, 121, 120, 7, 16.61%, 0, 0, 3, 550.86
1619757459, 0, 4, 122, 121, 7, 16.61%, 0, 0, 3, 641.12
1619757474, 0, 4, 123, 122, 7, 16.61%, 0, 0, 3, 629.64
1619757479, 0, 4, 124, 123, 7, 16.61%, 0, 0, 3, 609.57
1619757500, 0, 21, 124, 122, 6, 16.61%, 0, 0, 3, 524.90
1619757510, 0, 21, 125, 123, 6, 16.61%, 0, 0, 3, 525.79
1619757515, 0, 21, 126, 124, 6, 16.61%, 0, 0, 3, 601.63
1619757525, 0, 21, 127, 125, 6, 16.61%, 0, 0, 3, 596.93
1619757560, 0, 21, 128, 126, 6, 16.61%, 0, 0, 3, 609.88
1619757591, 0, 21, 129, 127, 6, 16.61%, 0, 0, 3, 495.32
1619757612, 0, 21, 130, 128, 6, 16.61%, 0, 0, 3, 489.34
1619757647, 0, 22, 130, 127, 5, 16.61%, 0, 0, 3, 595.89
1619757683, 0, 22, 131, 128, 5, 16.61%, 0, 0, 3, 508.66
1619757759, 0, 22, 132, 129, 5, 16.61%, 0, 0, 3, 517.00
1619757764, 0, 22, 134, 131, 5, 16.61%, 0, 0, 3, 512.56
1619757779, 0, 22, 135, 132, 5, 16.61%, 0, 0, 3, 517.67
1619757800, 0, 43, 135, 131, 4, 16.61%, 0, 0, 3, 508.23
1619757815, 0, 43, 136, 132, 4, 16.61%, 0, 0, 3, 664.62
1619757871, 0, 43, 137, 133, 4, 16.61%, 0, 0, 3, 478.03
1619757937, 0, 58, 137, 132, 3, 16.61%, 0, 0, 3, 519.39
1619758074, 0, 58, 138, 133, 3, 16.68%, 0, 0, 3, 502.39
