# unix_time, cycles_done, cur_path, paths_total, pending_total, pending_favs, map_size, unique_crashes, unique_hangs, max_depth, execs_per_sec
1621215041, 0, 0, 4, 4, 1, 1.08%, 0, 0, 1, 13.94
1621215046, 0, 1, 4, 4, 1, 1.08%, 0, 0, 1, 14.05
1621215128, 0, 2, 4, 3, 0, 1.08%, 0, 0, 1, 24.28
1621215189, 0, 3, 4, 2, 0, 1.08%, 0, 0, 1, 23.74
1621215250, 1, 0, 4, 1, 0, 1.08%, 0, 0, 1, 23.89
1621215367, 1, 2, 4, 0, 0, 1.08%, 0, 0, 1, 23.90
1621215372, 2, 3, 4, 0, 0, 1.08%, 0, 0, 1, 24.05
1621215377, 3, 3, 4, 0, 0, 1.08%, 0, 0, 1, 23.80
1621215382, 5, 0, 4, 0, 0, 1.08%, 0, 0, 1, 23.84
1621215387, 6, 1, 4, 0, 0, 1.08%, 0, 0, 1, 23.89
1621215392, 7, 2, 4, 0, 0, 1.08%, 0, 0, 1, 24.37
1621215398, 8, 3, 4, 0, 0, 1.08%, 0, 0, 1, 24.01
1621215403, 10, 0, 4, 0, 0, 1.08%, 0, 0, 1, 23.97
1621215408, 11, 1, 4, 0, 0, 1.08%, 0, 0, 1, 23.94
1621215413, 12, 1, 4, 0, 0, 1.08%, 0, 0, 1, 23.58
1621215418, 13, 2, 4, 0, 0, 1.08%, 0, 0, 1, 23.95
1621215423, 14, 3, 4, 0, 0, 1.08%, 0, 0, 1, 23.90
1621215428, 15, 3, 4, 0, 0, 1.08%, 0, 0, 1, 20.47
1621215433, 17, 0, 4, 0, 0, 1.08%, 0, 0, 1, 23.20
1621215438, 18, 1, 4, 0, 0, 1.08%, 0, 0, 1, 23.48
1621215443, 19, 2, 4, 0, 0, 1.08%, 0, 0, 1, 23.82
1621215448, 20, 2, 4, 0, 0, 1.08%, 0, 0, 1, 23.92
1621215453, 21, 3, 4, 0, 0, 1.08%, 0, 0, 1, 23.68
1621215458, 23, 0, 4, 0, 0, 1.08%, 0, 0, 1, 23.72
1621215463, 24, 1, 4, 0, 0, 1.08%, 0, 0, 1, 23.83
1621215468, 25, 2, 4, 0, 0, 1.08%, 0, 0, 1, 23.70
1621215473, 26, 3, 4, 0, 0, 1.08%, 0, 0, 1, 23.89
1621215478, 27, 3, 4, 0, 0, 1.08%, 0, 0, 1, 23.86
1621215484, 29, 0, 4, 0, 0, 1.08%, 0, 0, 1, 24.12
1621215489, 30, 1, 4, 0, 0, 1.08%, 0, 0, 1, 23.76
1621215494, 31, 2, 4, 0, 0, 1.08%, 0, 0, 1, 24.03
1621215499, 32, 3, 4, 0, 0, 1.08%, 0, 0, 1, 23.90
1621215504, 34, 0, 4, 0, 0, 1.08%, 0, 0, 1, 23.95
1621215509, 35, 1, 4, 0, 0, 1.08%, 0, 0, 1, 23.62
1621215514, 36, 2, 4, 0, 0, 1.08%, 0, 0, 1, 23.65
1621215519, 37, 2, 4, 0, 0, 1.08%, 0, 0, 1, 23.87
1621215524, 38, 3, 4, 0, 0, 1.08%, 0, 0, 1, 23.83
1621215529, 40, 0, 4, 0, 0, 1.08%, 0, 0, 1, 23.85
1621215534, 41, 1, 4, 0, 0, 1.08%, 0, 0, 1, 23.89
1621215540, 42, 2, 4, 0, 0, 1.08%, 0, 0, 1, 24.00
1621215545, 43, 3, 4, 0, 0, 1.08%, 0, 0, 1, 23.89
1621215550, 45, 0, 4, 0, 0, 1.08%, 0, 0, 1, 23.90
1621215555, 46, 1, 4, 0, 0, 1.08%, 0, 0, 1, 23.82
1621215560, 47, 2, 4, 0, 0, 1.08%, 0, 0, 1, 23.73
1621215565, 48, 3, 4, 0, 0, 1.08%, 0, 0, 1, 23.97
1621215570, 49, 3, 4, 0, 0, 1.08%, 0, 0, 1, 23.72
1621215575, 51, 0, 4, 0, 0, 1.08%, 0, 0, 1, 23.37
1621215580, 52, 1, 4, 0, 0, 1.08%, 0, 0, 1, 23.72
1621215586, 53, 2, 4, 0, 0, 1.08%, 0, 0, 1, 23.99
1621215591, 54, 3, 4, 0, 0, 1.08%, 0, 0, 1, 23.90
1621215596, 56, 0, 4, 0, 0, 1.08%, 0, 0, 1, 24.01
1621215601, 57, 0, 4, 0, 0, 1.08%, 0, 0, 1, 23.88
1621215606, 58, 1, 4, 0, 0, 1.08%, 0, 0, 1, 23.89
1621215611, 59, 2, 4, 0, 0, 1.08%, 0, 0, 1, 23.96
1621215616, 60, 3, 4, 0, 0, 1.08%, 0, 0, 1, 23.84
1621215621, 62, 0, 4, 0, 0, 1.08%, 0, 0, 1, 24.14
1621215626, 63, 0, 4, 0, 0, 1.08%, 0, 0, 1, 21.81
1621215632, 64, 1, 4, 0, 0, 1.08%, 0, 0, 1, 23.64
1621215637, 65, 2, 4, 0, 0, 1.08%, 0, 0, 1, 23.89
1621215642, 66, 3, 4, 0, 0, 1.08%, 0, 0, 1, 24.12
1621215647, 68, 0, 4, 0, 0, 1.08%, 0, 0, 1, 23.88
1621215652, 68, 0, 4, 0, 0, 1.08%, 0, 1, 1, 0.59
1621215657, 69, 1, 4, 0, 0, 1.08%, 0, 1, 1, 23.58
1621215662, 70, 2, 4, 0, 0, 1.08%, 0, 1, 1, 23.91
1621215667, 71, 2, 4, 0, 0, 1.08%, 0, 1, 1, 24.14
1621215672, 72, 3, 4, 0, 0, 1.08%, 0, 1, 1, 23.97
1621215677, 74, 0, 4, 0, 0, 1.08%, 0, 1, 1, 24.08
1621215683, 75, 1, 4, 0, 0, 1.08%, 0, 1, 1, 24.24
1621215688, 76, 2, 4, 0, 0, 1.08%, 0, 1, 1, 24.02
1621215693, 77, 3, 4, 0, 0, 1.08%, 0, 1, 1, 24.01
1621215698, 79, 0, 4, 0, 0, 1.08%, 0, 1, 1, 24.10
1621215704, 79, 1, 4, 0, 0, 1.08%, 0, 1, 1, 0.20
1621215709, 80, 1, 4, 0, 0, 1.08%, 0, 1, 1, 23.73
1621215714, 81, 2, 4, 0, 0, 1.08%, 0, 1, 1, 23.31
1621215719, 82, 3, 4, 0, 0, 1.08%, 0, 1, 1, 23.87
1621215724, 84, 0, 4, 0, 0, 1.08%, 0, 1, 1, 24.08
1621215729, 85, 1, 4, 0, 0, 1.08%, 0, 1, 1, 23.79
1621215734, 86, 2, 4, 0, 0, 1.08%, 0, 1, 1, 24.02
1621215739, 87, 3, 4, 0, 0, 1.08%, 0, 1, 1, 23.85
1621215744, 88, 3, 4, 0, 0, 1.08%, 0, 1, 1, 23.46
1621215750, 90, 0, 4, 0, 0, 1.08%, 0, 1, 1, 23.77
1621215755, 91, 1, 4, 0, 0, 1.08%, 0, 1, 1, 23.89
1621215760, 92, 2, 4, 0, 0, 1.08%, 0, 1, 1, 23.82
1621215765, 93, 3, 4, 0, 0, 1.08%, 0, 1, 1, 23.84
1621215770, 95, 0, 4, 0, 0, 1.08%, 0, 1, 1, 23.73
1621215775, 96, 1, 4, 0, 0, 1.08%, 0, 1, 1, 23.78
1621215780, 97, 1, 4, 0, 0, 1.08%, 0, 1, 1, 23.94
1621215785, 98, 2, 4, 0, 0, 1.08%, 0, 1, 1, 23.84
1621215791, 98, 3, 4, 0, 0, 1.08%, 0, 1, 1, 0.78
1621215796, 100, 0, 4, 0, 0, 1.08%, 0, 1, 1, 23.62
1621215801, 101, 1, 4, 0, 0, 1.08%, 0, 1, 1, 23.79
1621215806, 102, 2, 4, 0, 0, 1.08%, 0, 1, 1, 24.26
1621215811, 103, 3, 4, 0, 0, 1.08%, 0, 1, 1, 24.04
1621215816, 104, 3, 4, 0, 0, 1.08%, 0, 1, 1, 23.79
1621215822, 106, 0, 4, 0, 0, 1.08%, 0, 1, 1, 22.38
1621215831, 107, 0, 4, 0, 0, 1.08%, 0, 1, 1, 0.97
1621215836, 108, 1, 4, 0, 0, 1.08%, 0, 1, 1, 23.99
1621215841, 109, 2, 4, 0, 0, 1.08%, 0, 1, 1, 23.55
1621215846, 110, 3, 4, 0, 0, 1.08%, 0, 1, 1, 23.84
1621215851, 111, 3, 4, 0, 0, 1.08%, 0, 1, 1, 23.84
1621215856, 113, 0, 4, 0, 0, 1.08%, 0, 1, 1, 23.77
1621215862, 113, 1, 4, 0, 0, 1.08%, 0, 1, 1, 0.59
1621215867, 114, 2, 4, 0, 0, 1.08%, 0, 1, 1, 23.84
1621215872, 115, 3, 4, 0, 0, 1.08%, 0, 1, 1, 24.20
1621215877, 117, 0, 4, 0, 0, 1.08%, 0, 1, 1, 23.69
1621215883, 118, 1, 4, 0, 0, 1.08%, 0, 1, 1, 23.92
1621215888, 119, 1, 4, 0, 0, 1.08%, 0, 1, 1, 23.88
1621215893, 120, 2, 4, 0, 0, 1.08%, 0, 1, 1, 24.01
1621215898, 121, 3, 4, 0, 0, 1.08%, 0, 1, 1, 24.05
1621215903, 123, 0, 4, 0, 0, 1.08%, 0, 1, 1, 23.68
1621215908, 124, 1, 4, 0, 0, 1.08%, 0, 1, 1, 23.92
1621215913, 125, 2, 4, 0, 0, 1.08%, 0, 1, 1, 24.24
1621215918, 126, 3, 4, 0, 0, 1.08%, 0, 1, 1, 24.08
1621215923, 127, 3, 4, 0, 0, 1.08%, 0, 1, 1, 23.94
1621215928, 129, 0, 4, 0, 0, 1.08%, 0, 1, 1, 23.88
1621215933, 130, 1, 4, 0, 0, 1.08%, 0, 1, 1, 24.00
1621215938, 131, 2, 4, 0, 0, 1.08%, 0, 1, 1, 24.27
1621215943, 132, 3, 4, 0, 0, 1.08%, 0, 1, 1, 23.83
1621215948, 134, 0, 4, 0, 0, 1.08%, 0, 1, 1, 23.87
1621215954, 135, 1, 4, 0, 0, 1.08%, 0, 1, 1, 24.06
1621215959, 136, 2, 4, 0, 0, 1.08%, 0, 1, 1, 23.68
1621215964, 137, 2, 4, 0, 0, 1.08%, 0, 1, 1, 24.22
1621215969, 138, 3, 4, 0, 0, 1.08%, 0, 1, 1, 23.99
1621215974, 140, 0, 4, 0, 0, 1.08%, 0, 1, 1, 23.93
1621215979, 141, 1, 4, 0, 0, 1.08%, 0, 1, 1, 23.88
1621215984, 142, 2, 4, 0, 0, 1.08%, 0, 1, 1, 24.15
1621215989, 143, 3, 4, 0, 0, 1.08%, 0, 1, 1, 23.77
1621215994, 145, 0, 4, 0, 0, 1.08%, 0, 1, 1, 23.98
1621215999, 146, 1, 4, 0, 0, 1.08%, 0, 1, 1, 24.06
1621216005, 147, 2, 4, 0, 0, 1.08%, 0, 1, 1, 23.92
1621216010, 148, 2, 4, 0, 0, 1.08%, 0, 1, 1, 23.55
1621216015, 149, 3, 4, 0, 0, 1.08%, 0, 1, 1, 24.20
1621216020, 151, 0, 4, 0, 0, 1.08%, 0, 1, 1, 23.94
1621216025, 152, 1, 4, 0, 0, 1.08%, 0, 1, 1, 23.54
1621216030, 153, 2, 4, 0, 0, 1.08%, 0, 1, 1, 23.81
1621216035, 154, 3, 4, 0, 0, 1.08%, 0, 1, 1, 24.33
1621216040, 156, 0, 4, 0, 0, 1.08%, 0, 1, 1, 24.32
1621216045, 157, 1, 4, 0, 0, 1.08%, 0, 1, 1, 24.02
1621216051, 158, 1, 4, 0, 0, 1.08%, 0, 1, 1, 22.32
1621216056, 159, 2, 4, 0, 0, 1.08%, 0, 1, 1, 23.66
1621216061, 160, 3, 4, 0, 0, 1.08%, 0, 1, 1, 24.08
1621216066, 162, 0, 4, 0, 0, 1.08%, 0, 1, 1, 23.92
1621216071, 163, 1, 4, 0, 0, 1.08%, 0, 1, 1, 24.23
1621216076, 164, 2, 4, 0, 0, 1.08%, 0, 1, 1, 24.08
1621216081, 165, 3, 4, 0, 0, 1.08%, 0, 1, 1, 24.45
1621216086, 167, 0, 4, 0, 0, 1.08%, 0, 1, 1, 24.39
1621216091, 168, 0, 4, 0, 0, 1.08%, 0, 1, 1, 23.94
1621216096, 169, 1, 4, 0, 0, 1.08%, 0, 1, 1, 23.72
1621216101, 170, 2, 4, 0, 0, 1.08%, 0, 1, 1, 23.71
1621216107, 171, 3, 4, 0, 0, 1.08%, 0, 1, 1, 23.63
1621216112, 173, 0, 4, 0, 0, 1.08%, 0, 1, 1, 23.65
1621216117, 174, 1, 4, 0, 0, 1.08%, 0, 1, 1, 24.35
1621216122, 175, 1, 4, 0, 0, 1.08%, 0, 1, 1, 23.85
1621216127, 176, 2, 4, 0, 0, 1.08%, 0, 1, 1, 24.09
1621216132, 177, 3, 4, 0, 0, 1.08%, 0, 1, 1, 24.36
1621216137, 179, 0, 4, 0, 0, 1.08%, 0, 1, 1, 23.83
1621216142, 180, 1, 4, 0, 0, 1.08%, 0, 1, 1, 24.06
1621216147, 181, 2, 4, 0, 0, 1.08%, 0, 1, 1, 24.33
1621216152, 182, 3, 4, 0, 0, 1.08%, 0, 1, 1, 23.94
1621216157, 184, 0, 4, 0, 0, 1.08%, 0, 1, 1, 23.94
1621216162, 185, 1, 4, 0, 0, 1.08%, 0, 1, 1, 23.97
1621216168, 186, 1, 4, 0, 0, 1.08%, 0, 1, 1, 23.95
1621216173, 187, 2, 4, 0, 0, 1.08%, 0, 1, 1, 24.40
1621216178, 188, 3, 4, 0, 0, 1.08%, 0, 1, 1, 24.20
1621216183, 190, 0, 4, 0, 0, 1.08%, 0, 1, 1, 24.00
1621216188, 191, 1, 4, 0, 0, 1.08%, 0, 1, 1, 23.74
1621216193, 192, 2, 4, 0, 0, 1.08%, 0, 1, 1, 24.15
1621216198, 193, 3, 4, 0, 0, 1.08%, 0, 1, 1, 24.37
1621216203, 195, 0, 4, 0, 0, 1.08%, 0, 1, 1, 23.99
1621216208, 196, 1, 4, 0, 0, 1.08%, 0, 1, 1, 24.37
1621216213, 197, 2, 4, 0, 0, 1.08%, 0, 1, 1, 24.54
1621216219, 198, 3, 4, 0, 0, 1.08%, 0, 1, 1, 24.01
1621216224, 200, 0, 4, 0, 0, 1.08%, 0, 1, 1, 24.18
1621216229, 201, 1, 4, 0, 0, 1.08%, 0, 1, 1, 24.05
1621216234, 202, 2, 4, 0, 0, 1.08%, 0, 1, 1, 24.19
1621216239, 203, 2, 5, 1, 0, 1.09%, 0, 1, 2, 24.19
