# unix_time, cycles_done, cur_path, paths_total, pending_total, pending_favs, map_size, unique_crashes, unique_hangs, max_depth, execs_per_sec
1619761757, 0, 0, 1, 1, 1, 13.99%, 0, 0, 1, 20.98
1619761762, 0, 0, 8, 8, 1, 15.30%, 0, 0, 2, 177.28
1619761767, 0, 0, 13, 13, 1, 15.99%, 0, 0, 2, 175.50
1619761773, 0, 0, 19, 19, 1, 15.99%, 0, 0, 2, 172.65
1619761778, 0, 0, 23, 23, 1, 15.99%, 0, 0, 2, 174.97
1619761783, 0, 0, 26, 26, 1, 15.99%, 0, 0, 2, 174.70
1619761788, 0, 0, 31, 31, 1, 15.99%, 0, 0, 2, 174.82
1619761793, 0, 0, 39, 39, 1, 16.06%, 0, 0, 2, 171.41
1619761803, 0, 0, 40, 40, 1, 16.06%, 0, 0, 2, 174.07
1619761814, 0, 0, 41, 41, 1, 16.06%, 0, 0, 2, 175.61
1619761819, 0, 0, 42, 42, 1, 16.06%, 0, 0, 2, 174.14
1619761824, 0, 0, 43, 43, 1, 16.06%, 0, 0, 2, 175.31
1619761829, 0, 0, 46, 46, 1, 16.06%, 0, 0, 2, 173.41
1619761834, 0, 0, 48, 48, 1, 16.06%, 0, 0, 2, 174.39
1619761839, 0, 0, 49, 49, 1, 16.06%, 0, 0, 2, 175.16
1619761844, 0, 0, 50, 50, 1, 16.06%, 0, 0, 2, 174.17
1619761855, 0, 0, 51, 51, 1, 16.06%, 0, 0, 2, 173.70
1619761860, 0, 0, 52, 52, 1, 16.06%, 0, 0, 2, 175.39
1619761865, 0, 0, 55, 55, 1, 16.07%, 0, 0, 2, 173.58
1619761870, 0, 0, 57, 57, 1, 16.07%, 0, 0, 2, 173.10
1619761875, 0, 0, 58, 58, 1, 16.07%, 0, 0, 2, 173.64
1619761880, 0, 0, 59, 59, 1, 16.07%, 0, 0, 2, 173.81
1619761886, 0, 0, 61, 61, 1, 16.07%, 0, 0, 2, 172.19
1619761891, 0, 0, 62, 62, 1, 16.07%, 0, 0, 2, 173.93
1619761896, 0, 0, 63, 63, 1, 16.07%, 0, 0, 2, 172.82
1619761901, 0, 0, 64, 64, 1, 16.07%, 0, 0, 2, 174.08
1619761911, 0, 0, 65, 65, 1, 16.07%, 0, 0, 2, 174.47
1619761916, 0, 0, 66, 66, 1, 16.07%, 0, 0, 2, 173.06
1619761922, 0, 0, 67, 67, 1, 16.07%, 0, 0, 2, 175.44
1619761927, 0, 0, 70, 70, 1, 16.07%, 0, 0, 2, 174.78
1619761942, 0, 0, 73, 73, 1, 16.07%, 0, 0, 2, 175.03
1619761947, 0, 0, 88, 88, 1, 16.07%, 0, 0, 2, 179.13
1619761963, 0, 0, 90, 90, 1, 16.07%, 0, 0, 2, 172.34
1619762014, 0, 0, 91, 91, 1, 16.07%, 0, 0, 2, 172.59
1619762019, 0, 0, 92, 92, 1, 16.07%, 0, 0, 2, 175.63
1619762060, 0, 0, 93, 93, 1, 16.07%, 0, 0, 2, 170.55
1619762101, 0, 0, 94, 94, 1, 16.07%, 0, 0, 2, 175.17
1619762107, 0, 0, 95, 95, 1, 16.07%, 0, 0, 2, 175.80
1619762112, 0, 0, 97, 97, 1, 16.07%, 0, 0, 2, 175.22
1619762139, 0, 0, 98, 98, 1, 16.07%, 0, 0, 2, 6.01
1619762149, 0, 0, 104, 104, 1, 16.53%, 0, 0, 2, 699.98
1619762154, 0, 0, 108, 108, 1, 16.53%, 0, 0, 2, 817.08
1619762159, 0, 0, 111, 111, 1, 16.53%, 0, 0, 2, 843.35
1619762164, 0, 0, 112, 112, 1, 16.53%, 0, 0, 2, 856.79
1619762169, 0, 0, 113, 113, 1, 16.53%, 0, 0, 2, 836.20
1619762180, 0, 0, 114, 114, 1, 16.53%, 0, 0, 2, 826.46
1619762185, 0, 0, 116, 116, 1, 16.53%, 0, 0, 2, 834.88
1619762190, 0, 0, 117, 117, 1, 16.53%, 0, 0, 2, 844.34
1619762195, 0, 0, 121, 121, 1, 16.53%, 0, 0, 2, 844.28
1619762200, 0, 0, 123, 123, 1, 16.53%, 0, 0, 2, 807.05
1619762206, 0, 0, 124, 124, 1, 16.53%, 0, 0, 2, 827.99
1619762216, 0, 0, 125, 125, 1, 16.53%, 0, 0, 2, 848.21
1619762221, 0, 0, 126, 126, 1, 16.53%, 0, 0, 2, 845.04
1619762226, 0, 0, 127, 127, 1, 16.53%, 0, 0, 2, 847.39
1619762236, 0, 0, 129, 129, 1, 16.53%, 0, 0, 2, 858.14
1619762246, 0, 0, 131, 131, 1, 16.53%, 0, 0, 2, 828.61
1619762251, 0, 0, 132, 132, 1, 16.53%, 0, 0, 2, 803.94
1619762256, 0, 0, 133, 133, 1, 16.53%, 0, 0, 2, 823.46
1619762267, 0, 1, 133, 132, 8, 16.53%, 0, 0, 2, 818.14
1619762282, 0, 1, 134, 133, 8, 16.53%, 0, 0, 3, 845.61
1619762287, 0, 1, 135, 134, 8, 16.53%, 0, 0, 3, 854.29
1619762292, 0, 1, 137, 136, 8, 16.53%, 0, 0, 3, 838.09
1619762374, 0, 1, 138, 137, 8, 16.53%, 0, 0, 3, 843.59
1619762384, 0, 1, 139, 138, 8, 16.53%, 0, 0, 3, 818.86
1619762389, 0, 1, 140, 139, 8, 16.53%, 0, 0, 3, 843.82
1619762441, 0, 8, 140, 138, 7, 16.53%, 0, 0, 3, 834.92
1619762538, 0, 8, 141, 139, 7, 16.53%, 0, 0, 3, 840.51
1619762553, 0, 8, 142, 140, 7, 16.53%, 0, 0, 3, 856.38
1619762615, 0, 35, 142, 139, 6, 16.53%, 0, 0, 3, 857.04
1619762783, 0, 35, 143, 140, 6, 16.53%, 0, 0, 3, 857.08
1619762788, 0, 36, 143, 139, 5, 16.53%, 0, 0, 3, 851.33
1619762824, 0, 36, 144, 140, 5, 16.53%, 0, 0, 3, 837.44
1619762829, 0, 36, 145, 141, 5, 16.53%, 0, 0, 3, 844.26
1619762860, 0, 36, 146, 142, 5, 16.53%, 0, 0, 3, 851.39
1619762881, 0, 36, 147, 143, 5, 16.53%, 0, 0, 3, 851.91
1619762891, 0, 36, 148, 144, 5, 16.53%, 0, 0, 3, 842.62
1619762901, 0, 36, 149, 145, 5, 16.53%, 0, 0, 3, 849.79
1619762932, 0, 36, 150, 146, 5, 16.53%, 0, 0, 3, 845.76
1619762957, 0, 36, 152, 148, 5, 16.60%, 0, 0, 3, 856.90
