# unix_time, cycles_done, cur_path, paths_total, pending_total, pending_favs, map_size, unique_crashes, unique_hangs, max_depth, execs_per_sec
1621121957, 0, 0, 18, 18, 5, 0.20%, 0, 0, 1, 204.26
1621121972, 0, 0, 20, 20, 5, 0.20%, 1, 0, 2, 142.88
1621121983, 0, 0, 20, 20, 5, 0.20%, 3, 0, 2, 189.97
1621121993, 0, 11, 20, 19, 4, 0.20%, 3, 0, 2, 184.43
1621121998, 0, 11, 20, 19, 4, 0.20%, 4, 0, 2, 130.31
1621122003, 0, 15, 20, 18, 3, 0.20%, 4, 0, 2, 168.66
1621122044, 0, 17, 20, 17, 2, 0.20%, 4, 0, 2, 205.22
1621122065, 0, 18, 20, 16, 1, 0.20%, 4, 0, 2, 196.22
1621122090, 1, 9, 20, 15, 0, 0.20%, 4, 0, 2, 194.62
1621122111, 1, 13, 20, 14, 0, 0.20%, 4, 0, 2, 214.24
1621122121, 1, 14, 20, 13, 0, 0.20%, 4, 0, 2, 216.84
1621122132, 2, 0, 20, 12, 0, 0.20%, 4, 0, 2, 217.15
1621122137, 2, 3, 21, 13, 0, 0.20%, 4, 0, 2, 213.08
1621122162, 2, 21, 22, 13, 1, 0.21%, 4, 0, 2, 193.32
1621122204, 2, 21, 23, 14, 1, 0.21%, 4, 0, 3, 183.38
1621122229, 3, 2, 23, 13, 0, 0.21%, 4, 0, 3, 203.55
1621122260, 3, 4, 23, 12, 0, 0.21%, 4, 0, 3, 201.28
1621122331, 3, 6, 23, 11, 0, 0.21%, 4, 0, 3, 207.22
1621122351, 3, 9, 23, 10, 0, 0.21%, 4, 0, 3, 209.17
1621122357, 3, 15, 23, 10, 0, 0.21%, 4, 0, 3, 201.15
1621122362, 3, 18, 23, 10, 0, 0.21%, 4, 0, 3, 200.69
1621122367, 3, 19, 23, 10, 0, 0.21%, 4, 0, 3, 197.19
1621122397, 3, 21, 23, 9, 0, 0.21%, 4, 0, 3, 206.08
1621122403, 3, 22, 23, 9, 0, 0.21%, 4, 0, 3, 198.45
1621122438, 4, 5, 24, 9, 0, 0.21%, 4, 0, 4, 215.99
1621122459, 4, 5, 24, 9, 0, 0.21%, 5, 0, 4, 205.70
1621122464, 4, 8, 24, 8, 0, 0.21%, 5, 0, 4, 195.45
1621122484, 4, 10, 24, 7, 0, 0.21%, 5, 0, 4, 201.64
1621122505, 4, 12, 24, 6, 0, 0.21%, 5, 0, 4, 209.10
1621122515, 4, 13, 24, 5, 0, 0.21%, 5, 0, 4, 56.80
1621122520, 4, 17, 24, 5, 0, 0.21%, 5, 0, 4, 20.75
1621122540, 4, 18, 24, 5, 0, 0.21%, 5, 0, 4, 170.17
1621122546, 4, 22, 24, 5, 0, 0.21%, 5, 0, 4, 190.82
1621122551, 5, 9, 24, 5, 0, 0.21%, 5, 0, 4, 206.51
1621122556, 5, 17, 24, 5, 0, 0.21%, 5, 0, 4, 215.30
1621122562, 5, 17, 24, 5, 0, 0.21%, 5, 1, 4, 5.46
1621122570, 5, 18, 24, 5, 0, 0.21%, 5, 1, 4, 8.46
1621122575, 5, 22, 24, 5, 0, 0.21%, 5, 1, 4, 212.64
1621122586, 5, 23, 24, 5, 0, 0.21%, 5, 1, 4, 192.35
1621122731, 5, 23, 24, 5, 0, 0.21%, 5, 2, 4, 7.52
1621122859, 6, 1, 24, 4, 0, 0.21%, 5, 2, 4, 179.58
1621122904, 6, 9, 24, 3, 0, 0.21%, 5, 2, 4, 210.56
1621122912, 6, 15, 24, 3, 0, 0.21%, 5, 2, 4, 6.22
1621122922, 6, 17, 24, 3, 0, 0.21%, 5, 2, 4, 2.53
1621122942, 6, 22, 24, 3, 0, 0.21%, 5, 2, 4, 5.46
1621122948, 7, 1, 24, 3, 0, 0.21%, 5, 2, 4, 0.20
1621122961, 7, 2, 24, 3, 0, 0.21%, 5, 2, 4, 7.71
1621122966, 7, 7, 24, 3, 0, 0.21%, 5, 2, 4, 206.05
1621122998, 7, 15, 24, 2, 0, 0.21%, 5, 2, 4, 129.13
1621123004, 7, 16, 24, 2, 0, 0.21%, 5, 2, 4, 184.75
1621123036, 7, 17, 24, 1, 0, 0.21%, 5, 2, 4, 5.46
1621123054, 7, 20, 24, 1, 0, 0.21%, 5, 2, 4, 187.52
1621123161, 7, 20, 25, 2, 0, 0.21%, 5, 2, 4, 6.96
1621123168, 7, 20, 30, 7, 0, 0.21%, 5, 2, 4, 2.38
1621123178, 7, 20, 33, 10, 0, 0.21%, 6, 2, 4, 234.80
