# unix_time, cycles_done, cur_path, paths_total, pending_total, pending_favs, map_size, unique_crashes, unique_hangs, max_depth, execs_per_sec
1654313537, 0, 0, 1, 1, 1, 0.70%, 0, 0, 1, 45.71
1654313573, 0, 0, 2, 2, 1, 0.70%, 0, 0, 2, 49.42
1654313583, 0, 1, 2, 1, 0, 0.70%, 0, 0, 2, 42.59
1654313588, 0, 1, 3, 2, 0, 0.70%, 0, 0, 3, 153.69
1654313720, 0, 2, 3, 1, 1, 0.70%, 0, 0, 3, 88.38
1654313797, 2, 1, 3, 0, 0, 0.70%, 0, 0, 3, 85.72
1654313802, 4, 0, 3, 0, 0, 0.70%, 0, 0, 3, 63.86
1654313807, 5, 2, 3, 0, 0, 0.70%, 0, 0, 3, 59.77
1654313812, 7, 1, 3, 0, 0, 0.70%, 0, 0, 3, 60.45
1654313817, 9, 2, 3, 0, 0, 0.70%, 0, 0, 3, 68.29
1654313822, 11, 1, 3, 0, 0, 0.70%, 0, 0, 3, 58.19
1654313827, 13, 0, 3, 0, 0, 0.70%, 0, 0, 3, 58.20
1654313832, 15, 1, 3, 0, 0, 0.70%, 0, 0, 3, 72.49
1654313837, 17, 0, 3, 0, 0, 0.70%, 0, 0, 3, 59.93
1654313843, 18, 2, 3, 0, 0, 0.70%, 0, 0, 3, 58.74
1654313848, 20, 2, 3, 0, 0, 0.70%, 0, 0, 3, 67.60
1654313853, 23, 0, 3, 0, 0, 0.70%, 0, 0, 3, 66.11
1654313858, 24, 1, 3, 0, 0, 0.70%, 0, 0, 3, 58.74
1654313863, 26, 1, 3, 0, 0, 0.70%, 0, 0, 3, 58.97
1654313869, 28, 0, 3, 0, 0, 0.70%, 0, 0, 3, 58.77
1654313874, 30, 0, 3, 0, 0, 0.70%, 0, 0, 3, 58.21
1654313879, 31, 2, 3, 0, 0, 0.70%, 0, 0, 3, 58.36
1654313884, 33, 1, 3, 0, 0, 0.70%, 0, 0, 3, 57.05
1654313889, 35, 0, 3, 0, 0, 0.70%, 0, 0, 3, 57.16
1654313894, 37, 1, 3, 0, 0, 0.70%, 0, 0, 3, 69.78
1654313899, 39, 1, 3, 0, 0, 0.70%, 0, 0, 3, 70.85
1654313904, 41, 1, 3, 0, 0, 0.70%, 0, 0, 3, 74.61
1654313910, 43, 2, 3, 0, 0, 0.70%, 0, 0, 3, 70.61
1654313915, 45, 2, 3, 0, 0, 0.70%, 0, 0, 3, 65.22
1654313920, 47, 2, 3, 0, 0, 0.70%, 0, 0, 3, 69.21
1654313925, 50, 0, 3, 0, 0, 0.70%, 0, 0, 3, 73.11
1654313930, 52, 0, 3, 0, 0, 0.70%, 0, 0, 3, 64.04
1654313935, 53, 2, 3, 0, 0, 0.70%, 0, 0, 3, 60.75
1654313941, 56, 0, 3, 0, 0, 0.70%, 0, 0, 3, 71.06
1654313946, 57, 1, 3, 0, 0, 0.70%, 0, 0, 3, 61.01
1654313951, 59, 1, 3, 0, 0, 0.70%, 0, 0, 3, 59.38
1654313956, 61, 1, 3, 0, 0, 0.70%, 0, 0, 3, 69.90
1654313961, 63, 2, 3, 0, 0, 0.70%, 0, 0, 3, 71.19
1654313966, 65, 1, 3, 0, 0, 0.70%, 0, 0, 3, 62.39
1654313971, 67, 1, 3, 0, 0, 0.70%, 0, 0, 3, 59.56
1654313977, 69, 1, 3, 0, 0, 0.70%, 0, 0, 3, 68.77
1654313982, 71, 1, 3, 0, 0, 0.70%, 0, 0, 3, 70.26
1654313987, 73, 1, 3, 0, 0, 0.70%, 0, 0, 3, 64.78
1654313992, 75, 0, 3, 0, 0, 0.70%, 0, 0, 3, 57.34
1654313997, 77, 0, 3, 0, 0, 0.70%, 0, 0, 3, 57.51
1654314003, 78, 2, 3, 0, 0, 0.70%, 0, 0, 3, 57.55
1654314008, 80, 1, 3, 0, 0, 0.70%, 0, 0, 3, 57.85
1654314013, 82, 0, 3, 0, 0, 0.70%, 0, 0, 3, 57.49
1654314018, 84, 0, 3, 0, 0, 0.70%, 0, 0, 3, 58.67
1654314023, 85, 1, 3, 0, 0, 0.70%, 0, 0, 3, 58.14
1654314028, 87, 1, 3, 0, 0, 0.70%, 0, 0, 3, 58.04
1654314033, 89, 0, 3, 0, 0, 0.70%, 0, 0, 3, 58.11
1654314038, 90, 2, 3, 0, 0, 0.70%, 0, 0, 3, 59.70
1654314043, 93, 0, 3, 0, 0, 0.70%, 0, 0, 3, 71.55
1654314048, 94, 2, 3, 0, 0, 0.70%, 0, 0, 3, 60.30
1654314053, 96, 1, 3, 0, 0, 0.70%, 0, 0, 3, 59.81
1654314059, 98, 2, 3, 0, 0, 0.70%, 0, 0, 3, 69.82
1654314064, 100, 1, 3, 0, 0, 0.70%, 0, 0, 3, 61.04
1654314069, 102, 1, 3, 0, 0, 0.70%, 0, 0, 3, 59.12
1654314074, 104, 0, 3, 0, 0, 0.70%, 0, 0, 3, 58.57
1654314079, 106, 0, 3, 0, 0, 0.70%, 0, 0, 3, 69.08
1654314084, 108, 0, 3, 0, 0, 0.70%, 0, 0, 3, 62.67
1654314089, 109, 2, 3, 0, 0, 0.70%, 0, 0, 3, 59.37
1654314095, 111, 1, 3, 0, 0, 0.70%, 0, 0, 3, 57.52
1654314100, 113, 0, 3, 0, 0, 0.70%, 0, 0, 3, 56.99
1654314105, 115, 0, 3, 0, 0, 0.70%, 0, 0, 3, 66.52
1654314110, 117, 1, 3, 0, 0, 0.70%, 0, 0, 3, 70.73
1654314115, 119, 1, 3, 0, 0, 0.70%, 0, 0, 3, 63.90
1654314120, 121, 0, 3, 0, 0, 0.70%, 0, 0, 3, 59.24
1654314125, 122, 2, 3, 0, 0, 0.70%, 0, 0, 3, 57.46
1654314131, 124, 1, 3, 0, 0, 0.70%, 0, 0, 3, 57.48
1654314136, 126, 1, 3, 0, 0, 0.70%, 0, 0, 3, 58.67
1654314141, 128, 0, 3, 0, 0, 0.70%, 0, 0, 3, 61.02
1654314146, 130, 1, 3, 0, 0, 0.70%, 0, 0, 3, 68.31
1654314155, 131, 1, 3, 0, 0, 0.70%, 0, 1, 3, 1.18
1654314160, 133, 1, 3, 0, 0, 0.70%, 0, 1, 3, 60.17
1654314165, 135, 0, 3, 0, 0, 0.70%, 0, 1, 3, 58.21
1654314170, 137, 0, 3, 0, 0, 0.70%, 0, 1, 3, 59.49
1654314175, 138, 1, 3, 0, 0, 0.70%, 0, 1, 3, 59.58
1654314180, 140, 1, 3, 0, 0, 0.70%, 0, 1, 3, 59.66
1654314186, 142, 0, 3, 0, 0, 0.70%, 0, 1, 3, 60.61
1654314195, 144, 1, 3, 0, 0, 0.70%, 0, 1, 3, 0.99
1654314200, 146, 0, 3, 0, 0, 0.70%, 0, 1, 3, 57.55
1654314205, 147, 2, 3, 0, 0, 0.70%, 0, 1, 3, 58.05
1654314211, 149, 1, 3, 0, 0, 0.70%, 0, 1, 3, 56.90
1654314216, 151, 1, 3, 0, 0, 0.70%, 0, 1, 3, 65.89
1654314221, 153, 1, 3, 0, 0, 0.70%, 0, 1, 3, 65.27
1654314226, 155, 1, 3, 0, 0, 0.70%, 0, 1, 3, 69.37
1654314231, 157, 1, 3, 0, 0, 0.70%, 0, 1, 3, 63.34
1654314236, 159, 1, 3, 0, 0, 0.70%, 0, 1, 3, 69.45
1654314242, 161, 1, 3, 0, 0, 0.70%, 0, 1, 3, 62.93
1654314247, 163, 2, 3, 0, 0, 0.70%, 0, 1, 3, 72.32
1654314252, 165, 1, 3, 0, 0, 0.70%, 0, 1, 3, 60.33
1654314257, 167, 0, 3, 0, 0, 0.70%, 0, 1, 3, 58.82
1654314262, 169, 0, 3, 0, 0, 0.70%, 0, 1, 3, 58.59
1654314267, 170, 1, 3, 0, 0, 0.70%, 0, 1, 3, 58.42
1654314272, 172, 1, 3, 0, 0, 0.70%, 0, 1, 3, 57.45
1654314281, 173, 1, 3, 0, 0, 0.70%, 0, 1, 3, 1.18
1654314286, 175, 1, 3, 0, 0, 0.70%, 0, 1, 3, 60.95
1654314291, 177, 0, 3, 0, 0, 0.70%, 0, 1, 3, 59.65
1654314299, 178, 0, 3, 0, 0, 0.70%, 0, 1, 3, 1.56
1654314309, 179, 1, 3, 0, 0, 0.70%, 0, 1, 3, 0.99
1654314314, 181, 2, 3, 0, 0, 0.70%, 0, 1, 3, 68.78
1654314320, 182, 0, 3, 0, 0, 0.70%, 0, 1, 3, 1.75
1654314325, 183, 2, 3, 0, 0, 0.70%, 0, 1, 3, 59.30
1654314330, 185, 1, 3, 0, 0, 0.70%, 0, 1, 3, 58.30
1654314336, 185, 2, 3, 0, 0, 0.70%, 0, 1, 3, 1.75
1654314341, 188, 0, 3, 0, 0, 0.70%, 0, 1, 3, 73.90
1654314346, 190, 0, 3, 0, 0, 0.70%, 0, 1, 3, 68.38
1654314351, 192, 1, 3, 0, 0, 0.70%, 0, 1, 3, 70.04
1654314356, 194, 0, 3, 0, 0, 0.70%, 0, 1, 3, 59.90
1654314361, 196, 0, 3, 0, 0, 0.70%, 0, 1, 3, 71.04
1654314366, 198, 0, 3, 0, 0, 0.70%, 0, 1, 3, 61.68
1654314372, 200, 0, 3, 0, 0, 0.70%, 0, 1, 3, 69.22
1654314377, 201, 2, 3, 0, 0, 0.70%, 0, 1, 3, 61.42
1654314382, 203, 2, 3, 0, 0, 0.70%, 0, 1, 3, 66.08
1654314387, 205, 2, 3, 0, 0, 0.70%, 0, 1, 3, 63.01
1654314392, 207, 1, 3, 0, 0, 0.70%, 0, 1, 3, 59.12
1654314397, 209, 1, 3, 0, 0, 0.70%, 0, 1, 3, 67.29
1654314402, 211, 1, 3, 0, 0, 0.70%, 0, 1, 3, 63.48
1654314408, 213, 1, 3, 0, 0, 0.70%, 0, 1, 3, 58.70
1654314413, 215, 0, 3, 0, 0, 0.70%, 0, 1, 3, 57.28
1654314418, 217, 0, 3, 0, 0, 0.70%, 0, 1, 3, 65.88
1654314423, 219, 0, 3, 0, 0, 0.70%, 0, 1, 3, 63.57
1654314428, 220, 2, 3, 0, 0, 0.70%, 0, 1, 3, 65.03
1654314433, 222, 2, 3, 0, 0, 0.70%, 0, 1, 3, 66.27
1654314439, 224, 2, 3, 0, 0, 0.70%, 0, 1, 3, 65.02
1654314444, 227, 0, 3, 0, 0, 0.70%, 0, 1, 3, 67.28
1654314449, 228, 2, 3, 0, 0, 0.70%, 0, 1, 3, 68.52
1654314454, 231, 0, 3, 0, 0, 0.70%, 0, 1, 3, 65.17
1654314459, 232, 2, 3, 0, 0, 0.70%, 0, 1, 3, 63.55
1654314464, 234, 2, 3, 0, 0, 0.70%, 0, 1, 3, 66.65
1654314469, 237, 0, 3, 0, 0, 0.70%, 0, 1, 3, 73.13
1654314478, 238, 0, 3, 0, 0, 0.70%, 0, 1, 3, 0.79
1654314483, 240, 0, 3, 0, 0, 0.70%, 0, 1, 3, 59.65
1654314488, 241, 2, 3, 0, 0, 0.70%, 0, 1, 3, 58.68
1654314493, 243, 1, 3, 0, 0, 0.70%, 0, 1, 3, 57.74
1654314498, 245, 1, 3, 0, 0, 0.70%, 0, 1, 3, 65.91
1654314503, 247, 1, 3, 0, 0, 0.70%, 0, 1, 3, 65.73
1654314508, 249, 1, 3, 0, 0, 0.70%, 0, 1, 3, 69.46
1654314514, 251, 1, 3, 0, 0, 0.70%, 0, 1, 3, 59.53
1654314519, 253, 0, 3, 0, 0, 0.70%, 0, 1, 3, 64.04
1654314524, 255, 0, 3, 0, 0, 0.70%, 0, 1, 3, 65.59
1654314529, 257, 0, 3, 0, 0, 0.70%, 0, 1, 3, 60.01
1654314534, 258, 2, 3, 0, 0, 0.70%, 0, 1, 3, 64.79
1654314539, 261, 0, 3, 0, 0, 0.70%, 0, 1, 3, 65.52
1654314544, 262, 2, 3, 0, 0, 0.70%, 0, 1, 3, 60.14
1654314549, 264, 2, 3, 0, 0, 0.70%, 0, 1, 3, 68.97
1654314555, 266, 2, 3, 0, 0, 0.70%, 0, 1, 3, 62.72
1654314560, 268, 1, 3, 0, 0, 0.70%, 0, 1, 3, 58.69
1654314565, 270, 0, 3, 0, 0, 0.70%, 0, 1, 3, 58.27
1654314570, 272, 0, 3, 0, 0, 0.70%, 0, 1, 3, 62.36
1654314580, 274, 0, 3, 0, 0, 0.70%, 0, 1, 3, 1.76
1654314590, 275, 2, 3, 0, 0, 0.70%, 0, 1, 3, 0.60
1654314599, 277, 0, 3, 0, 0, 0.70%, 0, 1, 3, 1.75
1654314605, 277, 1, 3, 0, 0, 0.70%, 0, 1, 3, 1.94
1654314610, 279, 1, 3, 0, 0, 0.70%, 0, 1, 3, 60.67
1654314615, 281, 0, 3, 0, 0, 0.70%, 0, 1, 3, 57.66
1654314621, 281, 1, 3, 0, 0, 0.70%, 0, 1, 3, 2.89
1654314629, 282, 1, 3, 0, 0, 0.70%, 0, 1, 3, 2.32
1654314634, 284, 1, 3, 0, 0, 0.70%, 0, 1, 3, 62.30
1654314639, 286, 1, 3, 0, 0, 0.70%, 0, 1, 3, 72.58
1654314644, 288, 1, 3, 0, 0, 0.70%, 0, 1, 3, 62.70
1654314649, 290, 0, 3, 0, 0, 0.70%, 0, 1, 3, 59.37
1654314654, 291, 2, 3, 0, 0, 0.70%, 0, 1, 3, 58.99
1654314664, 293, 2, 3, 0, 0, 0.70%, 0, 1, 3, 2.71
1654314669, 295, 2, 3, 0, 0, 0.70%, 0, 1, 3, 68.57
1654314674, 298, 0, 3, 0, 0, 0.70%, 0, 1, 3, 70.40
1654314679, 299, 2, 3, 0, 0, 0.70%, 0, 1, 3, 60.63
1654314684, 301, 1, 3, 0, 0, 0.70%, 0, 1, 3, 58.47
1654314689, 303, 1, 3, 0, 0, 0.70%, 0, 1, 3, 64.50
1654314695, 305, 1, 3, 0, 0, 0.70%, 0, 1, 3, 64.17
1654314700, 307, 0, 3, 0, 0, 0.70%, 0, 1, 3, 59.49
1654314705, 309, 0, 3, 0, 0, 0.70%, 0, 1, 3, 58.15
1654314710, 310, 2, 3, 0, 0, 0.70%, 0, 1, 3, 57.25
1654314715, 312, 1, 3, 0, 0, 0.70%, 0, 1, 3, 56.55
1654314723, 313, 1, 3, 0, 0, 0.70%, 0, 1, 3, 2.90
1654314728, 315, 1, 3, 0, 0, 0.70%, 0, 1, 3, 68.71
1654314737, 316, 2, 3, 0, 0, 0.70%, 0, 1, 3, 0.99
1654314742, 318, 0, 5, 2, 0, 0.70%, 0, 1, 3, 66.72
