# unix_time, cycles_done, cur_path, paths_total, pending_total, pending_favs, map_size, unique_crashes, unique_hangs, max_depth, execs_per_sec
1619748335, 0, 0, 3, 3, 2, 32.35%, 0, 0, 1, 25.61
1619748340, 0, 1, 7, 7, 2, 32.85%, 0, 0, 2, 26.38
1619748346, 0, 1, 10, 10, 2, 33.38%, 0, 0, 2, 25.67
1619748351, 0, 1, 15, 15, 2, 33.40%, 0, 0, 2, 25.99
1619748356, 0, 1, 19, 19, 2, 33.40%, 0, 0, 2, 25.75
1619748361, 0, 1, 23, 23, 2, 33.40%, 0, 0, 2, 26.02
1619748366, 0, 1, 24, 24, 2, 33.40%, 0, 0, 2, 25.69
1619748371, 0, 1, 26, 26, 2, 33.40%, 0, 0, 2, 25.99
1619748376, 0, 1, 31, 31, 2, 33.40%, 0, 0, 2, 25.87
1619748381, 0, 1, 34, 34, 2, 33.40%, 0, 0, 2, 25.59
1619748387, 0, 1, 36, 36, 2, 33.40%, 0, 0, 2, 26.18
1619748392, 0, 1, 37, 37, 2, 33.40%, 0, 0, 2, 25.94
1619748397, 0, 1, 39, 39, 2, 33.40%, 0, 0, 2, 25.37
1619748402, 0, 1, 42, 42, 2, 33.40%, 0, 0, 2, 25.49
1619748407, 0, 1, 43, 43, 2, 33.40%, 0, 0, 2, 25.63
1619748412, 0, 1, 45, 45, 2, 33.40%, 0, 0, 2, 25.87
1619748422, 0, 1, 46, 46, 2, 33.40%, 0, 0, 2, 25.37
1619748428, 0, 1, 48, 48, 2, 33.40%, 0, 0, 2, 25.88
1619748433, 0, 1, 49, 49, 2, 33.40%, 0, 0, 2, 25.90
1619748438, 0, 1, 50, 50, 2, 33.40%, 0, 0, 2, 25.98
1619748443, 0, 1, 51, 51, 2, 33.40%, 0, 0, 2, 25.99
1619748468, 0, 1, 53, 53, 2, 33.40%, 0, 0, 2, 25.70
1619748473, 0, 1, 54, 54, 2, 33.43%, 0, 0, 2, 25.40
1619748478, 0, 1, 55, 55, 2, 33.43%, 0, 0, 2, 27.17
1619748483, 0, 1, 57, 57, 2, 33.43%, 0, 0, 2, 26.20
1619748489, 0, 1, 58, 58, 2, 33.43%, 0, 0, 2, 25.74
1619748494, 0, 1, 59, 59, 2, 33.43%, 0, 0, 2, 25.96
1619748499, 0, 1, 60, 60, 2, 33.43%, 0, 0, 2, 25.87
1619748509, 0, 1, 63, 63, 2, 33.43%, 0, 0, 2, 25.97
1619748514, 0, 1, 65, 65, 2, 33.43%, 0, 0, 2, 25.99
1619748529, 0, 1, 66, 66, 2, 33.43%, 0, 0, 2, 25.64
1619748535, 0, 1, 68, 68, 2, 33.43%, 0, 0, 2, 25.87
1619748550, 0, 1, 69, 69, 2, 33.43%, 0, 0, 2, 25.26
1619748555, 0, 1, 70, 70, 2, 33.43%, 0, 0, 2, 25.44
1619748565, 0, 1, 71, 71, 2, 33.43%, 0, 0, 2, 25.67
1619748581, 0, 1, 72, 72, 2, 33.43%, 0, 0, 2, 25.18
1619748586, 0, 1, 73, 73, 2, 33.43%, 0, 0, 2, 25.76
1619748591, 0, 1, 74, 74, 2, 33.43%, 0, 0, 2, 26.07
1619748596, 0, 1, 75, 75, 2, 33.43%, 0, 0, 2, 25.99
1619748606, 0, 1, 76, 76, 2, 33.43%, 0, 0, 2, 25.91
1619748611, 0, 1, 77, 77, 2, 33.43%, 0, 0, 2, 25.20
1619748627, 0, 1, 78, 78, 2, 33.43%, 0, 0, 2, 26.18
1619748632, 0, 1, 79, 79, 2, 33.43%, 0, 0, 2, 26.16
1619748637, 0, 1, 80, 80, 2, 33.43%, 0, 0, 2, 25.94
1619748642, 0, 1, 81, 81, 2, 33.43%, 0, 0, 2, 25.39
1619748647, 0, 1, 83, 83, 2, 33.43%, 0, 0, 2, 26.05
1619748652, 0, 1, 84, 84, 2, 33.43%, 0, 0, 2, 25.81
1619748662, 0, 1, 87, 87, 2, 33.43%, 0, 0, 2, 26.04
1619748673, 0, 1, 88, 88, 2, 33.43%, 0, 0, 2, 25.44
1619748678, 0, 1, 89, 89, 2, 33.43%, 0, 0, 2, 26.00
1619748683, 0, 1, 91, 91, 2, 33.43%, 0, 0, 2, 26.20
1619748688, 0, 1, 94, 94, 2, 33.43%, 0, 0, 2, 25.73
1619748693, 0, 1, 96, 96, 2, 33.43%, 0, 0, 2, 25.68
1619748714, 0, 1, 97, 97, 2, 33.43%, 0, 0, 2, 26.03
1619748719, 0, 1, 98, 98, 2, 33.43%, 0, 0, 2, 26.11
1619748724, 0, 1, 99, 99, 2, 33.43%, 0, 0, 2, 25.87
1619748734, 0, 1, 101, 101, 2, 33.43%, 0, 0, 2, 25.22
1619748739, 0, 1, 106, 106, 2, 33.43%, 0, 0, 2, 25.64
1619748745, 0, 1, 111, 111, 2, 33.43%, 0, 0, 2, 25.74
1619748750, 0, 1, 114, 114, 2, 33.44%, 0, 0, 2, 27.10
1619748760, 0, 1, 115, 115, 2, 33.44%, 0, 0, 2, 25.60
1619748770, 0, 1, 119, 119, 2, 33.44%, 0, 0, 2, 25.63
1619748775, 0, 1, 123, 123, 2, 33.44%, 0, 0, 2, 25.90
1619748781, 0, 1, 128, 128, 2, 33.44%, 0, 0, 2, 26.04
1619748786, 0, 1, 129, 129, 2, 33.44%, 0, 0, 2, 25.80
1619748796, 0, 1, 130, 130, 2, 33.44%, 0, 0, 2, 25.18
1619748801, 0, 1, 132, 132, 2, 33.44%, 0, 0, 2, 25.73
1619748806, 0, 1, 134, 134, 2, 33.44%, 0, 0, 2, 26.06
1619748827, 0, 1, 136, 136, 2, 33.44%, 0, 0, 2, 25.33
1619748842, 0, 1, 138, 138, 2, 33.44%, 0, 0, 2, 26.19
1619748868, 0, 1, 139, 139, 2, 33.44%, 0, 0, 2, 26.06
1619748873, 0, 1, 140, 140, 2, 33.44%, 0, 0, 2, 27.10
1619748883, 0, 1, 141, 141, 2, 33.44%, 0, 0, 2, 25.36
1619748888, 0, 1, 142, 142, 2, 33.44%, 0, 0, 2, 25.61
1619748929, 0, 1, 143, 143, 2, 33.44%, 0, 0, 2, 26.06
1619748934, 0, 1, 144, 144, 2, 33.44%, 0, 0, 2, 25.59
1619748955, 0, 1, 145, 145, 2, 33.44%, 0, 0, 2, 25.84
1619748960, 0, 1, 146, 146, 2, 33.44%, 0, 0, 2, 25.91
1619748970, 0, 1, 147, 147, 2, 33.44%, 0, 0, 2, 26.55
1619748975, 0, 1, 148, 148, 2, 33.44%, 0, 0, 2, 26.54
1619748981, 0, 1, 150, 150, 2, 33.44%, 0, 0, 2, 25.96
1619749001, 0, 1, 152, 152, 2, 33.44%, 0, 0, 2, 25.43
1619749016, 0, 1, 153, 153, 2, 33.44%, 0, 0, 2, 25.63
1619749042, 0, 1, 154, 154, 2, 33.44%, 0, 0, 2, 26.05
1619749052, 0, 1, 156, 156, 2, 33.44%, 0, 0, 2, 25.53
1619749057, 0, 1, 157, 157, 2, 33.44%, 0, 0, 2, 25.76
1619749062, 0, 1, 159, 159, 2, 33.49%, 0, 0, 2, 28.08
1619749067, 0, 1, 162, 162, 2, 33.49%, 0, 0, 2, 29.48
1619749072, 0, 1, 163, 163, 2, 33.49%, 0, 0, 2, 26.77
1619749083, 0, 1, 164, 164, 2, 33.49%, 0, 0, 2, 23.44
1619749093, 0, 1, 165, 165, 2, 33.49%, 0, 0, 2, 25.31
1619749098, 0, 1, 166, 166, 2, 33.49%, 0, 0, 2, 26.44
1619749103, 0, 1, 168, 168, 2, 33.49%, 0, 0, 2, 26.44
1619749134, 0, 1, 169, 169, 2, 33.49%, 0, 0, 2, 25.89
1619749139, 0, 1, 170, 170, 2, 33.49%, 0, 0, 2, 25.41
1619749165, 0, 1, 172, 172, 2, 33.49%, 0, 0, 2, 25.84
1619749175, 0, 1, 173, 173, 2, 33.49%, 0, 0, 2, 25.84
1619749180, 0, 1, 174, 174, 2, 33.49%, 0, 0, 2, 25.64
1619749190, 0, 1, 175, 175, 2, 33.49%, 0, 0, 2, 26.08
1619749200, 0, 1, 176, 176, 2, 33.49%, 0, 0, 2, 25.34
1619749216, 0, 1, 177, 177, 2, 33.49%, 0, 0, 2, 25.66
1619749236, 0, 1, 178, 178, 2, 33.49%, 0, 0, 2, 25.95
1619749272, 0, 1, 180, 180, 2, 33.49%, 0, 0, 2, 26.00
1619749318, 0, 1, 181, 181, 2, 33.49%, 0, 0, 2, 25.88
1619749328, 0, 1, 182, 182, 2, 33.49%, 0, 0, 2, 26.11
1619749333, 0, 1, 183, 183, 2, 33.49%, 0, 0, 2, 26.57
1619749379, 0, 1, 184, 184, 2, 33.49%, 0, 0, 2, 25.60
1619749394, 0, 1, 185, 185, 2, 33.49%, 0, 0, 2, 26.24
1619749410, 0, 1, 186, 186, 2, 33.49%, 0, 0, 2, 26.16
1619749415, 0, 1, 187, 187, 2, 33.49%, 0, 0, 2, 25.36
1619749425, 0, 1, 188, 188, 2, 33.49%, 0, 0, 2, 25.86
1619749446, 0, 1, 189, 189, 2, 33.49%, 0, 0, 2, 26.09
1619749476, 0, 1, 190, 190, 2, 33.49%, 0, 0, 2, 25.80
1619749481, 0, 1, 191, 191, 2, 33.49%, 0, 0, 2, 25.34
1619749487, 0, 1, 192, 192, 2, 33.49%, 0, 0, 2, 25.92
1619749502, 0, 1, 193, 193, 2, 33.49%, 0, 0, 2, 26.30
1619749512, 0, 1, 194, 194, 2, 33.49%, 0, 0, 2, 25.80
1619749528, 0, 1, 196, 196, 2, 33.49%, 0, 0, 2, 25.48
1619749533, 0, 1, 197, 197, 2, 33.89%, 0, 0, 2, 25.78
