# unix_time, cycles_done, cur_path, paths_total, pending_total, pending_favs, map_size, unique_crashes, unique_hangs, max_depth, execs_per_sec
1654292846, 0, 0, 15, 15, 1, 0.14%, 0, 0, 1, 186.63
1654292851, 0, 3, 15, 15, 1, 0.14%, 0, 0, 1, 188.13
1654292862, 0, 6, 15, 14, 0, 0.14%, 0, 0, 1, 288.64
1654292877, 1, 9, 15, 13, 0, 0.14%, 0, 0, 1, 235.24
1654292892, 1, 11, 15, 12, 0, 0.14%, 0, 0, 1, 326.83
1654292903, 1, 12, 15, 11, 0, 0.14%, 0, 0, 1, 321.76
1654292913, 1, 14, 15, 10, 0, 0.14%, 0, 0, 1, 340.34
1654292923, 2, 4, 15, 9, 0, 0.14%, 0, 0, 1, 338.72
1654292933, 2, 7, 15, 8, 0, 0.14%, 0, 0, 1, 310.31
1654292949, 3, 10, 15, 7, 0, 0.14%, 0, 0, 1, 217.21
1654292964, 4, 8, 15, 6, 0, 0.14%, 0, 0, 1, 258.74
1654292974, 5, 1, 15, 5, 0, 0.14%, 0, 0, 1, 301.86
1654292990, 5, 12, 15, 4, 0, 0.14%, 0, 0, 1, 231.44
1654292995, 6, 0, 15, 4, 0, 0.14%, 0, 0, 1, 200.66
1654293010, 6, 12, 15, 3, 0, 0.14%, 0, 0, 1, 186.02
1654293015, 7, 2, 15, 3, 0, 0.14%, 0, 0, 1, 189.82
1654293031, 8, 7, 15, 2, 0, 0.14%, 0, 0, 1, 268.37
1654293036, 9, 13, 15, 2, 0, 0.14%, 0, 0, 1, 315.03
1654293046, 10, 12, 15, 1, 0, 0.14%, 0, 0, 1, 222.34
1654293051, 13, 12, 15, 1, 0, 0.14%, 0, 0, 1, 316.84
1654293056, 14, 14, 15, 1, 0, 0.14%, 0, 0, 1, 218.05
1654293062, 16, 5, 15, 1, 0, 0.14%, 0, 0, 1, 324.54
1654293082, 17, 9, 15, 0, 0, 0.14%, 0, 0, 1, 242.12
1654293087, 19, 5, 15, 0, 0, 0.14%, 0, 0, 1, 311.58
1654293092, 21, 0, 15, 0, 0, 0.14%, 0, 0, 1, 295.52
1654293097, 22, 5, 15, 0, 0, 0.14%, 0, 0, 1, 206.15
1654293103, 23, 13, 15, 0, 0, 0.14%, 0, 0, 1, 190.83
1654293108, 25, 5, 15, 0, 0, 0.14%, 0, 0, 1, 188.55
1654293113, 26, 5, 15, 0, 0, 0.14%, 0, 0, 1, 188.26
1654293118, 26, 11, 15, 0, 0, 0.14%, 0, 0, 1, 188.44
1654293123, 27, 11, 15, 0, 0, 0.14%, 0, 0, 1, 188.49
1654293129, 29, 5, 15, 0, 0, 0.14%, 0, 0, 1, 310.01
1654293134, 30, 11, 15, 0, 0, 0.14%, 0, 0, 1, 216.43
1654293139, 31, 11, 15, 0, 0, 0.14%, 0, 0, 1, 194.94
1654293144, 33, 5, 15, 0, 0, 0.14%, 0, 0, 1, 190.45
1654293149, 33, 11, 15, 0, 0, 0.14%, 0, 0, 1, 190.53
1654293154, 36, 7, 15, 0, 0, 0.14%, 0, 0, 1, 282.17
1654293159, 38, 5, 15, 0, 0, 0.14%, 0, 0, 1, 296.48
1654293164, 40, 3, 15, 0, 0, 0.14%, 0, 0, 1, 274.02
1654293169, 41, 3, 15, 0, 0, 0.14%, 0, 0, 1, 209.38
1654293175, 43, 5, 15, 0, 0, 0.14%, 0, 0, 1, 286.77
1654293180, 44, 14, 15, 0, 0, 0.14%, 0, 0, 1, 299.76
1654293185, 47, 5, 15, 0, 0, 0.14%, 0, 0, 1, 258.35
1654293190, 50, 2, 15, 0, 0, 0.14%, 0, 0, 1, 311.21
1654293195, 51, 5, 15, 0, 0, 0.14%, 0, 0, 1, 233.38
1654293200, 54, 5, 15, 0, 0, 0.14%, 0, 0, 1, 311.82
1654293205, 55, 13, 15, 0, 0, 0.14%, 0, 0, 1, 227.29
1654293210, 57, 4, 15, 0, 0, 0.14%, 0, 0, 1, 254.09
1654293215, 58, 5, 15, 0, 0, 0.14%, 0, 0, 1, 275.31
1654293220, 60, 14, 15, 0, 0, 0.14%, 0, 0, 1, 228.15
1654293225, 63, 0, 15, 0, 0, 0.14%, 0, 0, 1, 294.81
1654293230, 64, 5, 15, 0, 0, 0.14%, 0, 0, 1, 204.38
1654293235, 65, 5, 15, 0, 0, 0.14%, 0, 0, 1, 193.85
1654293240, 66, 8, 15, 0, 0, 0.14%, 0, 0, 1, 183.91
1654293246, 69, 4, 15, 0, 0, 0.14%, 0, 0, 1, 301.02
1654293251, 70, 5, 15, 0, 0, 0.14%, 0, 0, 1, 310.58
1654293256, 73, 0, 15, 0, 0, 0.14%, 0, 0, 1, 247.92
1654293261, 73, 7, 15, 0, 0, 0.14%, 0, 0, 1, 204.44
1654293266, 75, 9, 15, 0, 0, 0.14%, 0, 0, 1, 308.69
1654293271, 76, 13, 15, 0, 0, 0.14%, 0, 0, 1, 278.88
1654293276, 79, 5, 15, 0, 0, 0.14%, 0, 0, 1, 301.36
1654293281, 82, 5, 15, 0, 0, 0.14%, 0, 0, 1, 292.11
1654293287, 85, 5, 15, 0, 0, 0.14%, 0, 0, 1, 292.61
1654293292, 86, 5, 15, 0, 0, 0.14%, 0, 0, 1, 313.59
1654293297, 88, 5, 15, 0, 0, 0.14%, 0, 0, 1, 317.01
1654293302, 90, 5, 15, 0, 0, 0.14%, 0, 0, 1, 284.63
1654293307, 92, 6, 15, 0, 0, 0.14%, 0, 0, 1, 330.65
1654293312, 95, 5, 15, 0, 0, 0.14%, 0, 0, 1, 323.98
1654293317, 96, 5, 15, 0, 0, 0.14%, 0, 0, 1, 230.65
1654293322, 97, 5, 15, 0, 0, 0.14%, 0, 0, 1, 188.99
1654293327, 99, 5, 15, 0, 0, 0.14%, 0, 0, 1, 255.32
1654293332, 100, 5, 15, 0, 0, 0.14%, 0, 0, 1, 252.23
1654293337, 102, 5, 15, 0, 0, 0.14%, 0, 0, 1, 201.84
1654293342, 103, 12, 15, 0, 0, 0.14%, 0, 0, 1, 262.76
1654293347, 105, 5, 15, 0, 0, 0.14%, 0, 0, 1, 247.61
1654293352, 106, 4, 15, 0, 0, 0.14%, 0, 0, 1, 250.28
1654293358, 108, 2, 15, 0, 0, 0.14%, 0, 0, 1, 272.92
1654293363, 108, 5, 15, 0, 0, 0.14%, 0, 0, 1, 261.28
1654293368, 110, 0, 15, 0, 0, 0.14%, 0, 0, 1, 266.69
1654293373, 110, 8, 15, 0, 0, 0.14%, 0, 0, 1, 207.28
1654293378, 112, 5, 15, 0, 0, 0.14%, 0, 0, 1, 187.23
1654293383, 113, 3, 15, 0, 0, 0.14%, 0, 0, 1, 250.47
1654293388, 115, 5, 15, 0, 0, 0.14%, 0, 0, 1, 262.98
1654293393, 118, 5, 15, 0, 0, 0.14%, 0, 0, 1, 314.66
1654293398, 121, 5, 15, 0, 0, 0.14%, 0, 0, 1, 332.05
1654293403, 123, 5, 15, 0, 0, 0.14%, 0, 0, 1, 255.07
1654293409, 125, 9, 15, 0, 0, 0.14%, 0, 0, 1, 307.03
1654293414, 126, 5, 15, 0, 0, 0.14%, 0, 0, 1, 210.16
1654293419, 127, 12, 15, 0, 0, 0.14%, 0, 0, 1, 211.33
1654293424, 130, 5, 15, 0, 0, 0.14%, 0, 0, 1, 291.50
1654293429, 132, 5, 15, 0, 0, 0.14%, 0, 0, 1, 323.00
1654293434, 135, 8, 15, 0, 0, 0.14%, 0, 0, 1, 325.76
1654293439, 136, 5, 15, 0, 0, 0.14%, 0, 0, 1, 303.11
1654293444, 139, 4, 15, 0, 0, 0.14%, 0, 0, 1, 270.56
1654293449, 140, 5, 15, 0, 0, 0.14%, 0, 0, 1, 294.45
1654293458, 141, 5, 15, 0, 0, 0.14%, 0, 1, 1, 6.75
1654293463, 143, 5, 15, 0, 0, 0.14%, 0, 1, 1, 309.72
1654293477, 145, 13, 15, 0, 0, 0.14%, 0, 1, 1, 1.19
1654293485, 146, 5, 15, 0, 0, 0.14%, 0, 1, 1, 2.96
1654293496, 147, 4, 15, 0, 0, 0.14%, 0, 1, 1, 215.44
1654293501, 148, 5, 15, 0, 0, 0.14%, 0, 1, 1, 270.16
1654293508, 149, 5, 15, 0, 0, 0.14%, 0, 2, 1, 5.90
1654293516, 150, 8, 15, 0, 0, 0.14%, 0, 2, 1, 6.95
1654293524, 150, 9, 15, 0, 0, 0.14%, 0, 2, 1, 4.34
1654293533, 153, 5, 15, 0, 0, 0.14%, 0, 2, 1, 4.93
1654293538, 155, 5, 15, 0, 0, 0.14%, 0, 2, 1, 191.56
1654293552, 156, 5, 15, 0, 0, 0.14%, 0, 2, 1, 1.00
1654293557, 158, 2, 15, 0, 0, 0.14%, 0, 2, 1, 256.10
1654293567, 159, 1, 15, 0, 0, 0.14%, 0, 2, 1, 3.96
1654293580, 159, 5, 15, 0, 0, 0.14%, 0, 2, 1, 8.40
1654293587, 160, 3, 15, 0, 0, 0.14%, 0, 2, 1, 12.92
1654293596, 161, 3, 15, 0, 0, 0.14%, 0, 2, 1, 6.09
1654293601, 162, 10, 15, 0, 0, 0.14%, 0, 2, 1, 306.69
1654293610, 164, 5, 15, 0, 0, 0.14%, 0, 2, 1, 1.20
1654293618, 165, 5, 15, 0, 0, 0.14%, 0, 2, 1, 5.82
1654293627, 167, 5, 15, 0, 0, 0.14%, 0, 2, 1, 13.11
1654293640, 170, 5, 15, 0, 0, 0.14%, 0, 2, 1, 4.73
1654293645, 171, 9, 15, 0, 0, 0.14%, 0, 2, 1, 194.47
1654293651, 172, 5, 15, 0, 0, 0.14%, 0, 2, 1, 7.06
1654293656, 174, 13, 15, 0, 0, 0.14%, 0, 2, 1, 301.97
1654293661, 177, 1, 15, 0, 0, 0.14%, 0, 2, 1, 289.62
1654293673, 177, 5, 15, 0, 0, 0.14%, 0, 2, 1, 10.28
1654293678, 179, 5, 15, 0, 0, 0.14%, 0, 2, 1, 190.75
1654293690, 179, 10, 15, 0, 0, 0.14%, 0, 2, 1, 7.62
1654293700, 180, 4, 15, 0, 0, 0.14%, 0, 2, 1, 2.95
1654293705, 180, 10, 15, 0, 0, 0.14%, 0, 2, 1, 277.71
1654293710, 181, 5, 15, 0, 0, 0.14%, 0, 2, 1, 7.68
1654293715, 184, 5, 15, 0, 0, 0.14%, 0, 2, 1, 339.11
1654293727, 185, 5, 15, 0, 0, 0.14%, 0, 2, 1, 4.93
1654293732, 186, 5, 15, 0, 0, 0.14%, 0, 2, 1, 244.30
1654293739, 187, 5, 15, 0, 0, 0.14%, 0, 2, 1, 4.69
1654293745, 188, 12, 15, 0, 0, 0.14%, 0, 2, 1, 259.02
1654293756, 190, 5, 15, 0, 0, 0.14%, 0, 2, 1, 188.37
1654293761, 191, 6, 15, 0, 0, 0.14%, 0, 2, 1, 314.13
1654293768, 192, 5, 15, 0, 0, 0.14%, 0, 2, 1, 2.18
1654293773, 194, 5, 15, 0, 0, 0.14%, 0, 2, 1, 234.56
1654293782, 196, 0, 15, 0, 0, 0.14%, 0, 2, 1, 8.96
1654293790, 196, 5, 15, 0, 0, 0.14%, 0, 2, 1, 2.38
1654293798, 197, 5, 15, 0, 0, 0.14%, 0, 2, 1, 11.42
1654293811, 198, 5, 15, 0, 0, 0.14%, 0, 2, 1, 2.96
1654293816, 201, 5, 15, 0, 0, 0.14%, 0, 2, 1, 263.72
1654293822, 201, 8, 15, 0, 0, 0.14%, 0, 2, 1, 1.39
1654293833, 203, 5, 15, 0, 0, 0.14%, 0, 2, 1, 260.13
1654293840, 204, 5, 15, 0, 0, 0.14%, 0, 2, 1, 10.10
1654293847, 205, 5, 15, 0, 0, 0.14%, 0, 2, 1, 13.46
1654293854, 206, 5, 15, 0, 0, 0.14%, 0, 2, 1, 1.00
1654293859, 207, 5, 15, 0, 0, 0.14%, 0, 2, 1, 186.13
1654293868, 207, 8, 15, 0, 0, 0.14%, 0, 2, 1, 6.19
1654293873, 208, 8, 15, 0, 0, 0.14%, 0, 2, 1, 261.89
1654293882, 209, 5, 15, 0, 0, 0.14%, 0, 2, 1, 7.24
1654293888, 211, 11, 15, 0, 0, 0.14%, 0, 2, 1, 319.11
1654293894, 211, 13, 15, 0, 0, 0.14%, 0, 2, 1, 5.32
1654293901, 212, 0, 15, 0, 0, 0.14%, 0, 2, 1, 6.75
1654293906, 213, 5, 15, 0, 0, 0.14%, 0, 2, 1, 185.99
1654293918, 214, 0, 15, 0, 0, 0.14%, 0, 2, 1, 11.61
1654293928, 215, 5, 15, 0, 0, 0.14%, 0, 2, 1, 3.15
1654293939, 216, 0, 15, 0, 0, 0.14%, 0, 2, 1, 6.65
1654293948, 217, 5, 15, 0, 0, 0.14%, 0, 2, 1, 4.74
1654293957, 220, 5, 15, 0, 0, 0.14%, 0, 2, 1, 7.44
1654293967, 222, 5, 15, 0, 0, 0.14%, 0, 2, 1, 7.81
1654293972, 223, 5, 15, 0, 0, 0.14%, 0, 2, 1, 191.76
1654293983, 224, 4, 15, 0, 0, 0.14%, 0, 2, 1, 188.46
1654293999, 225, 5, 15, 0, 0, 0.14%, 0, 2, 1, 224.15
1654294008, 226, 5, 15, 0, 0, 0.14%, 0, 2, 1, 4.69
1654294017, 227, 5, 15, 0, 0, 0.14%, 0, 2, 1, 2.38
1654294022, 228, 3, 15, 0, 0, 0.14%, 0, 2, 1, 7.62
1654294029, 228, 5, 15, 0, 0, 0.14%, 0, 2, 1, 6.75
1654294040, 231, 5, 15, 0, 0, 0.14%, 0, 2, 1, 247.47
1654294048, 232, 4, 16, 1, 0, 0.15%, 0, 2, 2, 5.83
