# unix_time, cycles_done, cur_path, paths_total, pending_total, pending_favs, map_size, unique_crashes, unique_hangs, max_depth, execs_per_sec
1621228972, 0, 0, 5, 5, 1, 0.00%, 0, 0, 1, 86.21
1621229013, 0, 1, 5, 4, 0, 0.00%, 0, 0, 1, 86.93
1621229049, 0, 2, 5, 3, 0, 0.00%, 0, 0, 1, 88.16
1621229085, 0, 3, 5, 2, 0, 0.00%, 0, 0, 1, 90.94
1621229122, 0, 4, 5, 1, 0, 0.00%, 0, 0, 1, 89.01
1621229158, 1, 1, 5, 0, 0, 0.00%, 0, 0, 1, 89.06
1621229163, 1, 4, 5, 0, 0, 0.00%, 0, 0, 1, 90.39
1621229168, 2, 0, 5, 0, 0, 0.00%, 0, 0, 1, 91.09
1621229173, 2, 2, 5, 0, 0, 0.00%, 0, 0, 1, 87.67
1621229178, 2, 4, 5, 0, 0, 0.00%, 0, 0, 1, 89.70
1621229183, 3, 1, 5, 0, 0, 0.00%, 0, 0, 1, 88.72
1621229188, 3, 3, 5, 0, 0, 0.00%, 0, 0, 1, 91.48
1621229193, 4, 0, 5, 0, 0, 0.00%, 0, 0, 1, 90.34
1621229198, 4, 2, 5, 0, 0, 0.00%, 0, 0, 1, 89.84
1621229203, 4, 4, 5, 0, 0, 0.00%, 0, 0, 1, 90.42
1621229209, 5, 2, 5, 0, 0, 0.00%, 0, 0, 1, 89.99
1621229214, 5, 4, 5, 0, 0, 0.00%, 0, 0, 1, 91.60
1621229219, 6, 0, 5, 0, 0, 0.00%, 0, 0, 1, 88.85
1621229224, 6, 3, 5, 0, 0, 0.00%, 0, 0, 1, 90.01
1621229229, 6, 4, 5, 0, 0, 0.00%, 0, 0, 1, 89.51
1621229234, 7, 2, 5, 0, 0, 0.00%, 0, 0, 1, 90.00
1621229240, 7, 4, 5, 0, 0, 0.00%, 0, 0, 1, 90.89
1621229245, 8, 1, 5, 0, 0, 0.00%, 0, 0, 1, 90.37
1621229250, 8, 4, 5, 0, 0, 0.00%, 0, 0, 1, 90.08
1621229255, 9, 0, 5, 0, 0, 0.00%, 0, 0, 1, 90.06
1621229260, 9, 3, 5, 0, 0, 0.00%, 0, 0, 1, 90.53
1621229265, 10, 0, 5, 0, 0, 0.00%, 0, 0, 1, 91.48
1621229270, 10, 2, 5, 0, 0, 0.00%, 0, 0, 1, 91.46
1621229276, 10, 4, 5, 0, 0, 0.00%, 0, 0, 1, 90.68
1621229281, 11, 1, 5, 0, 0, 0.00%, 0, 0, 1, 92.23
1621229286, 11, 3, 5, 0, 0, 0.00%, 0, 0, 1, 92.89
1621229291, 12, 0, 5, 0, 0, 0.00%, 0, 0, 1, 89.30
1621229296, 12, 2, 5, 0, 0, 0.00%, 0, 0, 1, 88.02
1621229301, 12, 4, 5, 0, 0, 0.00%, 0, 0, 1, 88.62
1621229306, 13, 2, 5, 0, 0, 0.00%, 0, 0, 1, 88.80
1621229311, 13, 4, 5, 0, 0, 0.00%, 0, 0, 1, 91.32
1621229316, 14, 1, 5, 0, 0, 0.00%, 0, 0, 1, 90.46
1621229321, 14, 3, 5, 0, 0, 0.00%, 0, 0, 1, 89.49
1621229327, 14, 4, 5, 0, 0, 0.00%, 0, 0, 1, 87.37
1621229332, 15, 1, 5, 0, 0, 0.00%, 0, 0, 1, 88.61
1621229337, 15, 4, 5, 0, 0, 0.00%, 0, 0, 1, 92.59
1621229342, 16, 1, 5, 0, 0, 0.00%, 0, 0, 1, 93.23
1621229347, 16, 3, 5, 0, 0, 0.00%, 0, 0, 1, 90.08
1621229352, 17, 0, 5, 0, 0, 0.00%, 0, 0, 1, 90.87
1621229358, 17, 2, 5, 0, 0, 0.00%, 0, 0, 1, 88.95
1621229363, 17, 4, 5, 0, 0, 0.00%, 0, 0, 1, 90.42
1621229368, 18, 1, 5, 0, 0, 0.00%, 0, 0, 1, 89.69
1621229373, 18, 4, 5, 0, 0, 0.00%, 0, 0, 1, 93.37
1621229378, 19, 0, 5, 0, 0, 0.00%, 0, 0, 1, 90.35
1621229383, 19, 2, 5, 0, 0, 0.00%, 0, 0, 1, 92.40
1621229389, 19, 4, 5, 0, 0, 0.00%, 0, 0, 1, 91.20
1621229394, 20, 2, 5, 0, 0, 0.00%, 0, 0, 1, 89.60
1621229399, 20, 4, 5, 0, 0, 0.00%, 0, 0, 1, 91.28
1621229404, 21, 1, 5, 0, 0, 0.00%, 0, 0, 1, 91.75
1621229409, 21, 3, 5, 0, 0, 0.00%, 0, 0, 1, 93.38
1621229414, 22, 0, 5, 0, 0, 0.00%, 0, 0, 1, 91.84
1621229419, 22, 3, 5, 0, 0, 0.00%, 0, 0, 1, 92.45
1621229424, 22, 4, 5, 0, 0, 0.00%, 0, 0, 1, 91.35
1621229430, 23, 1, 5, 0, 0, 0.00%, 0, 0, 1, 91.30
1621229435, 23, 4, 5, 0, 0, 0.00%, 0, 0, 1, 91.02
1621229440, 24, 1, 5, 0, 0, 0.00%, 0, 0, 1, 89.57
1621229445, 24, 3, 5, 0, 0, 0.00%, 0, 0, 1, 90.72
1621229450, 24, 4, 5, 0, 0, 0.00%, 0, 0, 1, 92.04
1621229455, 25, 2, 5, 0, 0, 0.00%, 0, 0, 1, 89.68
1621229460, 25, 4, 5, 0, 0, 0.00%, 0, 0, 1, 91.38
1621229466, 26, 1, 5, 0, 0, 0.00%, 0, 0, 1, 92.06
1621229471, 26, 3, 5, 0, 0, 0.00%, 0, 0, 1, 90.03
1621229476, 27, 0, 5, 0, 0, 0.00%, 0, 0, 1, 90.87
1621229481, 27, 2, 5, 0, 0, 0.00%, 0, 0, 1, 90.96
1621229486, 27, 4, 5, 0, 0, 0.00%, 0, 0, 1, 90.88
1621229491, 28, 1, 5, 0, 0, 0.00%, 0, 0, 1, 91.02
1621229496, 28, 3, 5, 0, 0, 0.00%, 0, 0, 1, 90.68
1621229501, 29, 0, 5, 0, 0, 0.00%, 0, 0, 1, 91.00
1621229506, 29, 2, 5, 0, 0, 0.00%, 0, 0, 1, 92.53
1621229511, 29, 4, 5, 0, 0, 0.00%, 0, 0, 1, 91.18
1621229517, 30, 2, 5, 0, 0, 0.00%, 0, 0, 1, 90.25
1621229522, 30, 4, 5, 0, 0, 0.00%, 0, 0, 1, 92.08
1621229527, 31, 0, 5, 0, 0, 0.00%, 0, 0, 1, 93.32
1621229532, 31, 3, 5, 0, 0, 0.00%, 0, 0, 1, 92.37
1621229537, 31, 4, 5, 0, 0, 0.00%, 0, 0, 1, 90.77
1621229542, 32, 2, 5, 0, 0, 0.00%, 0, 0, 1, 91.98
1621229548, 32, 4, 5, 0, 0, 0.00%, 0, 0, 1, 91.64
1621229553, 33, 1, 5, 0, 0, 0.00%, 0, 0, 1, 91.07
1621229558, 33, 3, 5, 0, 0, 0.00%, 0, 0, 1, 94.67
1621229563, 34, 0, 5, 0, 0, 0.00%, 0, 0, 1, 94.54
1621229568, 34, 3, 5, 0, 0, 0.00%, 0, 0, 1, 92.67
1621229573, 34, 4, 5, 0, 0, 0.00%, 0, 0, 1, 92.24
1621229578, 35, 2, 5, 0, 0, 0.00%, 0, 0, 1, 90.30
1621229583, 35, 4, 5, 0, 0, 0.00%, 0, 0, 1, 90.11
1621229590, 35, 4, 5, 0, 0, 0.00%, 0, 1, 1, 0.40
1621229595, 36, 2, 5, 0, 0, 0.00%, 0, 1, 1, 92.31
1621229600, 36, 4, 5, 0, 0, 0.00%, 0, 1, 1, 91.06
1621229605, 37, 1, 5, 0, 0, 0.00%, 0, 1, 1, 90.07
1621229611, 37, 4, 5, 0, 0, 0.00%, 0, 1, 1, 91.26
1621229622, 38, 1, 5, 0, 0, 0.00%, 0, 1, 1, 93.47
1621229631, 38, 3, 5, 0, 0, 0.00%, 0, 1, 1, 2.14
1621229640, 38, 4, 5, 0, 0, 0.00%, 0, 1, 1, 1.77
1621229650, 39, 1, 5, 0, 0, 0.00%, 0, 1, 1, 0.99
1621229660, 39, 4, 5, 0, 0, 0.00%, 0, 1, 1, 92.63
1621229676, 40, 0, 5, 0, 0, 0.00%, 0, 1, 1, 2.72
1621229684, 40, 2, 5, 0, 0, 0.00%, 0, 2, 1, 2.91
1621229696, 40, 4, 5, 0, 0, 0.00%, 0, 2, 1, 89.26
1621229701, 41, 2, 5, 0, 0, 0.00%, 0, 2, 1, 89.64
1621229706, 41, 4, 5, 0, 0, 0.00%, 0, 2, 1, 91.26
1621229716, 42, 1, 5, 0, 0, 0.00%, 0, 2, 1, 89.90
1621229721, 42, 3, 5, 0, 0, 0.00%, 0, 2, 1, 90.36
1621229726, 43, 0, 5, 0, 0, 0.00%, 0, 2, 1, 92.26
1621229732, 43, 3, 5, 0, 0, 0.00%, 0, 2, 1, 90.88
1621229737, 43, 4, 5, 0, 0, 0.00%, 0, 2, 1, 91.68
1621229743, 44, 0, 5, 0, 0, 0.00%, 0, 2, 1, 2.15
1621229748, 44, 3, 5, 0, 0, 0.00%, 0, 2, 1, 88.11
1621229754, 44, 4, 5, 0, 0, 0.00%, 0, 2, 1, 90.67
1621229760, 45, 0, 5, 0, 0, 0.00%, 0, 2, 1, 1.19
1621229768, 45, 2, 5, 0, 0, 0.00%, 0, 2, 1, 2.34
1621229778, 45, 3, 5, 0, 0, 0.00%, 0, 2, 1, 1.58
1621229783, 46, 0, 5, 0, 0, 0.00%, 0, 2, 1, 90.52
1621229794, 46, 3, 5, 0, 0, 0.00%, 0, 2, 1, 87.20
1621229799, 46, 4, 5, 0, 0, 0.00%, 0, 2, 1, 89.75
1621229804, 47, 2, 5, 0, 0, 0.00%, 0, 2, 1, 91.86
1621229809, 47, 4, 5, 0, 0, 0.00%, 0, 2, 1, 98.21
1621229821, 48, 2, 5, 0, 0, 0.00%, 0, 2, 1, 89.39
1621229830, 48, 3, 5, 0, 0, 0.00%, 0, 2, 1, 2.53
1621229838, 48, 4, 5, 0, 0, 0.00%, 0, 2, 1, 2.90
1621229843, 49, 1, 5, 0, 0, 0.00%, 0, 2, 1, 89.92
1621229849, 49, 2, 5, 0, 0, 0.00%, 0, 2, 1, 3.10
1621229854, 49, 4, 5, 0, 0, 0.00%, 0, 2, 1, 88.16
1621229859, 50, 1, 5, 0, 0, 0.00%, 0, 2, 1, 87.39
1621229866, 50, 2, 5, 0, 0, 0.00%, 0, 2, 1, 3.28
1621229871, 50, 4, 5, 0, 0, 0.00%, 0, 2, 1, 90.56
1621229876, 51, 1, 5, 0, 0, 0.00%, 0, 2, 1, 90.32
1621229885, 51, 3, 5, 0, 0, 0.00%, 0, 2, 1, 0.20
1621229892, 51, 4, 5, 0, 0, 0.00%, 0, 2, 1, 3.66
1621229904, 52, 1, 5, 0, 0, 0.00%, 0, 2, 1, 89.11
1621229914, 52, 3, 5, 0, 0, 0.00%, 0, 2, 1, 3.68
1621229919, 53, 0, 5, 0, 0, 0.00%, 0, 2, 1, 92.35
1621229928, 53, 2, 5, 0, 0, 0.00%, 0, 2, 1, 1.77
1621229934, 53, 4, 5, 0, 0, 0.00%, 0, 2, 1, 90.02
1621229939, 54, 1, 5, 0, 0, 0.00%, 0, 2, 1, 90.08
1621229944, 54, 4, 5, 0, 0, 0.00%, 0, 2, 1, 91.80
1621229949, 55, 0, 5, 0, 0, 0.00%, 0, 2, 1, 93.26
1621229954, 55, 3, 5, 0, 0, 0.00%, 0, 2, 1, 92.58
1621229960, 56, 0, 5, 0, 0, 0.00%, 0, 2, 1, 94.70
1621229965, 56, 2, 5, 0, 0, 0.00%, 0, 2, 1, 93.94
1621229970, 56, 4, 5, 0, 0, 0.00%, 0, 2, 1, 92.77
1621229975, 57, 1, 5, 0, 0, 0.00%, 0, 2, 1, 90.67
1621229980, 57, 4, 5, 0, 0, 0.00%, 0, 2, 1, 91.97
1621229985, 58, 1, 5, 0, 0, 0.00%, 0, 2, 1, 90.18
1621229990, 58, 3, 5, 0, 0, 0.00%, 0, 2, 1, 89.52
1621229996, 59, 0, 5, 0, 0, 0.00%, 0, 2, 1, 91.25
1621230001, 59, 2, 5, 0, 0, 0.00%, 0, 2, 1, 98.89
1621230006, 59, 4, 5, 0, 0, 0.00%, 0, 2, 1, 92.72
1621230011, 60, 1, 5, 0, 0, 0.00%, 0, 2, 1, 91.04
1621230016, 60, 4, 5, 0, 0, 0.00%, 0, 2, 1, 91.37
1621230022, 61, 0, 5, 0, 0, 0.00%, 0, 2, 1, 91.04
1621230027, 61, 3, 5, 0, 0, 0.00%, 0, 2, 1, 90.80
1621230032, 61, 4, 5, 0, 0, 0.00%, 0, 2, 1, 93.80
1621230037, 62, 2, 5, 0, 0, 0.00%, 0, 2, 1, 92.92
1621230042, 62, 4, 5, 0, 0, 0.00%, 0, 2, 1, 92.07
1621230047, 63, 1, 5, 0, 0, 0.00%, 0, 2, 1, 90.56
1621230053, 63, 3, 5, 0, 0, 0.00%, 0, 2, 1, 91.53
1621230058, 64, 0, 5, 0, 0, 0.00%, 0, 2, 1, 90.31
1621230063, 64, 2, 5, 0, 0, 0.00%, 0, 2, 1, 90.71
1621230068, 64, 4, 5, 0, 0, 0.00%, 0, 2, 1, 91.15
1621230073, 65, 1, 5, 0, 0, 0.00%, 0, 2, 1, 90.41
1621230078, 65, 4, 5, 0, 0, 0.00%, 0, 2, 1, 88.22
1621230083, 66, 0, 5, 0, 0, 0.00%, 0, 2, 1, 91.65
1621230088, 66, 3, 5, 0, 0, 0.00%, 0, 2, 1, 92.38
1621230093, 66, 4, 5, 0, 0, 0.00%, 0, 2, 1, 90.37
1621230099, 67, 2, 5, 0, 0, 0.00%, 0, 2, 1, 91.41
1621230104, 67, 4, 5, 0, 0, 0.00%, 0, 2, 1, 91.08
1621230109, 68, 1, 5, 0, 0, 0.00%, 0, 2, 1, 92.32
1621230114, 68, 4, 5, 0, 0, 0.00%, 0, 2, 1, 91.91
1621230119, 69, 0, 5, 0, 0, 0.00%, 0, 2, 1, 92.56
1621230124, 69, 3, 5, 0, 0, 0.00%, 0, 2, 1, 92.34
1621230130, 69, 4, 5, 0, 0, 0.00%, 0, 2, 1, 91.37
1621230135, 70, 1, 5, 0, 0, 0.00%, 0, 2, 1, 89.31
1621230140, 70, 3, 5, 0, 0, 0.00%, 0, 2, 1, 90.87
1621230145, 71, 0, 5, 0, 0, 0.00%, 0, 2, 1, 93.21
1621230150, 71, 2, 5, 0, 0, 0.00%, 0, 2, 1, 90.32
1621230155, 71, 4, 5, 0, 0, 0.00%, 0, 2, 1, 91.35
1621230160, 72, 1, 5, 0, 0, 0.00%, 0, 2, 1, 91.32
1621230166, 72, 3, 5, 0, 0, 0.00%, 0, 2, 1, 90.00
1621230171, 73, 0, 5, 0, 0, 0.00%, 0, 2, 1, 91.24
1621230176, 73, 3, 5, 0, 0, 0.00%, 0, 2, 1, 93.56
