# unix_time, cycles_done, cur_path, paths_total, pending_total, pending_favs, map_size, unique_crashes, unique_hangs, max_depth, execs_per_sec
1621123698, 0, 0, 2, 2, 1, 1.93%, 0, 0, 1, 8.48
1621123703, 0, 1, 4, 4, 1, 1.94%, 0, 0, 2, 8.76
1621123713, 0, 1, 5, 5, 1, 1.94%, 0, 0, 2, 8.73
1621123718, 0, 1, 6, 6, 1, 1.94%, 0, 0, 2, 8.86
1621123728, 0, 1, 7, 7, 1, 1.94%, 0, 0, 2, 9.01
1621123871, 0, 1, 8, 8, 1, 1.94%, 0, 0, 2, 8.69
1621123984, 0, 1, 10, 10, 1, 1.94%, 0, 0, 2, 8.45
1621123989, 0, 1, 13, 13, 1, 1.97%, 0, 0, 2, 8.39
1621123994, 0, 1, 15, 15, 1, 1.97%, 0, 0, 2, 8.47
1621123999, 0, 1, 17, 17, 1, 1.98%, 0, 0, 2, 8.51
1621124101, 0, 1, 18, 18, 1, 1.98%, 0, 0, 2, 8.31
1621124107, 0, 1, 19, 19, 1, 1.98%, 0, 0, 2, 8.42
1621124112, 0, 1, 21, 21, 1, 1.98%, 0, 0, 2, 8.24
1621124117, 0, 1, 24, 24, 1, 2.01%, 0, 0, 2, 8.35
1621124122, 0, 1, 26, 26, 1, 2.02%, 0, 0, 2, 9.05
1621124127, 0, 1, 27, 27, 1, 2.02%, 0, 0, 2, 9.54
1621124132, 0, 1, 29, 29, 1, 2.02%, 0, 0, 2, 8.66
1621124577, 0, 1, 30, 30, 1, 2.02%, 0, 0, 2, 8.10
1621124597, 0, 1, 31, 31, 1, 2.02%, 0, 0, 2, 8.24
1621124648, 0, 1, 34, 34, 1, 2.02%, 0, 0, 2, 8.62
1621124653, 0, 1, 36, 36, 1, 2.02%, 0, 0, 2, 8.66
1621124659, 0, 1, 39, 39, 1, 2.02%, 0, 0, 2, 8.70
1621124669, 0, 1, 45, 45, 1, 2.02%, 0, 0, 2, 14.91
1621124674, 0, 1, 49, 49, 1, 2.06%, 0, 0, 2, 19.59
1621124679, 0, 1, 52, 52, 1, 2.06%, 0, 0, 2, 13.49
1621124684, 0, 1, 56, 56, 1, 2.06%, 0, 0, 2, 9.52
1621124689, 0, 1, 57, 57, 1, 2.06%, 0, 0, 2, 8.45
1621124695, 0, 1, 60, 60, 1, 2.07%, 0, 0, 2, 12.40
1621124700, 0, 1, 63, 63, 1, 2.07%, 0, 0, 2, 10.67
1621124705, 0, 1, 69, 69, 1, 2.07%, 0, 0, 2, 13.90
1621124710, 0, 1, 71, 71, 1, 2.07%, 0, 0, 2, 10.24
1621124715, 0, 1, 72, 72, 1, 2.07%, 0, 0, 2, 9.07
1621124720, 0, 1, 75, 75, 1, 2.07%, 0, 0, 2, 8.71
1621124725, 0, 1, 76, 76, 1, 2.07%, 0, 0, 2, 10.08
1621124730, 0, 1, 80, 80, 1, 2.07%, 0, 0, 2, 9.96
1621124735, 0, 1, 83, 83, 1, 2.07%, 0, 0, 2, 11.12
1621124741, 0, 1, 85, 85, 1, 2.07%, 0, 0, 2, 14.75
1621124746, 0, 1, 86, 86, 1, 2.07%, 0, 0, 2, 11.87
1621124751, 0, 1, 87, 87, 1, 2.07%, 0, 0, 2, 11.05
1621124756, 0, 1, 88, 88, 1, 2.07%, 0, 0, 2, 9.59
1621124761, 0, 1, 90, 90, 1, 2.07%, 0, 0, 2, 9.51
1621124767, 0, 1, 92, 92, 1, 2.07%, 0, 0, 2, 9.05
1621124772, 0, 1, 94, 94, 1, 2.07%, 0, 0, 2, 8.96
1621124808, 0, 1, 95, 95, 1, 2.07%, 0, 0, 2, 10.15
1621124818, 0, 1, 98, 98, 1, 2.07%, 0, 0, 2, 10.68
1621124823, 0, 1, 99, 99, 1, 2.07%, 0, 0, 2, 10.26
1621124844, 0, 1, 100, 100, 1, 2.07%, 0, 0, 2, 11.00
1621124864, 0, 1, 101, 101, 1, 2.07%, 0, 0, 2, 10.29
1621124874, 0, 1, 102, 102, 1, 2.07%, 0, 0, 2, 11.07
1621124885, 0, 1, 103, 103, 1, 2.07%, 0, 0, 2, 9.63
1621124895, 0, 1, 104, 104, 1, 2.07%, 0, 0, 2, 9.85
