# unix_time, cycles_done, cur_path, paths_total, pending_total, pending_favs, map_size, unique_crashes, unique_hangs, max_depth, execs_per_sec
1621548328, 0, 0, 4, 4, 1, 0.23%, 0, 0, 1, 3.87
1621548333, 0, 1, 4, 4, 1, 0.23%, 0, 0, 1, 4.00
1621548586, 0, 1, 5, 5, 1, 3.37%, 0, 0, 2, 4.60
1621548619, 0, 1, 6, 6, 1, 3.37%, 0, 0, 2, 3.68
1621548629, 0, 1, 7, 7, 1, 3.37%, 0, 0, 2, 4.58
1621549157, 0, 1, 8, 8, 1, 3.38%, 0, 0, 2, 3.19
1621549219, 0, 4, 8, 7, 3, 3.38%, 0, 0, 2, 4.64
1621549229, 0, 4, 9, 8, 3, 3.38%, 0, 0, 3, 9.19
1621549523, 0, 4, 10, 9, 3, 3.40%, 0, 0, 3, 1.61
