# unix_time, cycles_done, cur_path, paths_total, pending_total, pending_favs, map_size, unique_crashes, unique_hangs, max_depth, execs_per_sec
1654330576, 0, 0, 1, 1, 1, 0.00%, 0, 0, 1, 47.34
1654330622, 3, 0, 1, 0, 0, 0.00%, 0, 0, 1, 58.45
1654330627, 5, 0, 1, 0, 0, 0.00%, 0, 0, 1, 57.99
1654330632, 7, 0, 1, 0, 0, 0.00%, 0, 0, 1, 58.29
1654330637, 9, 0, 1, 0, 0, 0.00%, 0, 0, 1, 56.95
1654330642, 12, 0, 1, 0, 0, 0.00%, 0, 0, 1, 57.44
1654330647, 14, 0, 1, 0, 0, 0.00%, 0, 0, 1, 56.95
1654330652, 16, 0, 1, 0, 0, 0.00%, 0, 0, 1, 57.39
1654330657, 19, 0, 1, 0, 0, 0.00%, 0, 0, 1, 57.10
1654330662, 21, 0, 1, 0, 0, 0.00%, 0, 0, 1, 56.55
1654330668, 23, 0, 1, 0, 0, 0.00%, 0, 0, 1, 55.81
1654330673, 25, 0, 1, 0, 0, 0.00%, 0, 0, 1, 57.65
1654330678, 27, 0, 1, 0, 0, 0.00%, 0, 0, 1, 56.77
1654330683, 30, 0, 1, 0, 0, 0.00%, 0, 0, 1, 56.85
1654330688, 32, 0, 1, 0, 0, 0.00%, 0, 0, 1, 56.66
1654330693, 34, 0, 1, 0, 0, 0.00%, 0, 0, 1, 57.06
1654330698, 36, 0, 1, 0, 0, 0.00%, 0, 0, 1, 55.75
1654330703, 39, 0, 1, 0, 0, 0.00%, 0, 0, 1, 56.19
1654330708, 41, 0, 1, 0, 0, 0.00%, 0, 0, 1, 55.96
1654330713, 43, 0, 1, 0, 0, 0.00%, 0, 0, 1, 56.27
1654330718, 45, 0, 1, 0, 0, 0.00%, 0, 0, 1, 56.41
1654330723, 48, 0, 1, 0, 0, 0.00%, 0, 0, 1, 57.33
1654330728, 50, 0, 1, 0, 0, 0.00%, 0, 0, 1, 57.09
1654330733, 52, 0, 1, 0, 0, 0.00%, 0, 0, 1, 57.30
1654330738, 54, 0, 1, 0, 0, 0.00%, 0, 0, 1, 57.85
1654330744, 57, 0, 1, 0, 0, 0.00%, 0, 0, 1, 57.73
1654330749, 59, 0, 1, 0, 0, 0.00%, 0, 0, 1, 56.76
1654330754, 61, 0, 1, 0, 0, 0.00%, 0, 0, 1, 58.74
1654330759, 64, 0, 1, 0, 0, 0.00%, 0, 0, 1, 57.84
1654330764, 66, 0, 1, 0, 0, 0.00%, 0, 0, 1, 56.68
1654330769, 68, 0, 1, 0, 0, 0.00%, 0, 0, 1, 56.71
1654330774, 70, 0, 1, 0, 0, 0.00%, 0, 0, 1, 58.32
1654330779, 73, 0, 1, 0, 0, 0.00%, 0, 0, 1, 57.57
1654330784, 75, 0, 1, 0, 0, 0.00%, 0, 0, 1, 56.74
1654330789, 77, 0, 1, 0, 0, 0.00%, 0, 0, 1, 56.04
1654330794, 79, 0, 1, 0, 0, 0.00%, 0, 0, 1, 57.31
1654330799, 82, 0, 1, 0, 0, 0.00%, 0, 0, 1, 56.70
1654330804, 84, 0, 1, 0, 0, 0.00%, 0, 0, 1, 58.10
1654330809, 86, 0, 1, 0, 0, 0.00%, 0, 0, 1, 57.68
1654330814, 89, 0, 1, 0, 0, 0.00%, 0, 0, 1, 57.52
1654330820, 91, 0, 1, 0, 0, 0.00%, 0, 0, 1, 57.25
1654330825, 93, 0, 1, 0, 0, 0.00%, 0, 0, 1, 56.19
1654330830, 95, 0, 1, 0, 0, 0.00%, 0, 0, 1, 58.83
1654330835, 98, 0, 1, 0, 0, 0.00%, 0, 0, 1, 63.52
1654330840, 100, 0, 1, 0, 0, 0.00%, 0, 0, 1, 63.05
1654330845, 103, 0, 1, 0, 0, 0.00%, 0, 0, 1, 65.21
1654330850, 106, 0, 1, 0, 0, 0.00%, 0, 0, 1, 64.71
1654330856, 108, 0, 1, 0, 0, 0.00%, 0, 0, 1, 61.31
1654330861, 111, 0, 1, 0, 0, 0.00%, 0, 0, 1, 67.75
1654330866, 114, 0, 1, 0, 0, 0.00%, 0, 0, 1, 70.45
1654330871, 117, 0, 1, 0, 0, 0.00%, 0, 0, 1, 68.79
1654330876, 119, 0, 1, 0, 0, 0.00%, 0, 0, 1, 63.70
1654330881, 122, 0, 1, 0, 0, 0.00%, 0, 0, 1, 63.42
1654330886, 124, 0, 1, 0, 0, 0.00%, 0, 0, 1, 62.01
1654330892, 127, 0, 1, 0, 0, 0.00%, 0, 0, 1, 66.16
1654330897, 129, 0, 1, 0, 0, 0.00%, 0, 0, 1, 60.58
1654330902, 131, 0, 1, 0, 0, 0.00%, 0, 0, 1, 56.99
1654330907, 134, 0, 1, 0, 0, 0.00%, 0, 0, 1, 57.26
1654330912, 136, 0, 1, 0, 0, 0.00%, 0, 0, 1, 56.69
1654330917, 138, 0, 1, 0, 0, 0.00%, 0, 0, 1, 56.72
1654330922, 140, 0, 1, 0, 0, 0.00%, 0, 0, 1, 58.44
1654330927, 143, 0, 1, 0, 0, 0.00%, 0, 0, 1, 56.25
1654330932, 145, 0, 1, 0, 0, 0.00%, 0, 0, 1, 55.94
1654330937, 147, 0, 1, 0, 0, 0.00%, 0, 0, 1, 56.31
1654330942, 149, 0, 1, 0, 0, 0.00%, 0, 0, 1, 56.38
1654330947, 152, 0, 1, 0, 0, 0.00%, 0, 0, 1, 56.86
1654330952, 154, 0, 1, 0, 0, 0.00%, 0, 0, 1, 56.26
1654330958, 156, 0, 1, 0, 0, 0.00%, 0, 0, 1, 56.41
1654330963, 158, 0, 1, 0, 0, 0.00%, 0, 0, 1, 57.63
1654330968, 161, 0, 1, 0, 0, 0.00%, 0, 0, 1, 57.01
1654330973, 163, 0, 1, 0, 0, 0.00%, 0, 0, 1, 56.93
1654330978, 165, 0, 1, 0, 0, 0.00%, 0, 0, 1, 57.82
1654330983, 167, 0, 1, 0, 0, 0.00%, 0, 0, 1, 56.62
1654330988, 170, 0, 1, 0, 0, 0.00%, 0, 0, 1, 56.58
1654330993, 172, 0, 1, 0, 0, 0.00%, 0, 0, 1, 58.54
1654330998, 174, 0, 1, 0, 0, 0.00%, 0, 0, 1, 56.66
1654331003, 176, 0, 1, 0, 0, 0.00%, 0, 0, 1, 55.79
1654331008, 179, 0, 1, 0, 0, 0.00%, 0, 0, 1, 56.06
1654331013, 181, 0, 1, 0, 0, 0.00%, 0, 0, 1, 56.52
1654331018, 183, 0, 1, 0, 0, 0.00%, 0, 0, 1, 56.24
1654331023, 185, 0, 1, 0, 0, 0.00%, 0, 0, 1, 58.48
1654331028, 188, 0, 1, 0, 0, 0.00%, 0, 0, 1, 57.00
1654331033, 190, 0, 1, 0, 0, 0.00%, 0, 0, 1, 56.69
1654331038, 192, 0, 1, 0, 0, 0.00%, 0, 0, 1, 57.97
1654331043, 194, 0, 1, 0, 0, 0.00%, 0, 0, 1, 56.51
1654331049, 197, 0, 1, 0, 0, 0.00%, 0, 0, 1, 56.76
1654331054, 199, 0, 1, 0, 0, 0.00%, 0, 0, 1, 56.40
1654331059, 201, 0, 1, 0, 0, 0.00%, 0, 0, 1, 56.30
1654331064, 203, 0, 1, 0, 0, 0.00%, 0, 0, 1, 56.95
1654331069, 206, 0, 1, 0, 0, 0.00%, 0, 0, 1, 55.94
1654331074, 208, 0, 1, 0, 0, 0.00%, 0, 0, 1, 58.05
1654331079, 210, 0, 1, 0, 0, 0.00%, 0, 0, 1, 58.79
1654331084, 213, 0, 1, 0, 0, 0.00%, 0, 0, 1, 57.57
1654331089, 215, 0, 1, 0, 0, 0.00%, 0, 0, 1, 57.89
1654331094, 217, 0, 1, 0, 0, 0.00%, 0, 0, 1, 57.60
1654331099, 219, 0, 1, 0, 0, 0.00%, 0, 0, 1, 58.10
1654331104, 222, 0, 1, 0, 0, 0.00%, 0, 0, 1, 56.64
1654331109, 224, 0, 1, 0, 0, 0.00%, 0, 0, 1, 56.24
1654331114, 226, 0, 1, 0, 0, 0.00%, 0, 0, 1, 58.18
1654331120, 229, 0, 1, 0, 0, 0.00%, 0, 0, 1, 58.44
1654331125, 231, 0, 1, 0, 0, 0.00%, 0, 0, 1, 57.44
1654331130, 233, 0, 1, 0, 0, 0.00%, 0, 0, 1, 57.38
1654331135, 235, 0, 1, 0, 0, 0.00%, 0, 0, 1, 56.49
1654331140, 238, 0, 1, 0, 0, 0.00%, 0, 0, 1, 56.91
1654331145, 240, 0, 1, 0, 0, 0.00%, 0, 0, 1, 56.42
1654331150, 242, 0, 1, 0, 0, 0.00%, 0, 0, 1, 57.16
1654331155, 244, 0, 1, 0, 0, 0.00%, 0, 0, 1, 56.31
1654331160, 246, 0, 1, 0, 0, 0.00%, 0, 0, 1, 56.68
1654331165, 249, 0, 1, 0, 0, 0.00%, 0, 0, 1, 55.53
1654331170, 251, 0, 1, 0, 0, 0.00%, 0, 0, 1, 58.10
1654331175, 253, 0, 1, 0, 0, 0.00%, 0, 0, 1, 56.52
1654331182, 254, 0, 1, 0, 0, 0.00%, 0, 1, 1, 1.55
1654331187, 256, 0, 1, 0, 0, 0.00%, 0, 1, 1, 54.58
1654331192, 258, 0, 1, 0, 0, 0.00%, 0, 1, 1, 56.30
1654331197, 261, 0, 1, 0, 0, 0.00%, 0, 1, 1, 57.86
1654331202, 263, 0, 1, 0, 0, 0.00%, 0, 1, 1, 56.25
1654331211, 265, 0, 1, 0, 0, 0.00%, 0, 1, 1, 0.98
1654331216, 267, 0, 1, 0, 0, 0.00%, 0, 1, 1, 58.10
1654331221, 269, 0, 1, 0, 0, 0.00%, 0, 1, 1, 58.51
1654331227, 272, 0, 1, 0, 0, 0.00%, 0, 1, 1, 56.73
1654331232, 274, 0, 1, 0, 0, 0.00%, 0, 1, 1, 57.47
1654331237, 276, 0, 1, 0, 0, 0.00%, 0, 1, 1, 56.40
1654331246, 278, 0, 1, 0, 0, 0.00%, 0, 1, 1, 1.18
1654331251, 280, 0, 1, 0, 0, 0.00%, 0, 1, 1, 56.83
1654331258, 281, 0, 1, 0, 0, 0.00%, 0, 1, 1, 0.20
1654331263, 283, 0, 1, 0, 0, 0.00%, 0, 1, 1, 55.67
1654331268, 285, 0, 1, 0, 0, 0.00%, 0, 1, 1, 57.14
1654331273, 288, 0, 1, 0, 0, 0.00%, 0, 1, 1, 56.32
1654331278, 290, 0, 1, 0, 0, 0.00%, 0, 1, 1, 57.59
1654331283, 292, 0, 1, 0, 0, 0.00%, 0, 1, 1, 58.09
1654331288, 295, 0, 1, 0, 0, 0.00%, 0, 1, 1, 56.91
1654331293, 297, 0, 1, 0, 0, 0.00%, 0, 1, 1, 56.81
1654331302, 299, 0, 1, 0, 0, 0.00%, 0, 1, 1, 1.75
1654331314, 302, 0, 1, 0, 0, 0.00%, 0, 1, 1, 55.22
1654331319, 304, 0, 1, 0, 0, 0.00%, 0, 1, 1, 55.84
1654331324, 306, 0, 1, 0, 0, 0.00%, 0, 1, 1, 55.85
1654331329, 308, 0, 1, 0, 0, 0.00%, 0, 1, 1, 57.24
1654331334, 310, 0, 1, 0, 0, 0.00%, 0, 1, 1, 56.77
1654331339, 313, 0, 1, 0, 0, 0.00%, 0, 1, 1, 56.05
1654331344, 315, 0, 1, 0, 0, 0.00%, 0, 1, 1, 57.91
1654331349, 317, 0, 1, 0, 0, 0.00%, 0, 1, 1, 58.15
1654331354, 320, 0, 1, 0, 0, 0.00%, 0, 1, 1, 57.81
1654331360, 322, 0, 1, 0, 0, 0.00%, 0, 1, 1, 56.88
1654331365, 324, 0, 1, 0, 0, 0.00%, 0, 1, 1, 56.57
1654331372, 325, 0, 1, 0, 0, 0.00%, 0, 1, 1, 0.40
1654331377, 327, 0, 1, 0, 0, 0.00%, 0, 1, 1, 57.00
1654331382, 330, 0, 1, 0, 0, 0.00%, 0, 1, 1, 57.12
1654331387, 332, 0, 1, 0, 0, 0.00%, 0, 1, 1, 56.15
1654331392, 334, 0, 1, 0, 0, 0.00%, 0, 1, 1, 56.94
1654331402, 336, 0, 1, 0, 0, 0.00%, 0, 1, 1, 0.98
1654331410, 338, 0, 1, 0, 0, 0.00%, 0, 1, 1, 1.75
1654331415, 340, 0, 1, 0, 0, 0.00%, 0, 1, 1, 56.46
1654331421, 342, 0, 1, 0, 0, 0.00%, 0, 1, 1, 58.25
1654331428, 344, 0, 1, 0, 0, 0.00%, 0, 1, 1, 1.74
1654331433, 346, 0, 1, 0, 0, 0.00%, 0, 1, 1, 55.24
1654331438, 348, 0, 1, 0, 0, 0.00%, 0, 1, 1, 56.18
1654331444, 350, 0, 1, 0, 0, 0.00%, 0, 1, 1, 57.18
1654331449, 353, 0, 1, 0, 0, 0.00%, 0, 1, 1, 57.47
1654331454, 355, 0, 1, 0, 0, 0.00%, 0, 1, 1, 57.37
1654331459, 357, 0, 1, 0, 0, 0.00%, 0, 1, 1, 56.55
1654331466, 358, 0, 1, 0, 0, 0.00%, 0, 1, 1, 2.12
1654331474, 359, 0, 1, 0, 0, 0.00%, 0, 1, 1, 1.37
1654331479, 361, 0, 1, 0, 0, 0.00%, 0, 1, 1, 57.70
1654331484, 364, 0, 1, 0, 0, 0.00%, 0, 1, 1, 56.29
1654331489, 366, 0, 1, 0, 0, 0.00%, 0, 1, 1, 56.24
1654331494, 368, 0, 1, 0, 0, 0.00%, 0, 1, 1, 56.13
1654331499, 370, 0, 1, 0, 0, 0.00%, 0, 1, 1, 58.30
1654331504, 373, 0, 1, 0, 0, 0.00%, 0, 1, 1, 57.53
1654331509, 375, 0, 1, 0, 0, 0.00%, 0, 1, 1, 56.40
1654331514, 377, 0, 1, 0, 0, 0.00%, 0, 1, 1, 56.72
1654331519, 380, 0, 1, 0, 0, 0.00%, 0, 1, 1, 58.48
1654331524, 382, 0, 1, 0, 0, 0.00%, 0, 1, 1, 57.81
1654331529, 384, 0, 1, 0, 0, 0.00%, 0, 1, 1, 56.58
1654331534, 386, 0, 1, 0, 0, 0.00%, 0, 1, 1, 56.08
1654331539, 389, 0, 1, 0, 0, 0.00%, 0, 1, 1, 56.82
1654331548, 390, 0, 1, 0, 0, 0.00%, 0, 1, 1, 0.98
1654331554, 393, 0, 1, 0, 0, 0.00%, 0, 1, 1, 57.89
1654331559, 395, 0, 1, 0, 0, 0.00%, 0, 1, 1, 56.33
1654331569, 397, 0, 1, 0, 0, 0.00%, 0, 1, 1, 2.12
1654331574, 399, 0, 1, 0, 0, 0.00%, 0, 1, 1, 56.78
1654331579, 402, 0, 1, 0, 0, 0.00%, 0, 1, 1, 56.85
1654331584, 404, 0, 1, 0, 0, 0.00%, 0, 1, 1, 57.20
1654331589, 406, 0, 1, 0, 0, 0.00%, 0, 1, 1, 57.41
1654331594, 408, 0, 1, 0, 0, 0.00%, 0, 1, 1, 56.32
1654331599, 411, 0, 1, 0, 0, 0.00%, 0, 1, 1, 58.19
1654331613, 412, 0, 1, 0, 0, 0.00%, 0, 1, 1, 0.79
1654331618, 415, 0, 1, 0, 0, 0.00%, 0, 1, 1, 57.11
1654331623, 417, 0, 1, 0, 0, 0.00%, 0, 1, 1, 58.11
1654331628, 419, 0, 1, 0, 0, 0.00%, 0, 1, 1, 57.94
1654331633, 422, 0, 1, 0, 0, 0.00%, 0, 1, 1, 57.39
1654331638, 424, 0, 1, 0, 0, 0.00%, 0, 1, 1, 58.24
1654331644, 426, 0, 1, 0, 0, 0.00%, 0, 1, 1, 58.21
1654331649, 429, 0, 1, 0, 0, 0.00%, 0, 1, 1, 57.96
1654331654, 431, 0, 1, 0, 0, 0.00%, 0, 1, 1, 57.94
1654331659, 433, 0, 1, 0, 0, 0.00%, 0, 1, 1, 57.57
1654331664, 435, 0, 1, 0, 0, 0.00%, 0, 1, 1, 56.81
1654331669, 438, 0, 1, 0, 0, 0.00%, 0, 1, 1, 57.23
1654331678, 440, 0, 1, 0, 0, 0.00%, 0, 1, 1, 2.31
1654331683, 442, 0, 1, 0, 0, 0.00%, 0, 1, 1, 55.90
1654331689, 444, 0, 1, 0, 0, 0.00%, 0, 1, 1, 56.68
1654331694, 446, 0, 1, 0, 0, 0.00%, 0, 1, 1, 56.40
1654331699, 448, 0, 1, 0, 0, 0.00%, 0, 1, 1, 54.43
1654331704, 451, 0, 1, 0, 0, 0.00%, 0, 1, 1, 55.77
1654331709, 453, 0, 1, 0, 0, 0.00%, 0, 1, 1, 57.09
1654331714, 455, 0, 1, 0, 0, 0.00%, 0, 1, 1, 57.11
1654331719, 457, 0, 1, 0, 0, 0.00%, 0, 1, 1, 56.63
1654331729, 460, 0, 1, 0, 0, 0.00%, 0, 1, 1, 64.52
1654331734, 462, 0, 1, 0, 0, 0.00%, 0, 1, 1, 61.87
1654331743, 464, 0, 1, 0, 0, 0.00%, 0, 1, 1, 2.69
1654331750, 466, 0, 1, 0, 0, 0.00%, 0, 1, 1, 2.89
1654331756, 468, 0, 1, 0, 0, 0.00%, 0, 1, 1, 62.84
1654331765, 471, 0, 1, 0, 0, 0.00%, 0, 1, 1, 0.99
1654331770, 473, 0, 1, 0, 0, 0.00%, 0, 1, 1, 59.78
1654331776, 475, 0, 1, 0, 0, 0.00%, 0, 1, 1, 58.02
1654331781, 477, 0, 1, 0, 0, 0.00%, 0, 1, 1, 56.57
