# unix_time, cycles_done, cur_path, paths_total, pending_total, pending_favs, map_size, unique_crashes, unique_hangs, max_depth, execs_per_sec
1621521548, 0, 0, 2, 2, 1, 0.16%, 0, 0, 1, 5.51
1621521950, 0, 1, 2, 1, 0, 0.16%, 0, 0, 1, 11.48
1621522253, 2, 0, 2, 0, 0, 0.16%, 0, 0, 1, 11.13
1621522258, 3, 0, 2, 0, 0, 0.16%, 0, 0, 1, 11.06
1621522264, 3, 0, 2, 0, 0, 0.16%, 0, 1, 1, 0.58
1621522270, 4, 1, 2, 0, 0, 0.16%, 0, 1, 1, 11.51
1621522275, 5, 1, 2, 0, 0, 0.16%, 0, 1, 1, 11.36
1621522280, 6, 1, 2, 0, 0, 0.16%, 0, 1, 1, 11.32
1621522285, 8, 0, 2, 0, 0, 0.16%, 0, 1, 1, 11.41
1621522290, 9, 0, 2, 0, 0, 0.16%, 0, 1, 1, 11.32
1621522295, 10, 0, 2, 0, 0, 0.16%, 0, 1, 1, 11.27
1621522300, 11, 1, 2, 0, 0, 0.16%, 0, 1, 1, 11.48
1621522305, 12, 1, 2, 0, 0, 0.16%, 0, 1, 1, 11.62
1621522310, 13, 1, 2, 0, 0, 0.16%, 0, 1, 1, 11.46
1621522316, 15, 0, 2, 0, 0, 0.16%, 0, 1, 1, 11.34
1621522321, 16, 0, 2, 0, 0, 0.16%, 0, 1, 1, 11.29
1621522326, 17, 0, 2, 0, 0, 0.16%, 0, 1, 1, 11.38
1621522331, 18, 1, 2, 0, 0, 0.16%, 0, 1, 1, 11.38
1621522341, 19, 1, 2, 0, 0, 0.16%, 0, 1, 1, 0.58
1621522346, 20, 1, 2, 0, 0, 0.16%, 0, 1, 1, 11.49
1621522351, 22, 0, 2, 0, 0, 0.16%, 0, 1, 1, 11.45
1621522356, 23, 0, 2, 0, 0, 0.16%, 0, 1, 1, 11.33
1621522361, 24, 0, 2, 0, 0, 0.16%, 0, 1, 1, 11.31
1621522366, 25, 0, 2, 0, 0, 0.16%, 0, 1, 1, 11.07
1621522371, 26, 1, 2, 0, 0, 0.16%, 0, 1, 1, 11.31
1621522376, 27, 1, 2, 0, 0, 0.16%, 0, 1, 1, 11.38
1621522382, 28, 1, 2, 0, 0, 0.16%, 0, 1, 1, 11.50
1621522387, 30, 0, 2, 0, 0, 0.16%, 0, 1, 1, 11.52
1621522392, 31, 0, 2, 0, 0, 0.16%, 0, 1, 1, 11.59
1621522397, 32, 1, 2, 0, 0, 0.16%, 0, 1, 1, 11.55
1621522402, 33, 1, 2, 0, 0, 0.16%, 0, 1, 1, 11.27
1621522408, 34, 1, 2, 0, 0, 0.16%, 0, 1, 1, 11.44
1621522413, 36, 0, 2, 0, 0, 0.16%, 0, 1, 1, 11.46
1621522418, 37, 0, 2, 0, 0, 0.16%, 0, 1, 1, 11.39
1621522423, 38, 0, 2, 0, 0, 0.16%, 0, 1, 1, 11.47
1621522428, 39, 1, 2, 0, 0, 0.16%, 0, 1, 1, 11.37
1621522433, 40, 1, 2, 0, 0, 0.16%, 0, 1, 1, 11.47
1621522439, 42, 0, 2, 0, 0, 0.16%, 0, 1, 1, 11.54
1621522444, 43, 0, 2, 0, 0, 0.16%, 0, 1, 1, 11.52
1621522449, 44, 0, 2, 0, 0, 0.16%, 0, 1, 1, 11.44
1621522457, 45, 0, 2, 0, 0, 0.16%, 0, 1, 1, 0.58
1621522462, 46, 0, 2, 0, 0, 0.16%, 0, 1, 1, 11.03
1621522467, 47, 0, 2, 0, 0, 0.16%, 0, 1, 1, 11.21
1621522472, 48, 1, 2, 0, 0, 0.16%, 0, 1, 1, 11.42
1621522477, 49, 1, 2, 0, 0, 0.16%, 0, 1, 1, 11.41
1621522482, 50, 1, 2, 0, 0, 0.16%, 0, 1, 1, 11.37
1621522488, 52, 0, 2, 0, 0, 0.16%, 0, 1, 1, 11.46
1621522493, 53, 0, 2, 0, 0, 0.16%, 0, 1, 1, 11.48
1621522498, 54, 0, 2, 0, 0, 0.16%, 0, 1, 1, 11.49
1621522503, 55, 1, 2, 0, 0, 0.16%, 0, 1, 1, 11.63
1621522508, 56, 1, 2, 0, 0, 0.16%, 0, 1, 1, 11.53
1621522514, 58, 0, 2, 0, 0, 0.16%, 0, 1, 1, 11.53
1621522519, 59, 0, 2, 0, 0, 0.16%, 0, 1, 1, 11.58
1621522524, 60, 0, 2, 0, 0, 0.16%, 0, 1, 1, 11.35
1621522529, 61, 1, 2, 0, 0, 0.16%, 0, 1, 1, 11.28
1621522534, 62, 1, 2, 0, 0, 0.16%, 0, 1, 1, 11.41
1621522539, 63, 1, 2, 0, 0, 0.16%, 0, 1, 1, 11.46
1621522545, 65, 0, 2, 0, 0, 0.16%, 0, 1, 1, 11.39
1621522550, 66, 0, 2, 0, 0, 0.16%, 0, 1, 1, 11.43
1621522555, 67, 1, 2, 0, 0, 0.16%, 0, 1, 1, 11.47
1621522560, 68, 1, 2, 0, 0, 0.16%, 0, 1, 1, 11.37
1621522565, 69, 1, 2, 0, 0, 0.16%, 0, 1, 1, 11.38
1621522570, 71, 0, 2, 0, 0, 0.16%, 0, 1, 1, 11.41
1621522576, 72, 0, 2, 0, 0, 0.16%, 0, 1, 1, 11.55
1621522581, 73, 0, 2, 0, 0, 0.16%, 0, 1, 1, 11.12
1621522586, 74, 0, 2, 0, 0, 0.16%, 0, 1, 1, 11.25
1621522591, 75, 1, 2, 0, 0, 0.16%, 0, 1, 1, 11.41
1621522596, 76, 1, 2, 0, 0, 0.16%, 0, 1, 1, 11.52
1621522601, 78, 0, 2, 0, 0, 0.16%, 0, 1, 1, 11.52
1621522606, 79, 0, 2, 0, 0, 0.16%, 0, 1, 1, 11.32
1621522615, 80, 0, 2, 0, 0, 0.16%, 0, 1, 1, 0.39
1621522621, 81, 0, 2, 0, 0, 0.16%, 0, 1, 1, 11.38
1621522626, 82, 0, 2, 0, 0, 0.16%, 0, 1, 1, 11.49
1621522631, 83, 1, 2, 0, 0, 0.16%, 0, 1, 1, 11.50
1621522636, 84, 1, 2, 0, 0, 0.16%, 0, 1, 1, 11.27
1621522641, 86, 0, 2, 0, 0, 0.16%, 0, 1, 1, 11.43
1621522646, 87, 0, 2, 0, 0, 0.16%, 0, 1, 1, 11.39
1621522651, 88, 0, 2, 0, 0, 0.16%, 0, 1, 1, 11.31
1621522656, 89, 0, 2, 0, 0, 0.16%, 0, 1, 1, 11.31
1621522661, 90, 1, 2, 0, 0, 0.16%, 0, 1, 1, 11.37
1621522667, 91, 1, 2, 0, 0, 0.16%, 0, 1, 1, 11.51
1621522672, 92, 1, 2, 0, 0, 0.16%, 0, 1, 1, 11.53
1621522677, 94, 0, 2, 0, 0, 0.16%, 0, 1, 1, 11.54
1621522682, 95, 0, 2, 0, 0, 0.16%, 0, 1, 1, 11.66
1621522687, 96, 1, 2, 0, 0, 0.16%, 0, 1, 1, 11.44
1621522692, 97, 1, 2, 0, 0, 0.16%, 0, 1, 1, 11.52
1621522697, 98, 1, 2, 0, 0, 0.16%, 0, 1, 1, 11.55
1621522703, 100, 0, 2, 0, 0, 0.16%, 0, 1, 1, 11.54
1621522708, 101, 0, 2, 0, 0, 0.16%, 0, 1, 1, 11.26
1621522713, 102, 0, 2, 0, 0, 0.16%, 0, 1, 1, 11.43
1621522718, 103, 1, 2, 0, 0, 0.16%, 0, 1, 1, 11.25
1621522723, 104, 1, 2, 0, 0, 0.16%, 0, 1, 1, 11.29
1621522728, 105, 1, 2, 0, 0, 0.16%, 0, 1, 1, 11.39
1621522733, 107, 0, 2, 0, 0, 0.16%, 0, 1, 1, 11.51
1621522738, 108, 0, 2, 0, 0, 0.16%, 0, 1, 1, 11.39
1621522744, 109, 0, 2, 0, 0, 0.16%, 0, 1, 1, 11.32
1621522749, 110, 2, 3, 1, 1, 0.16%, 0, 1, 2, 176.30
