# unix_time, cycles_done, cur_path, paths_total, pending_total, pending_favs, map_size, unique_crashes, unique_hangs, max_depth, execs_per_sec
1654320843, 0, 0, 1, 1, 1, 3.40%, 0, 0, 1, 2.90
1654320848, 0, 0, 4, 4, 1, 3.40%, 0, 0, 2, 2.82
1654321002, 0, 0, 5, 5, 1, 3.40%, 0, 0, 2, 2.76
1654321130, 0, 0, 6, 6, 1, 3.40%, 0, 0, 2, 3.59
1654321146, 0, 0, 7, 7, 1, 3.40%, 0, 0, 2, 3.58
1654321296, 0, 0, 8, 8, 1, 3.40%, 0, 0, 2, 7.42
1654321385, 0, 1, 8, 7, 2, 3.40%, 0, 0, 2, 64.30
1654321415, 0, 6, 8, 6, 1, 3.40%, 0, 0, 2, 63.87
1654321441, 0, 6, 9, 7, 1, 3.42%, 0, 0, 3, 4.45
1654322045, 0, 6, 10, 8, 1, 3.44%, 0, 0, 3, 3.84
