# unix_time, cycles_done, cur_path, paths_total, pending_total, pending_favs, map_size, unique_crashes, unique_hangs, max_depth, execs_per_sec
1619736128, 0, 0, 4, 4, 1, 14.06%, 0, 0, 1, 154.09
1619736133, 0, 2, 14, 14, 1, 14.88%, 0, 0, 2, 149.50
1619736138, 0, 2, 19, 19, 1, 15.84%, 0, 0, 2, 152.03
1619736143, 0, 2, 24, 24, 1, 15.85%, 0, 0, 2, 151.51
1619736148, 0, 2, 31, 31, 1, 15.85%, 0, 0, 2, 151.60
1619736154, 0, 2, 39, 39, 1, 15.91%, 0, 0, 2, 153.43
1619736159, 0, 2, 40, 40, 1, 15.91%, 0, 0, 2, 153.43
1619736164, 0, 2, 43, 43, 1, 15.91%, 0, 0, 2, 153.96
1619736169, 0, 2, 45, 45, 1, 15.91%, 0, 0, 2, 148.96
1619736174, 0, 2, 46, 46, 1, 15.91%, 0, 0, 2, 160.50
1619736179, 0, 2, 48, 48, 1, 15.91%, 0, 0, 2, 153.30
1619736184, 0, 2, 51, 51, 1, 15.91%, 0, 0, 2, 153.27
1619736189, 0, 2, 52, 52, 1, 15.91%, 0, 0, 2, 152.03
1619736194, 0, 2, 53, 53, 1, 15.93%, 0, 0, 2, 149.74
1619736204, 0, 2, 56, 56, 1, 15.93%, 0, 0, 2, 152.88
1619736209, 0, 2, 58, 58, 1, 15.93%, 0, 0, 2, 152.74
1619736215, 0, 2, 60, 60, 1, 15.93%, 0, 0, 2, 151.47
1619736220, 0, 2, 62, 62, 1, 15.93%, 0, 0, 2, 159.00
1619736235, 0, 2, 63, 63, 1, 15.93%, 0, 0, 2, 162.55
1619736240, 0, 2, 71, 71, 1, 15.93%, 0, 0, 2, 155.26
1619736245, 0, 2, 75, 75, 1, 15.93%, 0, 0, 2, 157.77
1619736250, 0, 2, 76, 76, 1, 15.93%, 0, 0, 2, 157.96
1619736260, 0, 2, 77, 77, 1, 15.93%, 0, 0, 2, 152.80
1619736265, 0, 2, 78, 78, 1, 15.93%, 0, 0, 2, 153.95
1619736281, 0, 2, 79, 79, 1, 15.93%, 0, 0, 2, 150.99
1619736286, 0, 2, 80, 80, 1, 15.93%, 0, 0, 2, 153.92
1619736291, 0, 2, 81, 81, 1, 15.93%, 0, 0, 2, 150.23
1619736296, 0, 2, 83, 83, 1, 15.93%, 0, 0, 2, 147.27
1619736301, 0, 2, 84, 84, 1, 15.93%, 0, 0, 2, 147.77
1619736306, 0, 2, 85, 85, 1, 15.93%, 0, 0, 2, 152.66
1619736311, 0, 2, 86, 86, 1, 15.93%, 0, 0, 2, 153.51
1619736326, 0, 2, 87, 87, 1, 15.93%, 0, 0, 2, 153.18
1619736337, 0, 2, 88, 88, 1, 15.93%, 0, 0, 2, 153.44
1619736342, 0, 2, 89, 89, 1, 15.93%, 0, 0, 2, 154.31
1619736352, 0, 2, 90, 90, 1, 15.93%, 0, 0, 2, 155.18
1619736372, 0, 2, 92, 92, 1, 15.93%, 0, 0, 2, 156.76
1619736377, 0, 2, 94, 94, 1, 15.93%, 0, 0, 2, 159.82
1619736393, 0, 2, 95, 95, 1, 15.93%, 0, 0, 2, 160.86
1619736398, 0, 2, 96, 96, 1, 15.93%, 0, 0, 2, 158.20
1619736403, 0, 2, 99, 99, 1, 15.93%, 0, 0, 2, 154.65
1619736413, 0, 2, 100, 100, 1, 15.93%, 0, 0, 2, 153.07
1619736423, 0, 2, 101, 101, 1, 15.93%, 0, 0, 2, 154.51
1619736428, 0, 2, 103, 103, 1, 15.93%, 0, 0, 2, 155.96
1619736438, 0, 2, 108, 108, 1, 15.93%, 0, 0, 2, 155.12
1619736443, 0, 2, 109, 109, 1, 15.93%, 0, 0, 2, 152.23
1619736514, 0, 2, 110, 110, 1, 15.93%, 0, 0, 2, 153.90
1619736566, 0, 2, 111, 111, 1, 15.93%, 0, 0, 2, 0.33
1619736571, 0, 2, 115, 115, 1, 16.42%, 0, 0, 2, 517.12
1619736577, 0, 2, 119, 119, 1, 16.42%, 0, 0, 2, 712.98
1619736582, 0, 2, 124, 124, 1, 16.42%, 0, 0, 2, 759.45
1619736587, 0, 2, 126, 126, 1, 16.42%, 0, 0, 2, 771.39
1619736592, 0, 2, 128, 128, 1, 16.42%, 0, 0, 2, 770.22
1619736597, 0, 2, 131, 131, 1, 16.42%, 0, 0, 2, 770.04
1619736602, 0, 7, 132, 131, 10, 16.42%, 0, 0, 3, 790.98
1619736612, 0, 7, 133, 132, 10, 16.42%, 0, 0, 3, 803.32
1619736627, 0, 7, 134, 133, 10, 16.42%, 0, 0, 3, 804.73
1619736633, 0, 7, 135, 134, 10, 16.42%, 0, 0, 3, 782.29
1619736663, 0, 7, 137, 136, 10, 16.42%, 0, 0, 3, 793.63
1619736668, 0, 7, 140, 139, 10, 16.42%, 0, 0, 3, 796.91
1619736688, 0, 10, 140, 138, 9, 16.42%, 0, 0, 3, 903.56
1619736699, 0, 10, 141, 139, 9, 16.42%, 0, 0, 3, 804.91
1619736704, 0, 10, 143, 141, 9, 16.42%, 0, 0, 3, 806.56
1619736709, 0, 10, 144, 142, 9, 16.42%, 0, 0, 3, 821.73
1619736719, 0, 10, 145, 143, 9, 16.42%, 0, 0, 3, 801.08
1619736724, 0, 10, 146, 144, 9, 16.42%, 0, 0, 3, 792.01
1619736734, 0, 10, 147, 145, 9, 16.42%, 0, 0, 3, 800.90
1619736755, 0, 10, 148, 146, 9, 16.42%, 0, 0, 3, 789.69
1619736780, 0, 33, 148, 145, 8, 16.42%, 0, 0, 3, 791.48
1619736795, 0, 33, 149, 146, 8, 16.42%, 0, 0, 3, 799.00
1619736820, 0, 33, 150, 147, 8, 16.42%, 0, 0, 3, 763.18
1619736831, 0, 33, 151, 148, 8, 16.42%, 0, 0, 3, 801.24
1619736851, 0, 33, 152, 149, 8, 16.42%, 0, 0, 3, 769.90
1619736871, 0, 34, 152, 148, 7, 16.42%, 0, 0, 3, 810.51
1619736897, 0, 34, 153, 149, 7, 16.42%, 0, 0, 3, 783.37
1619736902, 0, 34, 154, 150, 7, 16.42%, 0, 0, 3, 793.11
1619736917, 0, 34, 155, 151, 7, 16.42%, 0, 0, 3, 793.20
1619736932, 0, 34, 156, 152, 7, 16.42%, 0, 0, 3, 771.71
1619736942, 0, 34, 157, 153, 7, 16.42%, 0, 0, 3, 767.64
1619736963, 0, 52, 157, 152, 6, 16.42%, 0, 0, 3, 778.55
1619737003, 0, 52, 158, 153, 6, 16.42%, 0, 0, 3, 820.02
1619737009, 0, 52, 159, 154, 6, 16.42%, 0, 0, 3, 803.93
1619737034, 0, 52, 160, 155, 6, 16.42%, 0, 0, 3, 830.86
1619737049, 0, 54, 160, 154, 5, 16.42%, 0, 0, 3, 757.26
1619737060, 0, 54, 161, 155, 5, 16.42%, 0, 0, 3, 786.03
1619737136, 0, 56, 161, 154, 4, 16.42%, 0, 0, 3, 781.67
1619737191, 0, 56, 162, 155, 4, 16.42%, 0, 0, 3, 794.53
1619737221, 0, 56, 163, 156, 4, 16.42%, 0, 0, 3, 998.54
1619737226, 0, 64, 163, 155, 3, 16.42%, 0, 0, 3, 839.67
1619737313, 0, 72, 163, 154, 2, 16.42%, 0, 0, 3, 953.47
1619737328, 0, 72, 165, 156, 2, 16.76%, 0, 0, 3, 810.24
