# unix_time, cycles_done, cur_path, paths_total, pending_total, pending_favs, map_size, unique_crashes, unique_hangs, max_depth, execs_per_sec
1621133511, 0, 0, 2, 2, 1, 1.92%, 0, 0, 1, 4.45
1621133516, 0, 0, 4, 4, 1, 1.93%, 0, 0, 2, 4.53
1621133521, 0, 0, 5, 5, 1, 1.93%, 0, 0, 2, 4.61
1621133536, 0, 0, 6, 6, 1, 1.93%, 0, 0, 2, 4.66
1621133546, 0, 0, 7, 7, 1, 1.93%, 0, 0, 2, 4.47
1621133567, 0, 0, 8, 8, 1, 1.93%, 0, 0, 2, 4.64
1621133844, 0, 0, 9, 9, 1, 1.93%, 0, 0, 2, 4.69
1621134044, 0, 0, 10, 10, 1, 1.93%, 0, 0, 2, 4.42
1621134049, 0, 0, 11, 11, 1, 1.96%, 0, 0, 2, 4.42
1621134055, 0, 0, 13, 13, 1, 1.96%, 0, 0, 2, 4.40
1621134060, 0, 0, 14, 14, 1, 1.96%, 0, 0, 2, 4.45
1621134070, 0, 0, 15, 15, 1, 1.96%, 0, 0, 2, 4.52
1621134085, 0, 0, 16, 16, 1, 1.96%, 0, 0, 2, 4.47
1621134091, 0, 0, 17, 17, 1, 1.97%, 0, 0, 2, 4.47
1621134096, 0, 0, 18, 18, 1, 1.97%, 0, 0, 2, 4.54
1621134265, 0, 0, 20, 20, 1, 1.97%, 0, 0, 2, 4.68
1621134270, 0, 0, 21, 21, 1, 1.97%, 0, 0, 2, 4.77
1621134285, 0, 0, 22, 22, 1, 1.97%, 0, 0, 2, 4.78
1621134295, 0, 0, 24, 24, 1, 2.01%, 0, 0, 2, 4.68
1621134301, 0, 0, 26, 26, 1, 2.01%, 0, 0, 2, 4.71
1621134306, 0, 0, 27, 27, 1, 2.01%, 0, 0, 2, 5.09
1621134316, 0, 0, 29, 29, 1, 2.02%, 0, 0, 2, 5.37
1621134326, 0, 0, 30, 30, 1, 2.02%, 0, 0, 2, 4.70
1621134705, 0, 0, 31, 31, 1, 2.03%, 0, 0, 2, 5.41
