# unix_time, cycles_done, cur_path, paths_total, pending_total, pending_favs, map_size, unique_crashes, unique_hangs, max_depth, execs_per_sec
1621229646, 0, 0, 2, 2, 1, 1.08%, 0, 0, 1, 13.26
1621229651, 0, 1, 2, 2, 1, 1.08%, 0, 0, 1, 13.62
1621229737, 1, 0, 2, 1, 0, 1.08%, 0, 0, 1, 24.15
1621230165, 3, 1, 2, 0, 0, 1.08%, 0, 0, 1, 24.32
1621230170, 6, 0, 2, 0, 0, 1.08%, 0, 0, 1, 24.43
1621230176, 8, 1, 2, 0, 0, 1.08%, 0, 0, 1, 24.37
1621230181, 11, 0, 2, 0, 0, 1.08%, 0, 0, 1, 23.55
1621230186, 13, 1, 2, 0, 0, 1.08%, 0, 0, 1, 23.39
1621230191, 16, 0, 2, 0, 0, 1.08%, 0, 0, 1, 24.24
1621230196, 18, 1, 2, 0, 0, 1.08%, 0, 0, 1, 24.33
1621230201, 21, 0, 2, 0, 0, 1.08%, 0, 0, 1, 24.53
1621230206, 23, 1, 2, 0, 0, 1.08%, 0, 0, 1, 24.45
1621230211, 26, 0, 2, 0, 0, 1.08%, 0, 0, 1, 24.35
1621230216, 28, 1, 2, 0, 0, 1.08%, 0, 0, 1, 24.32
1621230221, 31, 0, 2, 0, 0, 1.08%, 0, 0, 1, 24.56
1621230226, 33, 1, 2, 0, 0, 1.08%, 0, 0, 1, 24.49
1621230231, 35, 1, 2, 0, 0, 1.08%, 0, 0, 1, 24.22
1621230237, 38, 0, 2, 0, 0, 1.08%, 0, 0, 1, 22.80
1621230242, 40, 1, 2, 0, 0, 1.08%, 0, 0, 1, 23.71
1621230247, 43, 0, 2, 0, 0, 1.08%, 0, 0, 1, 24.42
1621230252, 45, 1, 2, 0, 0, 1.08%, 0, 0, 1, 24.51
1621230257, 48, 0, 2, 0, 0, 1.08%, 0, 0, 1, 24.33
1621230262, 50, 1, 2, 0, 0, 1.08%, 0, 0, 1, 24.34
1621230267, 53, 0, 2, 0, 0, 1.08%, 0, 0, 1, 23.52
1621230273, 55, 1, 2, 0, 0, 1.08%, 0, 0, 1, 24.13
1621230278, 58, 0, 2, 0, 0, 1.08%, 0, 0, 1, 24.15
1621230283, 60, 1, 2, 0, 0, 1.08%, 0, 0, 1, 24.22
1621230288, 63, 0, 2, 0, 0, 1.08%, 0, 0, 1, 24.47
1621230293, 65, 1, 2, 0, 0, 1.08%, 0, 0, 1, 24.51
1621230298, 68, 0, 2, 0, 0, 1.08%, 0, 0, 1, 24.49
1621230303, 70, 1, 2, 0, 0, 1.08%, 0, 0, 1, 24.53
1621230308, 73, 0, 2, 0, 0, 1.08%, 0, 0, 1, 24.49
1621230313, 75, 1, 2, 0, 0, 1.08%, 0, 0, 1, 24.45
1621230318, 77, 1, 2, 0, 0, 1.08%, 0, 0, 1, 24.42
1621230324, 80, 0, 2, 0, 0, 1.08%, 0, 0, 1, 24.47
1621230329, 82, 1, 2, 0, 0, 1.08%, 0, 0, 1, 24.37
1621230334, 85, 1, 2, 0, 0, 1.08%, 0, 0, 1, 24.26
1621230339, 87, 1, 2, 0, 0, 1.08%, 0, 0, 1, 24.29
1621230344, 90, 0, 2, 0, 0, 1.08%, 0, 0, 1, 24.41
1621230349, 92, 1, 2, 0, 0, 1.08%, 0, 0, 1, 24.22
1621230354, 95, 0, 2, 0, 0, 1.08%, 0, 0, 1, 24.58
1621230359, 97, 1, 2, 0, 0, 1.08%, 0, 0, 1, 24.77
1621230365, 100, 1, 2, 0, 0, 1.08%, 0, 0, 1, 24.54
1621230370, 102, 1, 2, 0, 0, 1.08%, 0, 0, 1, 24.43
1621230375, 105, 1, 2, 0, 0, 1.08%, 0, 0, 1, 24.36
1621230380, 108, 0, 2, 0, 0, 1.08%, 0, 0, 1, 24.72
1621230385, 110, 1, 2, 0, 0, 1.08%, 0, 0, 1, 24.75
1621230390, 113, 0, 2, 0, 0, 1.08%, 0, 0, 1, 25.10
1621230395, 115, 1, 2, 0, 0, 1.08%, 0, 0, 1, 24.98
1621230405, 117, 1, 2, 0, 0, 1.08%, 0, 1, 1, 0.40
1621230410, 118, 0, 2, 0, 0, 1.08%, 0, 1, 1, 0.59
1621230415, 120, 1, 2, 0, 0, 1.08%, 0, 1, 1, 25.02
1621230420, 123, 0, 2, 0, 0, 1.08%, 0, 1, 1, 24.45
1621230425, 125, 1, 2, 0, 0, 1.08%, 0, 1, 1, 24.11
1621230430, 128, 0, 2, 0, 0, 1.08%, 0, 1, 1, 24.14
1621230436, 130, 1, 2, 0, 0, 1.08%, 0, 1, 1, 24.02
1621230441, 132, 1, 2, 0, 0, 1.08%, 0, 1, 1, 21.97
1621230446, 135, 0, 2, 0, 0, 1.08%, 0, 1, 1, 23.31
1621230451, 137, 1, 2, 0, 0, 1.08%, 0, 1, 1, 24.16
1621230456, 140, 0, 2, 0, 0, 1.08%, 0, 1, 1, 24.61
1621230462, 140, 1, 2, 0, 0, 1.08%, 0, 2, 1, 0.78
1621230467, 143, 0, 2, 0, 0, 1.08%, 0, 2, 1, 24.96
1621230472, 145, 1, 2, 0, 0, 1.08%, 0, 2, 1, 24.62
1621230477, 148, 0, 2, 0, 0, 1.08%, 0, 2, 1, 25.09
1621230482, 150, 1, 2, 0, 0, 1.08%, 0, 2, 1, 24.31
1621230487, 153, 0, 2, 0, 0, 1.08%, 0, 2, 1, 24.37
1621230492, 155, 1, 2, 0, 0, 1.08%, 0, 2, 1, 24.37
1621230497, 158, 0, 2, 0, 0, 1.08%, 0, 2, 1, 24.38
1621230503, 160, 1, 2, 0, 0, 1.08%, 0, 2, 1, 24.56
1621230508, 163, 0, 2, 0, 0, 1.08%, 0, 2, 1, 24.58
1621230513, 165, 1, 2, 0, 0, 1.08%, 0, 2, 1, 24.61
1621230518, 168, 0, 2, 0, 0, 1.08%, 0, 2, 1, 24.35
1621230523, 170, 1, 2, 0, 0, 1.08%, 0, 2, 1, 24.43
1621230528, 173, 0, 2, 0, 0, 1.08%, 0, 2, 1, 24.49
1621230537, 175, 0, 2, 0, 0, 1.08%, 0, 2, 1, 1.15
1621230547, 177, 1, 2, 0, 0, 1.08%, 0, 2, 1, 0.59
1621230552, 180, 0, 2, 0, 0, 1.08%, 0, 2, 1, 24.53
1621230557, 182, 1, 2, 0, 0, 1.08%, 0, 2, 1, 24.20
1621230563, 185, 0, 2, 0, 0, 1.08%, 0, 2, 1, 24.03
1621230568, 187, 0, 2, 0, 0, 1.08%, 0, 2, 1, 24.23
1621230573, 189, 1, 2, 0, 0, 1.08%, 0, 2, 1, 24.45
1621230578, 192, 0, 2, 0, 0, 1.08%, 0, 2, 1, 24.13
1621230583, 194, 1, 2, 0, 0, 1.08%, 0, 2, 1, 24.32
1621230588, 197, 0, 2, 0, 0, 1.08%, 0, 2, 1, 24.26
1621230593, 199, 1, 2, 0, 0, 1.08%, 0, 2, 1, 24.10
1621230599, 200, 1, 2, 0, 0, 1.08%, 0, 2, 1, 0.59
1621230604, 203, 0, 2, 0, 0, 1.08%, 0, 2, 1, 24.08
1621230610, 205, 0, 2, 0, 0, 1.08%, 0, 2, 1, 24.40
1621230615, 208, 0, 2, 0, 0, 1.08%, 0, 2, 1, 24.28
1621230620, 210, 1, 2, 0, 0, 1.08%, 0, 2, 1, 24.30
1621230625, 213, 0, 2, 0, 0, 1.08%, 0, 2, 1, 24.34
1621230630, 215, 1, 2, 0, 0, 1.08%, 0, 2, 1, 24.43
1621230635, 218, 0, 2, 0, 0, 1.08%, 0, 2, 1, 24.38
1621230640, 220, 1, 2, 0, 0, 1.08%, 0, 2, 1, 24.45
1621230645, 223, 0, 2, 0, 0, 1.08%, 0, 2, 1, 24.50
1621230655, 225, 0, 2, 0, 0, 1.08%, 0, 2, 1, 0.78
1621230660, 227, 1, 2, 0, 0, 1.08%, 0, 2, 1, 24.34
1621230665, 230, 0, 2, 0, 0, 1.08%, 0, 2, 1, 24.56
1621230670, 232, 1, 2, 0, 0, 1.08%, 0, 2, 1, 24.84
1621230675, 235, 0, 2, 0, 0, 1.08%, 0, 2, 1, 24.65
1621230680, 237, 1, 2, 0, 0, 1.08%, 0, 2, 1, 24.44
1621230686, 240, 0, 2, 0, 0, 1.08%, 0, 2, 1, 24.79
1621230691, 243, 0, 2, 0, 0, 1.08%, 0, 2, 1, 25.11
1621230701, 245, 0, 2, 0, 0, 1.08%, 0, 2, 1, 0.20
1621230706, 247, 1, 2, 0, 0, 1.08%, 0, 2, 1, 22.56
1621230711, 250, 0, 2, 0, 0, 1.08%, 0, 2, 1, 24.04
1621230716, 252, 1, 2, 0, 0, 1.08%, 0, 2, 1, 24.13
1621230721, 255, 0, 2, 0, 0, 1.08%, 0, 2, 1, 24.21
1621230726, 257, 1, 2, 0, 0, 1.08%, 0, 2, 1, 24.18
1621230731, 260, 0, 2, 0, 0, 1.08%, 0, 2, 1, 24.25
1621230737, 262, 1, 2, 0, 0, 1.08%, 0, 2, 1, 24.51
1621230742, 265, 0, 2, 0, 0, 1.08%, 0, 2, 1, 24.82
1621230747, 267, 1, 2, 0, 0, 1.08%, 0, 2, 1, 24.54
1621230752, 270, 0, 2, 0, 0, 1.08%, 0, 2, 1, 24.47
1621230757, 272, 1, 2, 0, 0, 1.08%, 0, 2, 1, 24.27
1621230762, 275, 0, 2, 0, 0, 1.08%, 0, 2, 1, 24.69
1621230767, 277, 1, 2, 0, 0, 1.08%, 0, 2, 1, 24.72
1621230772, 280, 0, 2, 0, 0, 1.08%, 0, 2, 1, 24.58
1621230777, 282, 1, 2, 0, 0, 1.08%, 0, 2, 1, 24.47
1621230782, 285, 0, 2, 0, 0, 1.08%, 0, 2, 1, 24.32
1621230787, 287, 1, 2, 0, 0, 1.08%, 0, 2, 1, 24.27
1621230792, 290, 0, 2, 0, 0, 1.08%, 0, 2, 1, 24.36
1621230797, 292, 1, 2, 0, 0, 1.08%, 0, 2, 1, 24.50
1621230802, 295, 0, 2, 0, 0, 1.08%, 0, 2, 1, 24.33
1621230808, 297, 1, 2, 0, 0, 1.08%, 0, 2, 1, 24.60
1621230813, 300, 0, 2, 0, 0, 1.08%, 0, 2, 1, 24.86
1621230818, 302, 1, 2, 0, 0, 1.08%, 0, 2, 1, 24.40
1621230823, 305, 0, 2, 0, 0, 1.08%, 0, 2, 1, 24.85
1621230828, 307, 1, 2, 0, 0, 1.08%, 0, 2, 1, 24.73
1621230833, 310, 0, 2, 0, 0, 1.08%, 0, 2, 1, 24.44
1621230838, 312, 1, 2, 0, 0, 1.08%, 0, 2, 1, 24.42
1621230843, 315, 0, 2, 0, 0, 1.08%, 0, 2, 1, 25.08
1621230848, 316, 0, 3, 1, 0, 1.09%, 0, 2, 2, 33.93
