# unix_time, cycles_done, cur_path, paths_total, pending_total, pending_favs, map_size, unique_crashes, unique_hangs, max_depth, execs_per_sec
1619737349, 0, 0, 1, 1, 1, 13.91%, 0, 0, 1, 158.10
1619737354, 0, 0, 10, 10, 1, 15.29%, 0, 0, 2, 160.34
1619737360, 0, 0, 11, 11, 1, 15.97%, 0, 0, 2, 158.53
1619737365, 0, 0, 20, 20, 1, 15.99%, 0, 0, 2, 156.78
1619737370, 0, 0, 21, 21, 1, 15.99%, 0, 0, 2, 159.67
1619737375, 0, 0, 23, 23, 1, 15.99%, 0, 0, 2, 157.52
1619737380, 0, 0, 27, 27, 1, 15.99%, 0, 0, 2, 157.18
1619737385, 0, 0, 34, 34, 1, 16.05%, 0, 0, 2, 158.19
1619737390, 0, 0, 37, 37, 1, 16.05%, 0, 0, 2, 158.15
1619737395, 0, 0, 38, 38, 1, 16.05%, 0, 0, 2, 160.27
1619737400, 0, 0, 39, 39, 1, 16.05%, 0, 0, 2, 159.79
1619737405, 0, 0, 41, 41, 1, 16.05%, 0, 0, 2, 153.89
1619737415, 0, 0, 44, 44, 1, 16.05%, 0, 0, 2, 155.84
1619737421, 0, 0, 46, 46, 1, 16.05%, 0, 0, 2, 157.84
1619737431, 0, 0, 47, 47, 1, 16.05%, 0, 0, 2, 159.99
1619737436, 0, 0, 49, 49, 1, 16.05%, 0, 0, 2, 158.23
1619737446, 0, 0, 51, 51, 1, 16.05%, 0, 0, 2, 156.89
1619737451, 0, 0, 53, 53, 1, 16.07%, 0, 0, 2, 157.56
1619737471, 0, 0, 55, 55, 1, 16.07%, 0, 0, 2, 157.01
1619737481, 0, 0, 58, 58, 1, 16.07%, 0, 0, 2, 159.69
1619737486, 0, 0, 60, 60, 1, 16.07%, 0, 0, 2, 162.34
1619737496, 0, 0, 63, 63, 1, 16.07%, 0, 0, 2, 162.54
1619737501, 0, 0, 64, 64, 1, 16.07%, 0, 0, 2, 156.97
1619737511, 0, 0, 65, 65, 1, 16.07%, 0, 0, 2, 159.98
1619737517, 0, 0, 66, 66, 1, 16.07%, 0, 0, 2, 160.77
1619737522, 0, 0, 67, 67, 1, 16.07%, 0, 0, 2, 158.23
1619737527, 0, 0, 80, 80, 1, 16.07%, 0, 0, 2, 164.30
1619737532, 0, 0, 81, 81, 1, 16.07%, 0, 0, 2, 157.27
1619737537, 0, 0, 82, 82, 1, 16.07%, 0, 0, 2, 156.25
1619737567, 0, 0, 83, 83, 1, 16.07%, 0, 0, 2, 156.65
1619737577, 0, 0, 84, 84, 1, 16.07%, 0, 0, 2, 156.95
1619737587, 0, 0, 85, 85, 1, 16.07%, 0, 0, 2, 155.67
1619737593, 0, 0, 86, 86, 1, 16.07%, 0, 0, 2, 153.04
1619737628, 0, 0, 87, 87, 1, 16.07%, 0, 0, 2, 156.87
1619737669, 0, 0, 88, 88, 1, 16.07%, 0, 0, 2, 160.01
1619737674, 0, 0, 89, 89, 1, 16.07%, 0, 0, 2, 157.37
1619737689, 0, 0, 90, 90, 1, 16.07%, 0, 0, 2, 159.59
1619737694, 0, 0, 91, 91, 1, 16.07%, 0, 0, 2, 156.09
1619737714, 0, 0, 93, 93, 1, 16.07%, 0, 0, 2, 159.10
1619737720, 0, 0, 95, 95, 1, 16.07%, 0, 0, 2, 159.10
1619737740, 0, 0, 97, 97, 1, 16.07%, 0, 0, 2, 158.72
1619737773, 0, 0, 100, 100, 1, 16.07%, 0, 0, 2, 1.95
1619737783, 0, 0, 105, 105, 1, 16.57%, 0, 0, 2, 688.14
1619737788, 0, 0, 107, 107, 1, 16.57%, 0, 0, 2, 729.16
1619737793, 0, 0, 110, 110, 1, 16.57%, 0, 0, 2, 783.54
1619737798, 0, 0, 111, 111, 1, 16.57%, 0, 0, 2, 815.06
1619737808, 0, 0, 114, 114, 1, 16.57%, 0, 0, 2, 780.73
1619737814, 0, 0, 117, 117, 1, 16.57%, 0, 0, 2, 799.53
1619737829, 0, 0, 118, 118, 1, 16.57%, 0, 0, 2, 796.87
1619737844, 0, 0, 119, 119, 1, 16.57%, 0, 0, 2, 766.32
1619737849, 0, 0, 120, 120, 1, 16.57%, 0, 0, 2, 768.94
1619737854, 0, 0, 122, 122, 1, 16.57%, 0, 0, 2, 758.04
1619737864, 0, 0, 123, 123, 1, 16.57%, 0, 0, 2, 760.56
1619737869, 0, 0, 124, 124, 1, 16.57%, 0, 0, 2, 731.97
1619737875, 0, 4, 124, 123, 8, 16.57%, 0, 0, 2, 765.89
1619737885, 0, 4, 126, 125, 8, 16.57%, 0, 0, 3, 812.40
1619737935, 0, 4, 127, 126, 8, 16.57%, 0, 0, 3, 792.25
1619737946, 0, 4, 128, 127, 8, 16.57%, 0, 0, 3, 776.40
1619737951, 0, 4, 130, 129, 8, 16.57%, 0, 0, 3, 789.73
1619737956, 0, 4, 131, 130, 8, 16.57%, 0, 0, 3, 790.51
1619737971, 0, 4, 132, 131, 8, 16.57%, 0, 0, 3, 799.66
1619737991, 0, 4, 133, 132, 8, 16.57%, 0, 0, 3, 772.23
1619737996, 0, 4, 134, 133, 8, 16.57%, 0, 0, 3, 756.10
1619738032, 0, 10, 135, 133, 7, 16.57%, 0, 0, 3, 806.69
1619738078, 0, 10, 136, 134, 7, 16.57%, 0, 0, 3, 809.70
1619738098, 0, 10, 137, 135, 7, 16.57%, 0, 0, 3, 806.81
1619738118, 0, 10, 138, 136, 7, 16.57%, 0, 0, 3, 806.70
1619738129, 0, 10, 139, 137, 7, 16.57%, 0, 0, 3, 843.94
1619738185, 0, 27, 139, 136, 6, 16.57%, 0, 0, 3, 778.27
1619738190, 0, 27, 140, 137, 6, 16.57%, 0, 0, 3, 794.28
1619738210, 0, 27, 141, 138, 6, 16.57%, 0, 0, 3, 803.42
1619738241, 0, 27, 142, 139, 6, 16.57%, 0, 0, 3, 776.95
1619738322, 0, 27, 143, 140, 6, 16.57%, 0, 0, 3, 967.03
1619738337, 0, 29, 143, 139, 5, 16.57%, 0, 0, 3, 790.08
1619738383, 0, 29, 144, 140, 5, 16.57%, 0, 0, 3, 792.14
1619738494, 0, 51, 144, 139, 4, 16.57%, 0, 0, 3, 775.75
