# unix_time, cycles_done, cur_path, paths_total, pending_total, pending_favs, map_size, unique_crashes, unique_hangs, max_depth, execs_per_sec
1621134733, 0, 0, 2, 2, 1, 1.92%, 0, 0, 1, 3.09
1621134738, 0, 0, 3, 3, 1, 1.92%, 0, 0, 2, 3.12
1621134743, 0, 0, 5, 5, 1, 1.93%, 0, 0, 2, 3.28
1621134768, 0, 0, 6, 6, 1, 1.93%, 0, 0, 2, 3.36
1621134774, 0, 0, 7, 7, 1, 1.93%, 0, 0, 2, 3.21
1621134784, 0, 0, 8, 8, 1, 1.93%, 0, 0, 2, 3.32
1621134815, 0, 0, 9, 9, 1, 1.93%, 0, 0, 2, 3.38
1621135042, 0, 0, 10, 10, 1, 1.93%, 0, 0, 2, 3.07
1621135223, 0, 0, 11, 11, 1, 1.93%, 0, 0, 2, 3.41
1621135255, 0, 0, 12, 12, 1, 1.93%, 0, 0, 2, 3.25
1621135512, 0, 0, 13, 13, 1, 1.93%, 0, 0, 2, 4.66
1621135517, 0, 0, 15, 15, 1, 1.96%, 0, 0, 2, 4.59
1621135527, 0, 0, 16, 16, 1, 1.96%, 0, 0, 2, 4.61
1621135533, 0, 0, 17, 17, 1, 1.96%, 0, 0, 2, 4.63
1621135538, 0, 0, 18, 18, 1, 1.96%, 0, 0, 2, 4.67
1621135548, 0, 0, 20, 20, 1, 1.97%, 0, 0, 2, 4.66
1621135722, 0, 0, 22, 22, 1, 1.97%, 0, 0, 2, 4.70
1621135732, 0, 0, 23, 23, 1, 1.97%, 0, 0, 2, 4.71
1621135737, 0, 0, 24, 24, 1, 1.97%, 0, 0, 2, 4.70
1621135742, 0, 0, 25, 25, 1, 1.97%, 0, 0, 2, 4.72
1621135752, 0, 0, 27, 27, 1, 2.01%, 0, 0, 2, 4.60
1621135758, 0, 0, 29, 29, 1, 2.01%, 0, 0, 2, 4.62
1621135763, 0, 0, 30, 30, 1, 2.01%, 0, 0, 2, 4.99
1621135773, 0, 0, 32, 32, 1, 2.02%, 0, 0, 2, 5.21
1621135778, 0, 0, 33, 33, 1, 2.02%, 0, 0, 2, 4.81
1621135921, 0, 0, 34, 34, 1, 2.03%, 0, 0, 2, 5.11
