# unix_time, cycles_done, cur_path, paths_total, pending_total, pending_favs, map_size, unique_crashes, unique_hangs, max_depth, execs_per_sec
1621525197, 0, 0, 1, 1, 1, 0.16%, 0, 0, 1, 14.49
1621525496, 3, 0, 1, 0, 0, 0.16%, 0, 0, 1, 14.98
1621525501, 6, 0, 1, 0, 0, 0.16%, 0, 0, 1, 14.93
1621525506, 9, 0, 1, 0, 0, 0.16%, 0, 0, 1, 14.99
1621525511, 12, 0, 1, 0, 0, 0.16%, 0, 0, 1, 15.03
1621525516, 15, 0, 1, 0, 0, 0.16%, 0, 0, 1, 14.85
1621525521, 18, 0, 1, 0, 0, 0.16%, 0, 0, 1, 14.92
1621525526, 21, 0, 1, 0, 0, 0.16%, 0, 0, 1, 14.93
1621525531, 24, 0, 1, 0, 0, 0.16%, 0, 0, 1, 14.95
1621525536, 27, 0, 1, 0, 0, 0.16%, 0, 0, 1, 14.81
1621525541, 31, 0, 1, 0, 0, 0.16%, 0, 0, 1, 15.05
1621525547, 34, 0, 1, 0, 0, 0.16%, 0, 0, 1, 15.04
1621525552, 37, 0, 1, 0, 0, 0.16%, 0, 0, 1, 15.03
1621525557, 40, 0, 1, 0, 0, 0.16%, 0, 0, 1, 14.77
1621525562, 43, 0, 1, 0, 0, 0.16%, 0, 0, 1, 14.85
1621525567, 46, 0, 1, 0, 0, 0.16%, 0, 0, 1, 14.75
1621525572, 49, 0, 1, 0, 0, 0.16%, 0, 0, 1, 14.88
1621525578, 52, 0, 1, 0, 0, 0.16%, 0, 0, 1, 15.04
1621525583, 55, 0, 1, 0, 0, 0.16%, 0, 0, 1, 15.06
1621525588, 59, 0, 1, 0, 0, 0.16%, 0, 0, 1, 15.12
1621525593, 62, 0, 1, 0, 0, 0.16%, 0, 0, 1, 14.94
1621525598, 65, 0, 1, 0, 0, 0.16%, 0, 0, 1, 14.83
1621525603, 68, 0, 1, 0, 0, 0.16%, 0, 0, 1, 14.91
1621525608, 71, 0, 1, 0, 0, 0.16%, 0, 0, 1, 14.88
1621525614, 74, 0, 1, 0, 0, 0.16%, 0, 0, 1, 14.98
1621525619, 77, 0, 1, 0, 0, 0.16%, 0, 0, 1, 14.97
1621525624, 80, 0, 1, 0, 0, 0.16%, 0, 0, 1, 14.96
1621525629, 83, 0, 1, 0, 0, 0.16%, 0, 0, 1, 14.80
1621525634, 86, 0, 1, 0, 0, 0.16%, 0, 0, 1, 14.65
1621525639, 89, 0, 1, 0, 0, 0.16%, 0, 0, 1, 14.91
1621525644, 92, 0, 1, 0, 0, 0.16%, 0, 0, 1, 14.89
1621525649, 95, 0, 1, 0, 0, 0.16%, 0, 0, 1, 15.02
1621525655, 98, 0, 1, 0, 0, 0.16%, 0, 0, 1, 14.86
1621525660, 101, 0, 1, 0, 0, 0.16%, 0, 0, 1, 14.79
1621525665, 104, 0, 1, 0, 0, 0.16%, 0, 0, 1, 14.78
1621525670, 107, 0, 1, 0, 0, 0.16%, 0, 0, 1, 14.87
1621525675, 110, 0, 1, 0, 0, 0.16%, 0, 0, 1, 14.91
1621525680, 113, 0, 1, 0, 0, 0.16%, 0, 0, 1, 14.84
1621525685, 116, 0, 1, 0, 0, 0.16%, 0, 0, 1, 14.71
1621525690, 119, 0, 1, 0, 0, 0.16%, 0, 0, 1, 14.74
1621525695, 122, 0, 1, 0, 0, 0.16%, 0, 0, 1, 14.75
1621525701, 125, 0, 1, 0, 0, 0.16%, 0, 0, 1, 14.80
1621525706, 129, 0, 1, 0, 0, 0.16%, 0, 0, 1, 15.09
1621525711, 132, 0, 1, 0, 0, 0.16%, 0, 0, 1, 15.11
1621525716, 135, 0, 1, 0, 0, 0.16%, 0, 0, 1, 15.03
1621525721, 138, 0, 1, 0, 0, 0.16%, 0, 0, 1, 15.10
1621525726, 141, 0, 1, 0, 0, 0.16%, 0, 0, 1, 15.16
1621525731, 144, 0, 1, 0, 0, 0.16%, 0, 0, 1, 15.17
1621525736, 147, 0, 1, 0, 0, 0.16%, 0, 0, 1, 15.05
1621525741, 150, 0, 1, 0, 0, 0.16%, 0, 0, 1, 14.90
1621525747, 153, 0, 1, 0, 0, 0.16%, 0, 0, 1, 15.00
1621525752, 156, 0, 1, 0, 0, 0.16%, 0, 0, 1, 15.09
1621525757, 159, 0, 1, 0, 0, 0.16%, 0, 0, 1, 14.99
1621525762, 162, 0, 1, 0, 0, 0.16%, 0, 0, 1, 14.91
1621525767, 166, 0, 1, 0, 0, 0.16%, 0, 0, 1, 15.07
1621525772, 169, 0, 1, 0, 0, 0.16%, 0, 0, 1, 15.01
1621525777, 172, 0, 1, 0, 0, 0.16%, 0, 0, 1, 15.00
1621525782, 175, 0, 1, 0, 0, 0.16%, 0, 0, 1, 14.89
1621525787, 178, 0, 1, 0, 0, 0.16%, 0, 0, 1, 14.94
1621525792, 181, 0, 1, 0, 0, 0.16%, 0, 0, 1, 14.67
1621525798, 184, 0, 1, 0, 0, 0.16%, 0, 0, 1, 14.80
1621525803, 184, 0, 1, 0, 0, 0.16%, 0, 1, 1, 0.58
1621525810, 185, 0, 1, 0, 0, 0.16%, 0, 2, 1, 0.77
1621525815, 188, 0, 1, 0, 0, 0.16%, 0, 2, 1, 14.48
1621525820, 191, 0, 1, 0, 0, 0.16%, 0, 2, 1, 14.96
1621525825, 194, 0, 1, 0, 0, 0.16%, 0, 2, 1, 15.00
1621525830, 197, 0, 1, 0, 0, 0.16%, 0, 2, 1, 14.93
1621525835, 201, 0, 1, 0, 0, 0.16%, 0, 2, 1, 15.03
1621525841, 204, 0, 1, 0, 0, 0.16%, 0, 2, 1, 14.93
1621525846, 207, 0, 1, 0, 0, 0.16%, 0, 2, 1, 14.90
1621525851, 210, 0, 1, 0, 0, 0.16%, 0, 2, 1, 15.07
1621525856, 213, 0, 1, 0, 0, 0.16%, 0, 2, 1, 15.20
1621525861, 216, 0, 1, 0, 0, 0.16%, 0, 2, 1, 15.07
1621525866, 219, 0, 1, 0, 0, 0.16%, 0, 2, 1, 15.02
1621525871, 222, 0, 1, 0, 0, 0.16%, 0, 2, 1, 14.95
1621525877, 225, 0, 1, 0, 0, 0.16%, 0, 2, 1, 15.01
1621525882, 228, 0, 1, 0, 0, 0.16%, 0, 2, 1, 14.94
1621525887, 231, 0, 1, 0, 0, 0.16%, 0, 2, 1, 14.84
1621525892, 234, 0, 1, 0, 0, 0.16%, 0, 2, 1, 14.91
1621525897, 237, 0, 1, 0, 0, 0.16%, 0, 2, 1, 14.75
1621525902, 240, 0, 1, 0, 0, 0.16%, 0, 2, 1, 14.74
1621525907, 243, 0, 1, 0, 0, 0.16%, 0, 2, 1, 15.07
1621525912, 247, 0, 1, 0, 0, 0.16%, 0, 2, 1, 14.93
1621525917, 250, 0, 1, 0, 0, 0.16%, 0, 2, 1, 14.89
1621525923, 253, 0, 1, 0, 0, 0.16%, 0, 2, 1, 14.70
1621525928, 256, 0, 1, 0, 0, 0.16%, 0, 2, 1, 14.82
1621525933, 259, 0, 1, 0, 0, 0.16%, 0, 2, 1, 14.53
1621525943, 262, 0, 1, 0, 0, 0.16%, 0, 2, 1, 14.70
1621525949, 265, 0, 1, 0, 0, 0.16%, 0, 2, 1, 14.82
1621525954, 268, 0, 1, 0, 0, 0.16%, 0, 2, 1, 14.90
1621525959, 271, 0, 1, 0, 0, 0.16%, 0, 2, 1, 14.86
1621525964, 274, 0, 1, 0, 0, 0.16%, 0, 2, 1, 14.74
1621525969, 277, 0, 1, 0, 0, 0.16%, 0, 2, 1, 14.88
1621525974, 280, 0, 1, 0, 0, 0.16%, 0, 2, 1, 14.88
1621525979, 283, 0, 1, 0, 0, 0.16%, 0, 2, 1, 14.83
1621525984, 286, 0, 1, 0, 0, 0.16%, 0, 2, 1, 14.64
1621525989, 289, 0, 1, 0, 0, 0.16%, 0, 2, 1, 14.91
1621525999, 292, 0, 1, 0, 0, 0.16%, 0, 2, 1, 14.81
1621526005, 295, 0, 1, 0, 0, 0.16%, 0, 2, 1, 14.77
1621526010, 298, 0, 1, 0, 0, 0.16%, 0, 2, 1, 14.75
1621526015, 301, 0, 1, 0, 0, 0.16%, 0, 2, 1, 14.93
1621526020, 305, 0, 1, 0, 0, 0.16%, 0, 2, 1, 14.82
1621526025, 308, 0, 1, 0, 0, 0.16%, 0, 2, 1, 14.78
1621526030, 311, 0, 1, 0, 0, 0.16%, 0, 2, 1, 14.91
1621526035, 314, 0, 1, 0, 0, 0.16%, 0, 2, 1, 14.89
1621526040, 317, 0, 1, 0, 0, 0.16%, 0, 2, 1, 14.85
1621526045, 320, 0, 1, 0, 0, 0.16%, 0, 2, 1, 14.67
1621526050, 323, 0, 1, 0, 0, 0.16%, 0, 2, 1, 14.77
1621526055, 326, 0, 1, 0, 0, 0.16%, 0, 2, 1, 14.82
1621526061, 329, 0, 1, 0, 0, 0.16%, 0, 2, 1, 14.70
1621526066, 332, 0, 1, 0, 0, 0.16%, 0, 2, 1, 14.87
1621526071, 335, 0, 1, 0, 0, 0.16%, 0, 2, 1, 14.84
1621526076, 338, 0, 1, 0, 0, 0.16%, 0, 2, 1, 14.86
1621526081, 341, 0, 1, 0, 0, 0.16%, 0, 2, 1, 15.06
1621526086, 344, 0, 1, 0, 0, 0.16%, 0, 2, 1, 15.02
1621526091, 347, 0, 1, 0, 0, 0.16%, 0, 2, 1, 14.92
1621526096, 350, 0, 1, 0, 0, 0.16%, 0, 2, 1, 14.94
1621526101, 353, 0, 1, 0, 0, 0.16%, 0, 2, 1, 14.93
1621526106, 356, 0, 1, 0, 0, 0.16%, 0, 2, 1, 14.88
1621526111, 359, 0, 1, 0, 0, 0.16%, 0, 2, 1, 14.92
1621526117, 362, 0, 1, 0, 0, 0.16%, 0, 2, 1, 14.96
1621526122, 365, 0, 1, 0, 0, 0.16%, 0, 2, 1, 15.06
1621526127, 369, 0, 1, 0, 0, 0.16%, 0, 2, 1, 15.05
1621526132, 372, 0, 1, 0, 0, 0.16%, 0, 2, 1, 14.71
1621526137, 375, 0, 1, 0, 0, 0.16%, 0, 2, 1, 14.82
1621526142, 378, 0, 1, 0, 0, 0.16%, 0, 2, 1, 14.91
1621526147, 381, 0, 1, 0, 0, 0.16%, 0, 2, 1, 14.90
1621526152, 384, 0, 1, 0, 0, 0.16%, 0, 2, 1, 14.90
1621526158, 387, 0, 1, 0, 0, 0.16%, 0, 2, 1, 14.87
1621526163, 390, 0, 1, 0, 0, 0.16%, 0, 2, 1, 14.92
1621526168, 393, 0, 1, 0, 0, 0.16%, 0, 2, 1, 15.06
1621526173, 396, 0, 1, 0, 0, 0.16%, 0, 2, 1, 15.06
1621526178, 399, 0, 1, 0, 0, 0.16%, 0, 2, 1, 15.11
1621526183, 402, 0, 1, 0, 0, 0.16%, 0, 2, 1, 14.85
1621526188, 405, 0, 1, 0, 0, 0.16%, 0, 2, 1, 14.67
1621526193, 408, 0, 1, 0, 0, 0.16%, 0, 2, 1, 14.67
1621526199, 411, 0, 1, 0, 0, 0.16%, 0, 2, 1, 14.96
1621526204, 414, 0, 1, 0, 0, 0.16%, 0, 2, 1, 14.78
1621526209, 417, 0, 1, 0, 0, 0.16%, 0, 2, 1, 14.76
1621526214, 420, 0, 1, 0, 0, 0.16%, 0, 2, 1, 14.92
1621526219, 423, 0, 1, 0, 0, 0.16%, 0, 2, 1, 14.92
1621526224, 426, 0, 1, 0, 0, 0.16%, 0, 2, 1, 14.91
1621526229, 430, 0, 1, 0, 0, 0.16%, 0, 2, 1, 15.15
1621526234, 433, 0, 1, 0, 0, 0.16%, 0, 2, 1, 15.00
1621526239, 436, 0, 1, 0, 0, 0.16%, 0, 2, 1, 14.85
1621526244, 439, 0, 1, 0, 0, 0.16%, 0, 2, 1, 14.81
1621526252, 441, 0, 1, 0, 0, 0.16%, 0, 2, 1, 0.39
1621526258, 444, 0, 1, 0, 0, 0.16%, 0, 2, 1, 14.60
1621526263, 447, 0, 1, 0, 0, 0.16%, 0, 2, 1, 14.91
1621526268, 450, 0, 1, 0, 0, 0.16%, 0, 2, 1, 14.62
1621526273, 453, 0, 1, 0, 0, 0.16%, 0, 2, 1, 14.59
1621526278, 456, 0, 1, 0, 0, 0.16%, 0, 2, 1, 14.39
1621526283, 459, 0, 1, 0, 0, 0.16%, 0, 2, 1, 14.63
1621526288, 462, 0, 1, 0, 0, 0.16%, 0, 2, 1, 14.60
1621526293, 465, 0, 1, 0, 0, 0.16%, 0, 2, 1, 14.57
1621526299, 468, 0, 1, 0, 0, 0.16%, 0, 2, 1, 14.71
1621526304, 471, 0, 1, 0, 0, 0.16%, 0, 2, 1, 14.81
1621526309, 474, 0, 1, 0, 0, 0.16%, 0, 2, 1, 14.72
1621526314, 477, 0, 1, 0, 0, 0.16%, 0, 2, 1, 14.53
1621526319, 480, 0, 1, 0, 0, 0.16%, 0, 2, 1, 14.68
1621526324, 483, 0, 1, 0, 0, 0.16%, 0, 2, 1, 14.75
1621526329, 486, 0, 1, 0, 0, 0.16%, 0, 2, 1, 14.78
1621526334, 489, 0, 1, 0, 0, 0.16%, 0, 2, 1, 14.75
1621526340, 492, 0, 1, 0, 0, 0.16%, 0, 2, 1, 14.65
1621526345, 495, 0, 1, 0, 0, 0.16%, 0, 2, 1, 14.74
1621526350, 498, 0, 1, 0, 0, 0.16%, 0, 2, 1, 14.74
1621526355, 501, 0, 1, 0, 0, 0.16%, 0, 2, 1, 14.57
1621526360, 504, 0, 1, 0, 0, 0.16%, 0, 2, 1, 14.53
1621526365, 507, 0, 1, 0, 0, 0.16%, 0, 2, 1, 14.80
1621526370, 510, 0, 1, 0, 0, 0.16%, 0, 2, 1, 14.85
1621526375, 513, 0, 1, 0, 0, 0.16%, 0, 2, 1, 14.83
1621526381, 516, 0, 1, 0, 0, 0.16%, 0, 2, 1, 14.73
1621526386, 519, 0, 1, 0, 0, 0.16%, 0, 2, 1, 14.76
1621526391, 522, 0, 1, 0, 0, 0.16%, 0, 2, 1, 14.46
1621526396, 525, 0, 1, 0, 0, 0.16%, 0, 2, 1, 14.53
1621526401, 527, 1, 2, 1, 1, 0.16%, 0, 2, 2, 261.65
