# unix_time, cycles_done, cur_path, paths_total, pending_total, pending_favs, map_size, unique_crashes, unique_hangs, max_depth, execs_per_sec
1654328143, 0, 0, 4, 4, 1, 0.23%, 0, 0, 1, 41.50
1654328168, 0, 0, 5, 5, 1, 3.37%, 0, 0, 2, 2.81
1654328246, 0, 0, 6, 6, 1, 3.38%, 0, 0, 2, 6.93
1654328256, 0, 4, 8, 7, 2, 3.38%, 0, 0, 3, 25.19
1654328708, 0, 4, 9, 8, 2, 3.38%, 0, 0, 3, 4.05
1654328800, 0, 4, 10, 9, 2, 3.38%, 0, 0, 3, 4.64
1654328902, 0, 6, 10, 8, 2, 3.38%, 0, 0, 3, 63.15
1654328964, 0, 9, 10, 7, 1, 3.38%, 0, 0, 3, 3.94
1654329011, 0, 9, 11, 8, 1, 3.40%, 0, 0, 4, 4.20
