# unix_time, cycles_done, cur_path, paths_total, pending_total, pending_favs, map_size, unique_crashes, unique_hangs, max_depth, execs_per_sec
1621217478, 0, 0, 8, 8, 1, 1.08%, 0, 0, 1, 13.86
1621217483, 0, 5, 8, 8, 1, 1.08%, 0, 0, 1, 13.75
1621217570, 0, 6, 8, 7, 0, 1.08%, 0, 0, 1, 23.72
1621217631, 0, 7, 8, 6, 0, 1.08%, 0, 0, 1, 22.62
1621217693, 1, 0, 8, 5, 0, 1.08%, 0, 0, 1, 23.97
1621218207, 1, 1, 8, 4, 0, 1.08%, 0, 0, 1, 23.53
1621218278, 1, 2, 8, 3, 0, 1.08%, 0, 0, 1, 23.88
1621218344, 1, 3, 8, 2, 0, 1.08%, 0, 0, 1, 23.85
1621218416, 1, 4, 8, 1, 0, 1.08%, 0, 0, 1, 23.84
1621218487, 1, 5, 8, 0, 0, 1.08%, 0, 0, 1, 22.96
1621218498, 1, 6, 8, 0, 0, 1.08%, 0, 0, 1, 23.23
1621218503, 1, 7, 8, 0, 0, 1.08%, 0, 0, 1, 23.46
1621218513, 2, 0, 8, 0, 0, 1.08%, 0, 0, 1, 23.71
1621218523, 2, 1, 8, 0, 0, 1.08%, 0, 0, 1, 23.79
1621218528, 2, 2, 8, 0, 0, 1.08%, 0, 0, 1, 23.89
1621218538, 2, 3, 8, 0, 0, 1.08%, 0, 0, 1, 23.57
1621218549, 2, 4, 8, 0, 0, 1.08%, 0, 0, 1, 23.20
1621218559, 2, 5, 8, 0, 0, 1.08%, 0, 0, 1, 16.13
1621218569, 2, 6, 8, 0, 0, 1.08%, 0, 0, 1, 23.42
1621218579, 2, 7, 8, 0, 0, 1.08%, 0, 0, 1, 23.24
1621218589, 3, 0, 8, 0, 0, 1.08%, 0, 0, 1, 23.71
1621218594, 3, 1, 8, 0, 0, 1.08%, 0, 0, 1, 23.11
1621218605, 3, 2, 8, 0, 0, 1.08%, 0, 0, 1, 23.47
1621218615, 3, 3, 8, 0, 0, 1.08%, 0, 0, 1, 23.25
1621218625, 3, 4, 8, 0, 0, 1.08%, 0, 0, 1, 23.71
1621218635, 3, 5, 8, 0, 0, 1.08%, 0, 0, 1, 23.53
1621218646, 3, 6, 8, 0, 0, 1.08%, 0, 0, 1, 23.84
1621218656, 3, 7, 8, 0, 0, 1.08%, 0, 0, 1, 23.38
1621218666, 4, 0, 8, 0, 0, 1.08%, 0, 0, 1, 23.49
1621218676, 4, 1, 9, 1, 0, 1.08%, 0, 0, 2, 25.55
