# unix_time, cycles_done, cur_path, paths_total, pending_total, pending_favs, map_size, unique_crashes, unique_hangs, max_depth, execs_per_sec
1654306240, 0, 0, 7, 7, 3, 3.39%, 0, 0, 1, 8.37
1654306245, 0, 0, 10, 10, 3, 3.39%, 0, 0, 2, 4.99
1654306328, 0, 0, 11, 11, 3, 3.39%, 0, 0, 2, 7.01
1654306333, 0, 0, 12, 12, 3, 3.39%, 0, 0, 2, 6.99
1654306445, 0, 0, 13, 13, 3, 3.39%, 0, 0, 2, 7.86
1654306450, 0, 0, 14, 14, 3, 3.39%, 0, 0, 2, 7.24
1654306481, 0, 0, 16, 16, 3, 3.39%, 0, 0, 2, 10.25
1654306491, 0, 0, 17, 17, 3, 3.39%, 0, 0, 2, 9.50
1654306558, 0, 2, 17, 16, 5, 3.39%, 0, 0, 2, 147.02
1654306568, 0, 9, 17, 15, 4, 3.39%, 0, 0, 2, 6.90
1654306840, 0, 11, 17, 14, 3, 3.39%, 0, 0, 2, 6.93
