# unix_time, cycles_done, cur_path, paths_total, pending_total, pending_favs, map_size, unique_crashes, unique_hangs, max_depth, execs_per_sec
1654300149, 0, 0, 1, 1, 1, 0.15%, 0, 0, 1, 137.93
1654300169, 5, 0, 1, 0, 0, 0.15%, 0, 0, 1, 224.41
1654300174, 9, 0, 1, 0, 0, 0.15%, 0, 0, 1, 175.77
1654300179, 12, 0, 1, 0, 0, 0.15%, 0, 0, 1, 169.20
1654300185, 16, 0, 1, 0, 0, 0.15%, 0, 0, 1, 185.33
1654300190, 19, 0, 1, 0, 0, 0.15%, 0, 0, 1, 191.99
1654300195, 23, 0, 1, 0, 0, 0.15%, 0, 0, 1, 191.80
1654300200, 29, 0, 1, 0, 0, 0.15%, 0, 0, 1, 287.67
1654300205, 34, 0, 1, 0, 0, 0.15%, 0, 0, 1, 254.27
1654300210, 38, 0, 1, 0, 0, 0.15%, 0, 0, 1, 202.69
1654300215, 44, 0, 1, 0, 0, 0.15%, 0, 0, 1, 313.58
1654300220, 49, 0, 1, 0, 0, 0.15%, 0, 0, 1, 219.17
1654300225, 52, 0, 1, 0, 0, 0.15%, 0, 0, 1, 193.62
1654300230, 58, 0, 1, 0, 0, 0.15%, 0, 0, 1, 293.34
1654300236, 63, 0, 1, 0, 0, 0.15%, 0, 0, 1, 259.43
1654300241, 70, 0, 1, 0, 0, 0.15%, 0, 0, 1, 296.25
1654300246, 76, 0, 1, 0, 0, 0.15%, 0, 0, 1, 309.96
1654300251, 81, 0, 1, 0, 0, 0.15%, 0, 0, 1, 252.06
1654300256, 85, 0, 1, 0, 0, 0.15%, 0, 0, 1, 203.77
1654300261, 91, 0, 1, 0, 0, 0.15%, 0, 0, 1, 319.25
1654300266, 98, 0, 1, 0, 0, 0.15%, 0, 0, 1, 345.13
1654300271, 103, 0, 1, 0, 0, 0.15%, 0, 0, 1, 232.48
1654300277, 107, 0, 1, 0, 0, 0.15%, 0, 0, 1, 252.95
1654300282, 114, 0, 1, 0, 0, 0.15%, 0, 0, 1, 333.47
1654300287, 120, 0, 1, 0, 0, 0.15%, 0, 0, 1, 277.06
1654300292, 124, 0, 1, 0, 0, 0.15%, 0, 0, 1, 209.42
1654300297, 128, 0, 1, 0, 0, 0.15%, 0, 0, 1, 196.47
1654300302, 131, 0, 1, 0, 0, 0.15%, 0, 0, 1, 193.34
1654300307, 135, 0, 1, 0, 0, 0.15%, 0, 0, 1, 194.33
1654300312, 139, 0, 1, 0, 0, 0.15%, 0, 0, 1, 192.19
1654300317, 143, 0, 1, 0, 0, 0.15%, 0, 0, 1, 210.46
1654300323, 150, 0, 1, 0, 0, 0.15%, 0, 0, 1, 308.14
1654300328, 154, 0, 1, 0, 0, 0.15%, 0, 0, 1, 217.71
1654300333, 161, 0, 1, 0, 0, 0.15%, 0, 0, 1, 319.27
1654300338, 166, 0, 1, 0, 0, 0.15%, 0, 0, 1, 316.78
1654300343, 172, 0, 1, 0, 0, 0.15%, 0, 0, 1, 259.40
1654300348, 177, 0, 1, 0, 0, 0.15%, 0, 0, 1, 286.85
1654300353, 183, 0, 1, 0, 0, 0.15%, 0, 0, 1, 269.34
1654300358, 187, 0, 1, 0, 0, 0.15%, 0, 0, 1, 263.26
1654300363, 194, 0, 1, 0, 0, 0.15%, 0, 0, 1, 336.90
1654300368, 201, 0, 1, 0, 0, 0.15%, 0, 0, 1, 294.73
1654300373, 204, 0, 1, 0, 0, 0.15%, 0, 0, 1, 213.78
1654300378, 211, 0, 1, 0, 0, 0.15%, 0, 0, 1, 315.14
1654300384, 218, 0, 1, 0, 0, 0.15%, 0, 0, 1, 342.46
1654300389, 223, 0, 1, 0, 0, 0.15%, 0, 0, 1, 244.06
1654300394, 229, 0, 1, 0, 0, 0.15%, 0, 0, 1, 330.91
1654300399, 234, 0, 1, 0, 0, 0.15%, 0, 0, 1, 269.75
1654300404, 240, 0, 1, 0, 0, 0.15%, 0, 0, 1, 287.53
1654300409, 244, 0, 1, 0, 0, 0.15%, 0, 0, 1, 215.81
1654300414, 251, 0, 1, 0, 0, 0.15%, 0, 0, 1, 301.10
1654300419, 256, 0, 1, 0, 0, 0.15%, 0, 0, 1, 322.94
1654300424, 262, 0, 1, 0, 0, 0.15%, 0, 0, 1, 250.57
1654300429, 265, 0, 1, 0, 0, 0.15%, 0, 0, 1, 199.72
1654300434, 271, 0, 1, 0, 0, 0.15%, 0, 0, 1, 280.84
1654300440, 276, 0, 1, 0, 0, 0.15%, 0, 0, 1, 247.87
1654300445, 280, 0, 1, 0, 0, 0.15%, 0, 0, 1, 201.30
1654300450, 283, 0, 1, 0, 0, 0.15%, 0, 0, 1, 184.72
1654300455, 289, 0, 1, 0, 0, 0.15%, 0, 0, 1, 296.58
1654300460, 294, 0, 1, 0, 0, 0.15%, 0, 0, 1, 232.95
1654300465, 298, 0, 1, 0, 0, 0.15%, 0, 0, 1, 198.09
1654300470, 302, 0, 1, 0, 0, 0.15%, 0, 0, 1, 189.47
1654300475, 305, 0, 1, 0, 0, 0.15%, 0, 0, 1, 190.06
1654300480, 309, 0, 1, 0, 0, 0.15%, 0, 0, 1, 197.39
1654300485, 316, 0, 1, 0, 0, 0.15%, 0, 0, 1, 312.98
1654300490, 323, 0, 1, 0, 0, 0.15%, 0, 0, 1, 335.17
1654300495, 327, 0, 1, 0, 0, 0.15%, 0, 0, 1, 217.52
1654300501, 332, 0, 1, 0, 0, 0.15%, 0, 0, 1, 307.67
1654300506, 338, 0, 1, 0, 0, 0.15%, 0, 0, 1, 267.18
1654300511, 345, 0, 1, 0, 0, 0.15%, 0, 0, 1, 303.36
1654300516, 349, 0, 1, 0, 0, 0.15%, 0, 0, 1, 277.30
1654300521, 355, 0, 1, 0, 0, 0.15%, 0, 0, 1, 258.79
1654300526, 359, 0, 1, 0, 0, 0.15%, 0, 0, 1, 203.46
1654300531, 362, 0, 1, 0, 0, 0.15%, 0, 0, 1, 189.28
1654300536, 366, 0, 1, 0, 0, 0.15%, 0, 0, 1, 192.93
1654300542, 370, 0, 1, 0, 0, 0.15%, 0, 0, 1, 185.77
1654300547, 374, 0, 1, 0, 0, 0.15%, 0, 0, 1, 190.35
1654300552, 380, 0, 1, 0, 0, 0.15%, 0, 0, 1, 296.13
1654300557, 386, 0, 1, 0, 0, 0.15%, 0, 0, 1, 300.77
1654300562, 392, 0, 1, 0, 0, 0.15%, 0, 0, 1, 272.64
1654300567, 398, 0, 1, 0, 0, 0.15%, 0, 0, 1, 333.84
1654300572, 403, 0, 1, 0, 0, 0.15%, 0, 0, 1, 238.49
1654300577, 409, 0, 1, 0, 0, 0.15%, 0, 0, 1, 300.44
1654300582, 413, 0, 1, 0, 0, 0.15%, 0, 0, 1, 211.15
1654300587, 416, 0, 1, 0, 0, 0.15%, 0, 0, 1, 202.83
1654300593, 424, 0, 1, 0, 0, 0.15%, 0, 0, 1, 327.53
1654300598, 431, 0, 1, 0, 0, 0.15%, 0, 0, 1, 331.49
1654300603, 438, 0, 1, 0, 0, 0.15%, 0, 0, 1, 354.95
1654300608, 444, 0, 1, 0, 0, 0.15%, 0, 0, 1, 341.66
1654300613, 449, 0, 1, 0, 0, 0.15%, 0, 0, 1, 234.43
1654300618, 453, 0, 1, 0, 0, 0.15%, 0, 0, 1, 234.09
1654300623, 459, 0, 1, 0, 0, 0.15%, 0, 0, 1, 287.54
1654300628, 466, 0, 1, 0, 0, 0.15%, 0, 0, 1, 337.36
1654300634, 470, 0, 1, 0, 0, 0.15%, 0, 0, 1, 223.48
1654300639, 474, 0, 1, 0, 0, 0.15%, 0, 0, 1, 198.44
1654300644, 478, 0, 1, 0, 0, 0.15%, 0, 0, 1, 188.21
1654300649, 482, 0, 1, 0, 0, 0.15%, 0, 0, 1, 193.51
1654300654, 486, 0, 1, 0, 0, 0.15%, 0, 0, 1, 237.31
1654300659, 493, 0, 1, 0, 0, 0.15%, 0, 0, 1, 279.57
1654300664, 498, 0, 1, 0, 0, 0.15%, 0, 0, 1, 293.28
1654300670, 504, 0, 1, 0, 0, 0.15%, 0, 0, 1, 296.20
1654300675, 511, 0, 1, 0, 0, 0.15%, 0, 0, 1, 328.41
1654300680, 518, 0, 1, 0, 0, 0.15%, 0, 0, 1, 309.81
1654300685, 522, 0, 1, 0, 0, 0.15%, 0, 0, 1, 219.02
1654300690, 525, 0, 1, 0, 0, 0.15%, 0, 0, 1, 192.14
1654300695, 532, 0, 1, 0, 0, 0.15%, 0, 0, 1, 328.71
1654300700, 537, 0, 1, 0, 0, 0.15%, 0, 0, 1, 220.20
1654300705, 540, 0, 1, 0, 0, 0.15%, 0, 0, 1, 201.33
1654300711, 547, 0, 1, 0, 0, 0.15%, 0, 0, 1, 325.16
1654300716, 551, 0, 1, 0, 0, 0.15%, 0, 0, 1, 212.13
1654300721, 558, 0, 1, 0, 0, 0.15%, 0, 0, 1, 322.62
1654300726, 562, 0, 1, 0, 0, 0.15%, 0, 0, 1, 246.74
1654300731, 569, 0, 1, 0, 0, 0.15%, 0, 0, 1, 311.88
1654300736, 573, 0, 1, 0, 0, 0.15%, 0, 0, 1, 209.17
1654300741, 576, 0, 1, 0, 0, 0.15%, 0, 0, 1, 196.87
1654300746, 582, 0, 1, 0, 0, 0.15%, 0, 0, 1, 284.79
1654300752, 589, 0, 1, 0, 0, 0.15%, 0, 0, 1, 322.94
1654300757, 595, 0, 1, 0, 0, 0.15%, 0, 0, 1, 276.15
1654300764, 596, 0, 1, 0, 0, 0.15%, 0, 1, 1, 0.80
1654300769, 597, 0, 1, 0, 0, 0.15%, 0, 2, 1, 6.87
1654300778, 602, 0, 1, 0, 0, 0.15%, 0, 2, 1, 4.68
1654300783, 607, 0, 1, 0, 0, 0.15%, 0, 2, 1, 248.83
1654300792, 610, 0, 1, 0, 0, 0.15%, 0, 2, 1, 6.93
1654300797, 615, 0, 1, 0, 0, 0.15%, 0, 2, 1, 292.50
1654300802, 622, 0, 1, 0, 0, 0.15%, 0, 2, 1, 292.89
1654300813, 623, 0, 1, 0, 0, 0.15%, 0, 2, 1, 11.06
1654300819, 624, 0, 1, 0, 0, 0.15%, 0, 2, 1, 6.87
1654300824, 630, 0, 1, 0, 0, 0.15%, 0, 2, 1, 277.77
1654300839, 635, 0, 1, 0, 0, 0.15%, 0, 2, 1, 5.91
1654300846, 638, 0, 1, 0, 0, 0.15%, 0, 2, 1, 14.79
1654300851, 642, 0, 1, 0, 0, 0.15%, 0, 2, 1, 242.38
1654300860, 647, 0, 1, 0, 0, 0.15%, 0, 2, 1, 11.62
1654300865, 654, 0, 1, 0, 0, 0.15%, 0, 2, 1, 319.13
1654300870, 658, 0, 1, 0, 0, 0.15%, 0, 2, 1, 232.65
1654300876, 665, 0, 1, 0, 0, 0.15%, 0, 2, 1, 325.42
1654300883, 667, 0, 1, 0, 0, 0.15%, 0, 2, 1, 1.98
1654300894, 673, 0, 1, 0, 0, 0.15%, 0, 2, 1, 12.76
1654300906, 676, 0, 1, 0, 0, 0.15%, 0, 2, 1, 1.40
1654300912, 677, 0, 1, 0, 0, 0.15%, 0, 2, 1, 6.87
1654300917, 678, 0, 1, 0, 0, 0.15%, 0, 2, 1, 12.38
1654300925, 681, 0, 1, 0, 0, 0.15%, 0, 2, 1, 0.80
1654300931, 682, 0, 1, 0, 0, 0.15%, 0, 2, 1, 3.15
1654300937, 683, 0, 1, 0, 0, 0.15%, 0, 2, 1, 6.87
1654300945, 687, 0, 1, 0, 0, 0.15%, 0, 2, 1, 1.20
1654300954, 692, 0, 1, 0, 0, 0.15%, 0, 2, 1, 4.74
1654300963, 697, 0, 1, 0, 0, 0.15%, 0, 2, 1, 1.00
1654300974, 698, 0, 1, 0, 0, 0.15%, 0, 2, 1, 1.40
1654300981, 701, 0, 1, 0, 0, 0.15%, 0, 2, 1, 10.88
1654300986, 705, 0, 1, 0, 0, 0.15%, 0, 2, 1, 241.82
1654300991, 713, 0, 1, 0, 0, 0.15%, 0, 2, 1, 321.92
1654300998, 716, 0, 1, 0, 0, 0.15%, 0, 2, 1, 2.38
1654301003, 722, 0, 1, 0, 0, 0.15%, 0, 2, 1, 310.64
1654301009, 728, 0, 1, 0, 0, 0.15%, 0, 2, 1, 310.87
1654301018, 732, 0, 1, 0, 0, 0.15%, 0, 2, 1, 3.92
1654301026, 735, 0, 1, 0, 0, 0.15%, 0, 2, 1, 5.83
1654301035, 740, 0, 1, 0, 0, 0.15%, 0, 2, 1, 14.59
1654301041, 741, 0, 1, 0, 0, 0.15%, 0, 2, 1, 3.56
1654301046, 746, 0, 1, 0, 0, 0.15%, 0, 2, 1, 284.31
1654301051, 747, 0, 1, 0, 0, 0.15%, 0, 2, 1, 9.93
1654301064, 750, 0, 1, 0, 0, 0.15%, 0, 2, 1, 11.62
1654301070, 752, 0, 1, 0, 0, 0.15%, 0, 2, 1, 6.29
1654301075, 757, 0, 1, 0, 0, 0.15%, 0, 2, 1, 270.72
1654301080, 764, 0, 1, 0, 0, 0.15%, 0, 2, 1, 339.58
1654301094, 769, 0, 1, 0, 0, 0.15%, 0, 2, 1, 1.20
1654301102, 772, 0, 1, 0, 0, 0.15%, 0, 2, 1, 4.15
1654301107, 779, 0, 1, 0, 0, 0.15%, 0, 2, 1, 315.57
1654301112, 783, 0, 1, 0, 0, 0.15%, 0, 2, 1, 212.39
1654301119, 785, 0, 1, 0, 0, 0.15%, 0, 2, 1, 5.52
1654301126, 788, 0, 1, 0, 0, 0.15%, 0, 2, 1, 2.78
1654301136, 791, 0, 1, 0, 0, 0.15%, 0, 2, 1, 4.69
1654301141, 792, 0, 1, 0, 0, 0.15%, 0, 2, 1, 5.19
1654301146, 798, 0, 1, 0, 0, 0.15%, 0, 2, 1, 317.32
1654301151, 805, 0, 1, 0, 0, 0.15%, 0, 2, 1, 342.05
1654301157, 809, 0, 1, 0, 0, 0.15%, 0, 2, 1, 237.42
1654301162, 813, 0, 1, 0, 0, 0.15%, 0, 2, 1, 198.14
1654301167, 817, 0, 1, 0, 0, 0.15%, 0, 2, 1, 197.57
1654301172, 822, 0, 1, 0, 0, 0.15%, 0, 2, 1, 271.77
1654301177, 828, 0, 1, 0, 0, 0.15%, 0, 2, 1, 251.83
1654301187, 831, 0, 1, 0, 0, 0.15%, 0, 2, 1, 1.59
1654301193, 833, 0, 1, 0, 0, 0.15%, 0, 2, 1, 1.39
1654301203, 840, 0, 1, 0, 0, 0.15%, 0, 2, 1, 327.12
1654301212, 845, 0, 1, 0, 0, 0.15%, 0, 2, 1, 11.25
1654301217, 851, 0, 1, 0, 0, 0.15%, 0, 2, 1, 296.35
1654301222, 854, 0, 1, 0, 0, 0.15%, 0, 2, 1, 212.77
1654301227, 858, 0, 1, 0, 0, 0.15%, 0, 2, 1, 198.05
1654301235, 860, 0, 1, 0, 0, 0.15%, 0, 2, 1, 4.69
1654301240, 868, 0, 1, 0, 0, 0.15%, 0, 2, 1, 343.05
1654301250, 872, 0, 1, 0, 0, 0.15%, 0, 2, 1, 4.69
1654301263, 876, 0, 1, 0, 0, 0.15%, 0, 2, 1, 2.37
1654301274, 883, 0, 1, 0, 0, 0.15%, 0, 2, 1, 366.43
1654301280, 884, 0, 1, 0, 0, 0.15%, 0, 2, 1, 1.39
1654301288, 888, 0, 1, 0, 0, 0.15%, 0, 2, 1, 2.78
1654301293, 893, 0, 1, 0, 0, 0.15%, 0, 2, 1, 259.76
1654301300, 895, 0, 1, 0, 0, 0.15%, 0, 2, 1, 8.60
1654301305, 902, 0, 1, 0, 0, 0.15%, 0, 2, 1, 351.05
1654301310, 903, 0, 1, 0, 0, 0.15%, 0, 2, 1, 6.21
1654301316, 904, 0, 1, 0, 0, 0.15%, 0, 2, 1, 9.56
1654301322, 905, 0, 1, 0, 0, 0.15%, 0, 2, 1, 2.78
1654301329, 908, 0, 1, 0, 0, 0.15%, 0, 2, 1, 8.21
1654301336, 911, 0, 1, 0, 0, 0.15%, 0, 2, 1, 5.52
1654301344, 915, 0, 1, 0, 0, 0.15%, 0, 2, 1, 1.39
1654301350, 916, 0, 1, 0, 0, 0.15%, 0, 2, 1, 5.82
