# unix_time, cycles_done, cur_path, paths_total, pending_total, pending_favs, map_size, unique_crashes, unique_hangs, max_depth, execs_per_sec
1621236947, 0, 0, 1, 1, 1, 1.08%, 0, 0, 1, 14.79
1621237391, 3, 0, 1, 0, 0, 1.08%, 0, 0, 1, 28.66
1621237396, 8, 0, 1, 0, 0, 1.08%, 0, 0, 1, 28.72
1621237401, 14, 0, 1, 0, 0, 1.08%, 0, 0, 1, 28.72
1621237406, 20, 0, 1, 0, 0, 1.08%, 0, 0, 1, 28.72
1621237411, 26, 0, 1, 0, 0, 1.08%, 0, 0, 1, 28.61
1621237416, 31, 0, 1, 0, 0, 1.08%, 0, 0, 1, 28.73
1621237421, 37, 0, 1, 0, 0, 1.08%, 0, 0, 1, 28.75
1621237426, 43, 0, 1, 0, 0, 1.08%, 0, 0, 1, 28.79
1621237432, 49, 0, 1, 0, 0, 1.08%, 0, 0, 1, 28.82
1621237437, 55, 0, 1, 0, 0, 1.08%, 0, 0, 1, 28.79
1621237442, 60, 0, 1, 0, 0, 1.08%, 0, 0, 1, 28.74
1621237447, 66, 0, 1, 0, 0, 1.08%, 0, 0, 1, 28.68
1621237452, 72, 0, 1, 0, 0, 1.08%, 0, 0, 1, 28.75
1621237457, 78, 0, 1, 0, 0, 1.08%, 0, 0, 1, 28.33
1621237462, 83, 0, 1, 0, 0, 1.08%, 0, 0, 1, 28.52
1621237467, 89, 0, 1, 0, 0, 1.08%, 0, 0, 1, 28.67
1621237472, 95, 0, 1, 0, 0, 1.08%, 0, 0, 1, 28.69
1621237477, 101, 0, 1, 0, 0, 1.08%, 0, 0, 1, 28.78
1621237482, 107, 0, 1, 0, 0, 1.08%, 0, 0, 1, 28.74
1621237487, 112, 0, 1, 0, 0, 1.08%, 0, 0, 1, 28.82
1621237492, 118, 0, 1, 0, 0, 1.08%, 0, 0, 1, 28.93
1621237497, 124, 0, 1, 0, 0, 1.08%, 0, 0, 1, 28.96
1621237503, 130, 0, 1, 0, 0, 1.08%, 0, 0, 1, 28.92
1621237508, 136, 0, 1, 0, 0, 1.08%, 0, 0, 1, 28.95
1621237513, 142, 0, 1, 0, 0, 1.08%, 0, 0, 1, 28.92
1621237518, 148, 0, 1, 0, 0, 1.08%, 0, 0, 1, 28.91
1621237523, 154, 0, 1, 0, 0, 1.08%, 0, 0, 1, 28.78
1621237528, 160, 0, 1, 0, 0, 1.08%, 0, 0, 1, 28.76
1621237533, 166, 0, 1, 0, 0, 1.08%, 0, 0, 1, 28.74
1621237538, 172, 0, 1, 0, 0, 1.08%, 0, 0, 1, 28.87
1621237544, 178, 0, 1, 0, 0, 1.08%, 0, 0, 1, 28.86
1621237549, 183, 0, 1, 0, 0, 1.08%, 0, 0, 1, 28.72
1621237554, 189, 0, 1, 0, 0, 1.08%, 0, 0, 1, 28.74
1621237559, 195, 0, 1, 0, 0, 1.08%, 0, 0, 1, 28.87
1621237567, 199, 0, 1, 0, 0, 1.08%, 0, 1, 1, 1.16
1621237572, 205, 0, 1, 0, 0, 1.08%, 0, 1, 1, 28.58
1621237577, 211, 0, 1, 0, 0, 1.08%, 0, 1, 1, 28.44
1621237582, 217, 0, 1, 0, 0, 1.08%, 0, 1, 1, 28.75
1621237587, 222, 0, 1, 0, 0, 1.08%, 0, 1, 1, 28.79
1621237593, 228, 0, 1, 0, 0, 1.08%, 0, 1, 1, 28.69
1621237600, 232, 0, 1, 0, 0, 1.08%, 0, 1, 1, 0.40
1621237605, 237, 0, 1, 0, 0, 1.08%, 0, 1, 1, 28.34
1621237611, 243, 0, 1, 0, 0, 1.08%, 0, 1, 1, 28.47
1621237616, 249, 0, 1, 0, 0, 1.08%, 0, 1, 1, 28.53
1621237621, 255, 0, 1, 0, 0, 1.08%, 0, 1, 1, 28.76
1621237626, 261, 0, 1, 0, 0, 1.08%, 0, 1, 1, 28.63
1621237631, 267, 0, 1, 0, 0, 1.08%, 0, 1, 1, 28.87
1621237639, 271, 0, 1, 0, 0, 1.08%, 0, 2, 1, 0.40
1621237644, 276, 0, 1, 0, 0, 1.08%, 0, 2, 1, 28.52
1621237649, 282, 0, 1, 0, 0, 1.08%, 0, 2, 1, 28.69
1621237656, 284, 0, 1, 0, 0, 1.08%, 0, 2, 1, 0.59
1621237661, 290, 0, 1, 0, 0, 1.08%, 0, 2, 1, 28.83
1621237666, 296, 0, 1, 0, 0, 1.08%, 0, 2, 1, 28.93
1621237671, 302, 0, 1, 0, 0, 1.08%, 0, 2, 1, 28.76
1621237677, 308, 0, 1, 0, 0, 1.08%, 0, 2, 1, 28.86
1621237682, 314, 0, 1, 0, 0, 1.08%, 0, 2, 1, 28.83
1621237687, 319, 0, 1, 0, 0, 1.08%, 0, 2, 1, 28.64
1621237692, 325, 0, 1, 0, 0, 1.08%, 0, 2, 1, 28.51
1621237697, 331, 0, 1, 0, 0, 1.08%, 0, 2, 1, 28.45
1621237702, 337, 0, 1, 0, 0, 1.08%, 0, 2, 1, 27.98
1621237707, 342, 0, 1, 0, 0, 1.08%, 0, 2, 1, 28.29
1621237712, 348, 0, 1, 0, 0, 1.08%, 0, 2, 1, 28.45
1621237717, 354, 0, 1, 0, 0, 1.08%, 0, 2, 1, 28.25
1621237722, 360, 0, 1, 0, 0, 1.08%, 0, 2, 1, 28.42
1621237728, 366, 0, 1, 0, 0, 1.08%, 0, 2, 1, 28.32
1621237733, 372, 0, 1, 0, 0, 1.08%, 0, 2, 1, 28.74
1621237738, 378, 0, 1, 0, 0, 1.08%, 0, 2, 1, 28.89
1621237743, 384, 0, 1, 0, 0, 1.08%, 0, 2, 1, 28.95
1621237750, 386, 0, 1, 0, 0, 1.08%, 0, 2, 1, 1.16
1621237755, 392, 0, 1, 0, 0, 1.08%, 0, 2, 1, 28.64
1621237760, 398, 0, 1, 0, 0, 1.08%, 0, 2, 1, 28.74
1621237765, 403, 0, 1, 0, 0, 1.08%, 0, 2, 1, 28.70
1621237772, 405, 0, 1, 0, 0, 1.08%, 0, 2, 1, 0.78
1621237777, 411, 0, 1, 0, 0, 1.08%, 0, 2, 1, 28.27
1621237782, 417, 0, 1, 0, 0, 1.08%, 0, 2, 1, 28.53
1621237787, 423, 0, 1, 0, 0, 1.08%, 0, 2, 1, 28.63
1621237792, 428, 0, 1, 0, 0, 1.08%, 0, 2, 1, 28.67
1621237797, 434, 0, 1, 0, 0, 1.08%, 0, 2, 1, 28.64
1621237802, 440, 0, 1, 0, 0, 1.08%, 0, 2, 1, 28.44
1621237807, 446, 0, 1, 0, 0, 1.08%, 0, 2, 1, 28.67
1621237812, 452, 0, 1, 0, 0, 1.08%, 0, 2, 1, 28.86
1621237818, 458, 0, 1, 0, 0, 1.08%, 0, 2, 1, 28.94
1621237823, 464, 0, 1, 0, 0, 1.08%, 0, 2, 1, 28.90
1621237830, 466, 0, 1, 0, 0, 1.08%, 0, 2, 1, 0.20
1621237835, 471, 0, 1, 0, 0, 1.08%, 0, 2, 1, 28.65
1621237840, 477, 0, 1, 0, 0, 1.08%, 0, 2, 1, 28.42
1621237845, 483, 0, 1, 0, 0, 1.08%, 0, 2, 1, 28.50
1621237850, 489, 0, 1, 0, 0, 1.08%, 0, 2, 1, 28.44
1621237855, 494, 0, 1, 0, 0, 1.08%, 0, 2, 1, 28.48
1621237860, 500, 0, 1, 0, 0, 1.08%, 0, 2, 1, 28.65
1621237865, 506, 0, 1, 0, 0, 1.08%, 0, 2, 1, 28.59
1621237870, 512, 0, 1, 0, 0, 1.08%, 0, 2, 1, 28.59
1621237875, 518, 0, 1, 0, 0, 1.08%, 0, 2, 1, 28.64
1621237882, 520, 0, 1, 0, 0, 1.08%, 0, 2, 1, 0.59
1621237889, 522, 0, 1, 0, 0, 1.08%, 0, 2, 1, 0.78
1621237894, 528, 0, 1, 0, 0, 1.08%, 0, 2, 1, 28.51
1621237899, 534, 0, 1, 0, 0, 1.08%, 0, 2, 1, 28.49
1621237904, 540, 0, 1, 0, 0, 1.08%, 0, 2, 1, 28.65
1621237913, 544, 0, 1, 0, 0, 1.08%, 0, 2, 1, 0.40
1621237918, 549, 0, 1, 0, 0, 1.08%, 0, 2, 1, 28.39
1621237923, 555, 0, 1, 0, 0, 1.08%, 0, 2, 1, 28.50
1621237928, 561, 0, 1, 0, 0, 1.08%, 0, 2, 1, 28.57
1621237933, 567, 0, 1, 0, 0, 1.08%, 0, 2, 1, 28.70
1621237938, 572, 0, 1, 0, 0, 1.08%, 0, 2, 1, 28.36
1621237948, 578, 0, 1, 0, 0, 1.08%, 0, 2, 1, 1.16
1621237953, 584, 0, 1, 0, 0, 1.08%, 0, 2, 1, 28.53
1621237958, 590, 0, 1, 0, 0, 1.08%, 0, 2, 1, 28.58
1621237963, 596, 0, 1, 0, 0, 1.08%, 0, 2, 1, 28.64
1621237968, 601, 0, 1, 0, 0, 1.08%, 0, 2, 1, 28.61
1621237973, 607, 0, 1, 0, 0, 1.08%, 0, 2, 1, 28.59
1621237983, 613, 0, 1, 0, 0, 1.08%, 0, 2, 1, 28.19
1621237988, 619, 0, 1, 0, 0, 1.08%, 0, 2, 1, 28.50
1621237993, 624, 0, 1, 0, 0, 1.08%, 0, 2, 1, 28.59
1621237998, 630, 0, 1, 0, 0, 1.08%, 0, 2, 1, 28.75
1621238003, 636, 0, 1, 0, 0, 1.08%, 0, 2, 1, 28.71
1621238011, 639, 0, 1, 0, 0, 1.08%, 0, 2, 1, 0.78
1621238016, 645, 0, 1, 0, 0, 1.08%, 0, 2, 1, 28.54
1621238021, 651, 0, 1, 0, 0, 1.08%, 0, 2, 1, 28.59
1621238026, 656, 0, 1, 0, 0, 1.08%, 0, 2, 1, 28.38
1621238031, 662, 0, 1, 0, 0, 1.08%, 0, 2, 1, 28.39
1621238036, 668, 0, 1, 0, 0, 1.08%, 0, 2, 1, 28.59
1621238041, 674, 0, 1, 0, 0, 1.08%, 0, 2, 1, 28.61
1621238046, 679, 0, 1, 0, 0, 1.08%, 0, 2, 1, 28.62
1621238051, 685, 0, 1, 0, 0, 1.08%, 0, 2, 1, 28.64
1621238056, 691, 0, 1, 0, 0, 1.08%, 0, 2, 1, 28.60
1621238061, 697, 0, 1, 0, 0, 1.08%, 0, 2, 1, 28.39
1621238066, 702, 0, 1, 0, 0, 1.08%, 0, 2, 1, 28.55
1621238072, 708, 0, 1, 0, 0, 1.08%, 0, 2, 1, 28.82
1621238077, 714, 0, 1, 0, 0, 1.08%, 0, 2, 1, 28.86
1621238082, 720, 0, 1, 0, 0, 1.08%, 0, 2, 1, 28.77
1621238087, 726, 0, 1, 0, 0, 1.08%, 0, 2, 1, 28.79
1621238092, 732, 0, 1, 0, 0, 1.08%, 0, 2, 1, 28.83
1621238097, 738, 0, 1, 0, 0, 1.08%, 0, 2, 1, 28.85
1621238102, 744, 0, 1, 0, 0, 1.08%, 0, 2, 1, 28.84
1621238107, 749, 0, 1, 0, 0, 1.08%, 0, 2, 1, 28.75
1621238112, 755, 0, 1, 0, 0, 1.08%, 0, 2, 1, 28.80
1621238117, 761, 0, 1, 0, 0, 1.08%, 0, 2, 1, 28.95
1621238122, 767, 0, 1, 0, 0, 1.08%, 0, 2, 1, 28.74
1621238127, 773, 0, 1, 0, 0, 1.08%, 0, 2, 1, 28.73
1621238133, 779, 0, 1, 0, 0, 1.08%, 0, 2, 1, 28.84
1621238138, 785, 0, 1, 0, 0, 1.08%, 0, 2, 1, 28.73
1621238143, 791, 0, 1, 0, 0, 1.08%, 0, 2, 1, 28.82
1621238148, 795, 0, 2, 1, 0, 1.08%, 0, 2, 2, 38.60
