# unix_time, cycles_done, cur_path, paths_total, pending_total, pending_favs, map_size, unique_crashes, unique_hangs, max_depth, execs_per_sec
1621243035, 0, 0, 7, 7, 1, 1.08%, 0, 0, 1, 14.20
1621243040, 0, 2, 7, 7, 1, 1.08%, 0, 0, 1, 14.50
1621243112, 0, 3, 7, 6, 0, 1.08%, 0, 0, 1, 27.95
1621243168, 0, 4, 7, 5, 0, 1.08%, 0, 0, 1, 27.88
1621243220, 0, 5, 7, 4, 0, 1.08%, 0, 0, 1, 27.70
1621243272, 0, 6, 7, 3, 0, 1.08%, 0, 0, 1, 27.78
1621243323, 1, 0, 7, 2, 0, 1.08%, 0, 0, 1, 27.87
1621243519, 1, 1, 7, 1, 0, 1.08%, 0, 0, 1, 27.58
1621243571, 1, 2, 7, 0, 0, 1.08%, 0, 0, 1, 27.90
1621243576, 2, 0, 7, 0, 0, 1.08%, 0, 0, 1, 27.90
1621243581, 2, 6, 7, 0, 0, 1.08%, 0, 0, 1, 27.65
1621243586, 3, 5, 7, 0, 0, 1.08%, 0, 0, 1, 27.90
1621243591, 4, 4, 7, 0, 0, 1.08%, 0, 0, 1, 28.08
1621243597, 5, 3, 7, 0, 0, 1.08%, 0, 0, 1, 27.97
1621243602, 6, 1, 7, 0, 0, 1.08%, 0, 0, 1, 28.02
1621243607, 7, 0, 7, 0, 0, 1.08%, 0, 0, 1, 27.89
1621243612, 7, 6, 7, 0, 0, 1.08%, 0, 0, 1, 27.98
1621243617, 8, 5, 7, 0, 0, 1.08%, 0, 0, 1, 28.05
1621243622, 9, 3, 7, 0, 0, 1.08%, 0, 0, 1, 28.04
1621243627, 10, 2, 7, 0, 0, 1.08%, 0, 0, 1, 27.94
1621243633, 11, 1, 7, 0, 0, 1.08%, 0, 0, 1, 27.98
1621243642, 11, 6, 7, 0, 0, 1.08%, 0, 1, 1, 0.59
1621243647, 12, 5, 7, 0, 0, 1.08%, 0, 1, 1, 27.40
1621243653, 13, 3, 7, 0, 0, 1.08%, 0, 1, 1, 27.80
1621243658, 14, 2, 7, 0, 0, 1.08%, 0, 1, 1, 27.76
1621243663, 15, 1, 7, 0, 0, 1.08%, 0, 1, 1, 27.87
1621243668, 16, 0, 7, 0, 0, 1.08%, 0, 1, 1, 28.01
1621243673, 16, 6, 7, 0, 0, 1.08%, 0, 1, 1, 27.88
1621243678, 17, 4, 7, 0, 0, 1.08%, 0, 1, 1, 27.90
1621243684, 18, 3, 7, 0, 0, 1.08%, 0, 1, 1, 27.81
1621243689, 19, 2, 7, 0, 0, 1.08%, 0, 1, 1, 27.87
1621243694, 20, 1, 7, 0, 0, 1.08%, 0, 1, 1, 27.89
1621243699, 20, 6, 7, 0, 0, 1.08%, 0, 1, 1, 28.00
1621243704, 21, 5, 7, 0, 0, 1.08%, 0, 1, 1, 27.88
1621243709, 22, 4, 7, 0, 0, 1.08%, 0, 1, 1, 27.80
1621243714, 23, 3, 7, 0, 0, 1.08%, 0, 1, 1, 27.94
1621243720, 24, 1, 7, 0, 0, 1.08%, 0, 1, 1, 27.98
1621243725, 25, 0, 7, 0, 0, 1.08%, 0, 1, 1, 27.95
1621243730, 25, 6, 7, 0, 0, 1.08%, 0, 1, 1, 27.93
1621243735, 26, 5, 7, 0, 0, 1.08%, 0, 1, 1, 28.05
1621243740, 27, 3, 7, 0, 0, 1.08%, 0, 1, 1, 28.01
1621243745, 28, 2, 7, 0, 0, 1.08%, 0, 1, 1, 27.95
1621243751, 29, 1, 7, 0, 0, 1.08%, 0, 1, 1, 27.99
1621243756, 30, 0, 7, 0, 0, 1.08%, 0, 1, 1, 27.98
1621243761, 30, 5, 7, 0, 0, 1.08%, 0, 1, 1, 27.87
1621243766, 31, 4, 7, 0, 0, 1.08%, 0, 1, 1, 27.74
1621243771, 32, 3, 7, 0, 0, 1.08%, 0, 1, 1, 27.82
1621243776, 33, 2, 7, 0, 0, 1.08%, 0, 1, 1, 27.96
1621243781, 34, 0, 7, 0, 0, 1.08%, 0, 1, 1, 27.91
1621243787, 34, 6, 7, 0, 0, 1.08%, 0, 1, 1, 27.91
1621243792, 35, 5, 7, 0, 0, 1.08%, 0, 1, 1, 27.95
1621243797, 36, 4, 7, 0, 0, 1.08%, 0, 1, 1, 27.98
1621243802, 37, 2, 7, 0, 0, 1.08%, 0, 1, 1, 27.96
1621243807, 38, 1, 7, 0, 0, 1.08%, 0, 1, 1, 27.92
1621243812, 39, 0, 7, 0, 0, 1.08%, 0, 1, 1, 27.71
1621243818, 39, 6, 7, 0, 0, 1.08%, 0, 1, 1, 27.87
1621243823, 40, 4, 7, 0, 0, 1.08%, 0, 1, 1, 27.96
1621243828, 41, 3, 7, 0, 0, 1.08%, 0, 1, 1, 27.92
1621243833, 42, 2, 7, 0, 0, 1.08%, 0, 1, 1, 27.96
1621243838, 43, 1, 7, 0, 0, 1.08%, 0, 1, 1, 27.94
1621243843, 44, 0, 7, 0, 0, 1.08%, 0, 1, 1, 28.02
1621243849, 44, 5, 7, 0, 0, 1.08%, 0, 1, 1, 28.01
1621243854, 45, 4, 7, 0, 0, 1.08%, 0, 1, 1, 27.70
1621243859, 46, 3, 7, 0, 0, 1.08%, 0, 1, 1, 27.86
1621243864, 47, 2, 7, 0, 0, 1.08%, 0, 1, 1, 27.91
1621243869, 48, 0, 7, 0, 0, 1.08%, 0, 1, 1, 27.51
1621243874, 48, 6, 7, 0, 0, 1.08%, 0, 1, 1, 27.64
1621243883, 49, 3, 7, 0, 0, 1.08%, 0, 1, 1, 0.78
1621243888, 50, 2, 7, 0, 0, 1.08%, 0, 1, 1, 27.59
1621243893, 51, 0, 7, 0, 0, 1.08%, 0, 1, 1, 27.83
1621243898, 51, 6, 7, 0, 0, 1.08%, 0, 1, 1, 27.57
1621243903, 52, 5, 7, 0, 0, 1.08%, 0, 1, 1, 27.23
1621243908, 53, 3, 7, 0, 0, 1.08%, 0, 1, 1, 26.93
1621243914, 54, 2, 7, 0, 0, 1.08%, 0, 1, 1, 27.33
1621243919, 55, 0, 7, 0, 0, 1.08%, 0, 1, 1, 27.36
1621243924, 55, 6, 7, 0, 0, 1.08%, 0, 1, 1, 27.74
1621243929, 56, 5, 7, 0, 0, 1.08%, 0, 1, 1, 27.86
1621243934, 57, 3, 7, 0, 0, 1.08%, 0, 1, 1, 27.34
1621243939, 58, 2, 7, 0, 0, 1.08%, 0, 1, 1, 27.42
1621243946, 58, 4, 7, 0, 0, 1.08%, 0, 1, 1, 0.59
1621243954, 59, 0, 7, 0, 0, 1.08%, 0, 1, 1, 1.16
1621243959, 59, 6, 7, 0, 0, 1.08%, 0, 1, 1, 27.95
1621243969, 60, 5, 7, 0, 0, 1.08%, 0, 1, 1, 27.87
1621243979, 61, 3, 7, 0, 0, 1.08%, 0, 1, 1, 0.20
1621243988, 62, 0, 7, 0, 0, 1.08%, 0, 1, 1, 0.59
1621243993, 62, 6, 7, 0, 0, 1.08%, 0, 1, 1, 27.70
1621243998, 63, 5, 7, 0, 0, 1.08%, 0, 1, 1, 27.72
1621244003, 64, 3, 7, 0, 0, 1.08%, 0, 1, 1, 27.94
1621244008, 65, 2, 7, 0, 0, 1.08%, 0, 1, 1, 27.81
1621244014, 66, 1, 7, 0, 0, 1.08%, 0, 1, 1, 27.89
1621244019, 67, 0, 7, 0, 0, 1.08%, 0, 1, 1, 28.00
1621244024, 67, 5, 7, 0, 0, 1.08%, 0, 1, 1, 27.99
1621244029, 68, 4, 7, 0, 0, 1.08%, 0, 1, 1, 27.89
1621244034, 69, 3, 7, 0, 0, 1.08%, 0, 1, 1, 27.93
1621244039, 70, 2, 7, 0, 0, 1.08%, 0, 1, 1, 27.48
1621244045, 71, 0, 7, 0, 0, 1.08%, 0, 1, 1, 27.24
1621244050, 71, 6, 7, 0, 0, 1.08%, 0, 1, 1, 26.34
1621244055, 72, 4, 7, 0, 0, 1.08%, 0, 1, 1, 26.72
1621244060, 73, 3, 7, 0, 0, 1.08%, 0, 1, 1, 27.52
1621244065, 74, 2, 7, 0, 0, 1.08%, 0, 1, 1, 27.56
1621244079, 74, 6, 7, 0, 0, 1.08%, 0, 1, 1, 1.16
1621244084, 75, 4, 7, 0, 0, 1.08%, 0, 1, 1, 27.56
1621244089, 76, 3, 7, 0, 0, 1.08%, 0, 1, 1, 27.65
1621244094, 77, 2, 7, 0, 0, 1.08%, 0, 1, 1, 27.64
1621244100, 78, 1, 7, 0, 0, 1.08%, 0, 1, 1, 27.73
1621244105, 78, 6, 7, 0, 0, 1.08%, 0, 1, 1, 27.77
1621244110, 79, 5, 7, 0, 0, 1.08%, 0, 1, 1, 27.75
1621244115, 80, 4, 7, 0, 0, 1.08%, 0, 1, 1, 27.74
1621244120, 81, 3, 7, 0, 0, 1.08%, 0, 1, 1, 27.75
1621244125, 82, 1, 7, 0, 0, 1.08%, 0, 1, 1, 27.74
1621244131, 83, 0, 7, 0, 0, 1.08%, 0, 1, 1, 27.87
1621244136, 83, 6, 7, 0, 0, 1.08%, 0, 1, 1, 27.94
1621244141, 84, 5, 7, 0, 0, 1.08%, 0, 1, 1, 27.92
1621244146, 85, 3, 7, 0, 0, 1.08%, 0, 1, 1, 27.94
1621244151, 86, 2, 7, 0, 0, 1.08%, 0, 1, 1, 28.06
1621244156, 87, 1, 7, 0, 0, 1.08%, 0, 1, 1, 27.97
1621244162, 88, 0, 7, 0, 0, 1.08%, 0, 1, 1, 27.77
1621244167, 88, 5, 7, 0, 0, 1.08%, 0, 1, 1, 27.82
1621244172, 89, 4, 7, 0, 0, 1.08%, 0, 1, 1, 27.93
1621244177, 90, 3, 7, 0, 0, 1.08%, 0, 1, 1, 27.94
1621244182, 91, 2, 7, 0, 0, 1.08%, 0, 1, 1, 27.96
1621244187, 92, 0, 7, 0, 0, 1.08%, 0, 1, 1, 28.00
1621244192, 92, 6, 7, 0, 0, 1.08%, 0, 1, 1, 28.09
1621244198, 93, 5, 7, 0, 0, 1.08%, 0, 1, 1, 28.08
1621244203, 94, 4, 7, 0, 0, 1.08%, 0, 1, 1, 27.98
1621244208, 95, 2, 7, 0, 0, 1.08%, 0, 1, 1, 27.90
1621244213, 96, 1, 7, 0, 0, 1.08%, 0, 1, 1, 27.86
1621244218, 97, 0, 7, 0, 0, 1.08%, 0, 1, 1, 27.95
1621244223, 97, 6, 7, 0, 0, 1.08%, 0, 1, 1, 27.96
1621244228, 98, 5, 7, 0, 0, 1.08%, 0, 1, 1, 28.01
1621244234, 99, 2, 8, 1, 0, 1.09%, 0, 1, 2, 35.86
