# unix_time, cycles_done, cur_path, paths_total, pending_total, pending_favs, map_size, unique_crashes, unique_hangs, max_depth, execs_per_sec
1654318405, 0, 0, 4, 4, 1, 0.23%, 0, 0, 1, 100.31
1654318416, 0, 0, 5, 5, 1, 3.37%, 0, 0, 2, 170.65
1654318431, 0, 3, 5, 4, 1, 3.37%, 0, 0, 2, 134.18
1654318446, 0, 3, 6, 5, 1, 3.37%, 0, 0, 2, 117.33
1654318451, 0, 4, 8, 6, 2, 3.38%, 0, 0, 3, 6.36
1654318642, 0, 4, 9, 7, 2, 3.38%, 0, 0, 3, 7.54
1654318714, 0, 4, 10, 8, 2, 3.38%, 0, 0, 3, 6.54
1654318735, 0, 6, 10, 7, 2, 3.38%, 0, 0, 3, 133.81
1654318765, 0, 9, 10, 6, 1, 3.38%, 0, 0, 3, 9.77
1654318812, 0, 9, 11, 7, 1, 3.40%, 0, 0, 4, 8.22
