# unix_time, cycles_done, cur_path, paths_total, pending_total, pending_favs, map_size, unique_crashes, unique_hangs, max_depth, execs_per_sec
1621135950, 0, 0, 2, 2, 1, 1.92%, 0, 0, 1, 3.07
1621135955, 0, 1, 3, 3, 1, 1.92%, 0, 0, 2, 3.11
1621135960, 0, 1, 5, 5, 1, 1.93%, 0, 0, 2, 3.30
1621135986, 0, 1, 6, 6, 1, 1.93%, 0, 0, 2, 3.39
1621135991, 0, 1, 7, 7, 1, 1.93%, 0, 0, 2, 3.26
1621136002, 0, 1, 8, 8, 1, 1.93%, 0, 0, 2, 3.32
1621136033, 0, 1, 9, 9, 1, 1.93%, 0, 0, 2, 3.39
1621136259, 0, 1, 10, 10, 1, 1.93%, 0, 0, 2, 3.11
1621136440, 0, 1, 11, 11, 1, 1.93%, 0, 0, 2, 3.42
1621136446, 0, 1, 12, 12, 1, 1.93%, 0, 0, 2, 3.32
1621136746, 0, 1, 13, 13, 1, 1.93%, 0, 0, 2, 3.13
1621136751, 0, 1, 14, 14, 1, 1.96%, 0, 0, 2, 3.11
1621136756, 0, 1, 15, 15, 1, 1.96%, 0, 0, 2, 3.08
1621136767, 0, 1, 16, 16, 1, 1.96%, 0, 0, 2, 3.10
1621136777, 0, 1, 17, 17, 1, 1.96%, 0, 0, 2, 3.10
1621136787, 0, 1, 18, 18, 1, 1.96%, 0, 0, 2, 3.08
1621136797, 0, 1, 19, 19, 1, 1.97%, 0, 0, 2, 3.12
1621136803, 0, 1, 20, 20, 1, 1.97%, 0, 0, 2, 3.15
1621137060, 0, 1, 21, 21, 1, 1.97%, 0, 0, 2, 3.10
1621137065, 0, 1, 22, 22, 1, 1.97%, 0, 0, 2, 3.12
1621137075, 0, 1, 23, 23, 1, 1.97%, 0, 0, 2, 4.56
1621137080, 0, 1, 24, 24, 1, 1.97%, 0, 0, 2, 4.59
1621137085, 0, 1, 25, 25, 1, 1.97%, 0, 0, 2, 4.58
1621137095, 0, 1, 27, 27, 1, 2.01%, 0, 0, 2, 4.59
1621137101, 0, 1, 29, 29, 1, 2.01%, 0, 0, 2, 4.55
1621137106, 0, 1, 30, 30, 1, 2.01%, 0, 0, 2, 4.97
1621137116, 0, 1, 32, 32, 1, 2.02%, 0, 0, 2, 5.21
1621137126, 0, 1, 33, 33, 1, 2.02%, 0, 0, 2, 4.67
