# unix_time, cycles_done, cur_path, paths_total, pending_total, pending_favs, map_size, unique_crashes, unique_hangs, max_depth, execs_per_sec
1654309886, 0, 0, 1, 1, 1, 0.15%, 0, 0, 1, 37.04
1654309937, 5, 0, 1, 0, 0, 0.15%, 0, 0, 1, 49.10
1654309942, 10, 0, 1, 0, 0, 0.15%, 0, 0, 1, 51.30
1654309947, 15, 0, 1, 0, 0, 0.15%, 0, 0, 1, 50.10
1654309952, 20, 0, 1, 0, 0, 0.15%, 0, 0, 1, 49.81
1654309957, 25, 0, 1, 0, 0, 0.15%, 0, 0, 1, 48.42
1654309962, 30, 0, 1, 0, 0, 0.15%, 0, 0, 1, 48.54
1654309967, 35, 0, 1, 0, 0, 0.15%, 0, 0, 1, 48.23
1654309972, 40, 0, 1, 0, 0, 0.15%, 0, 0, 1, 49.28
1654309977, 45, 0, 1, 0, 0, 0.15%, 0, 0, 1, 49.50
1654309982, 50, 0, 1, 0, 0, 0.15%, 0, 0, 1, 49.34
1654309988, 55, 0, 1, 0, 0, 0.15%, 0, 0, 1, 49.81
1654309993, 60, 0, 1, 0, 0, 0.15%, 0, 0, 1, 49.82
1654309998, 65, 0, 1, 0, 0, 0.15%, 0, 0, 1, 51.47
1654310003, 70, 0, 1, 0, 0, 0.15%, 0, 0, 1, 48.97
1654310008, 74, 0, 1, 0, 0, 0.15%, 0, 0, 1, 48.28
1654310013, 79, 0, 1, 0, 0, 0.15%, 0, 0, 1, 48.25
1654310018, 84, 0, 1, 0, 0, 0.15%, 0, 0, 1, 49.35
1654310023, 89, 0, 1, 0, 0, 0.15%, 0, 0, 1, 48.64
1654310028, 94, 0, 1, 0, 0, 0.15%, 0, 0, 1, 49.38
1654310033, 99, 0, 1, 0, 0, 0.15%, 0, 0, 1, 50.67
1654310038, 104, 0, 1, 0, 0, 0.15%, 0, 0, 1, 50.35
1654310043, 109, 0, 1, 0, 0, 0.15%, 0, 0, 1, 50.62
1654310048, 114, 0, 1, 0, 0, 0.15%, 0, 0, 1, 51.66
1654310053, 119, 0, 1, 0, 0, 0.15%, 0, 0, 1, 52.06
1654310058, 124, 0, 1, 0, 0, 0.15%, 0, 0, 1, 49.28
1654310063, 129, 0, 1, 0, 0, 0.15%, 0, 0, 1, 49.01
1654310068, 134, 0, 1, 0, 0, 0.15%, 0, 0, 1, 49.32
1654310074, 139, 0, 1, 0, 0, 0.15%, 0, 0, 1, 50.83
1654310079, 144, 0, 1, 0, 0, 0.15%, 0, 0, 1, 50.22
1654310084, 149, 0, 1, 0, 0, 0.15%, 0, 0, 1, 49.99
1654310089, 154, 0, 1, 0, 0, 0.15%, 0, 0, 1, 50.37
1654310094, 159, 0, 1, 0, 0, 0.15%, 0, 0, 1, 53.87
1654310099, 165, 0, 1, 0, 0, 0.15%, 0, 0, 1, 54.56
1654310104, 171, 0, 1, 0, 0, 0.15%, 0, 0, 1, 58.46
1654310109, 176, 0, 1, 0, 0, 0.15%, 0, 0, 1, 52.19
1654310114, 181, 0, 1, 0, 0, 0.15%, 0, 0, 1, 50.58
1654310119, 186, 0, 1, 0, 0, 0.15%, 0, 0, 1, 50.59
1654310124, 190, 0, 1, 0, 0, 0.15%, 0, 0, 1, 49.00
1654310129, 195, 0, 1, 0, 0, 0.15%, 0, 0, 1, 49.94
1654310135, 200, 0, 1, 0, 0, 0.15%, 0, 0, 1, 48.37
1654310140, 205, 0, 1, 0, 0, 0.15%, 0, 0, 1, 49.00
1654310145, 210, 0, 1, 0, 0, 0.15%, 0, 0, 1, 49.90
1654310150, 215, 0, 1, 0, 0, 0.15%, 0, 0, 1, 47.58
1654310155, 220, 0, 1, 0, 0, 0.15%, 0, 0, 1, 48.54
1654310160, 225, 0, 1, 0, 0, 0.15%, 0, 0, 1, 49.51
1654310165, 230, 0, 1, 0, 0, 0.15%, 0, 0, 1, 48.47
1654310170, 234, 0, 1, 0, 0, 0.15%, 0, 0, 1, 49.39
1654310175, 239, 0, 1, 0, 0, 0.15%, 0, 0, 1, 47.62
1654310180, 244, 0, 1, 0, 0, 0.15%, 0, 0, 1, 49.58
1654310185, 250, 0, 1, 0, 0, 0.15%, 0, 0, 1, 53.81
1654310190, 255, 0, 1, 0, 0, 0.15%, 0, 0, 1, 54.54
1654310195, 261, 0, 1, 0, 0, 0.15%, 0, 0, 1, 55.90
1654310201, 266, 0, 1, 0, 0, 0.15%, 0, 0, 1, 54.54
1654310206, 271, 0, 1, 0, 0, 0.15%, 0, 0, 1, 54.48
1654310211, 278, 0, 1, 0, 0, 0.15%, 0, 0, 1, 63.73
1654310216, 285, 0, 1, 0, 0, 0.15%, 0, 0, 1, 67.83
1654310221, 292, 0, 1, 0, 0, 0.15%, 0, 0, 1, 68.12
1654310226, 298, 0, 1, 0, 0, 0.15%, 0, 0, 1, 67.87
1654310231, 305, 0, 1, 0, 0, 0.15%, 0, 0, 1, 67.40
1654310236, 312, 0, 1, 0, 0, 0.15%, 0, 0, 1, 71.29
1654310241, 320, 0, 1, 0, 0, 0.15%, 0, 0, 1, 77.29
1654310246, 333, 0, 1, 0, 0, 0.15%, 0, 0, 1, 121.51
1654310251, 340, 0, 1, 0, 0, 0.15%, 0, 0, 1, 83.26
1654310256, 347, 0, 1, 0, 0, 0.15%, 0, 0, 1, 70.86
1654310261, 354, 0, 1, 0, 0, 0.15%, 0, 0, 1, 69.52
1654310267, 361, 0, 1, 0, 0, 0.15%, 0, 0, 1, 68.45
1654310272, 368, 0, 1, 0, 0, 0.15%, 0, 0, 1, 67.94
1654310277, 375, 0, 1, 0, 0, 0.15%, 0, 0, 1, 67.75
1654310282, 381, 0, 1, 0, 0, 0.15%, 0, 0, 1, 66.62
1654310287, 388, 0, 1, 0, 0, 0.15%, 0, 0, 1, 68.49
1654310292, 395, 0, 1, 0, 0, 0.15%, 0, 0, 1, 69.52
1654310298, 402, 0, 1, 0, 0, 0.15%, 0, 0, 1, 68.00
1654310303, 409, 0, 1, 0, 0, 0.15%, 0, 0, 1, 68.45
1654310308, 416, 0, 1, 0, 0, 0.15%, 0, 0, 1, 69.10
1654310313, 422, 0, 1, 0, 0, 0.15%, 0, 0, 1, 68.33
1654310318, 429, 0, 1, 0, 0, 0.15%, 0, 0, 1, 67.18
1654310323, 436, 0, 1, 0, 0, 0.15%, 0, 0, 1, 67.64
1654310328, 443, 0, 1, 0, 0, 0.15%, 0, 0, 1, 70.34
1654310333, 450, 0, 1, 0, 0, 0.15%, 0, 0, 1, 69.92
1654310338, 457, 0, 1, 0, 0, 0.15%, 0, 0, 1, 68.34
1654310343, 464, 0, 1, 0, 0, 0.15%, 0, 0, 1, 69.18
1654310348, 471, 0, 1, 0, 0, 0.15%, 0, 0, 1, 69.67
1654310353, 477, 0, 1, 0, 0, 0.15%, 0, 0, 1, 69.78
1654310358, 484, 0, 1, 0, 0, 0.15%, 0, 0, 1, 68.06
1654310363, 491, 0, 1, 0, 0, 0.15%, 0, 0, 1, 69.84
1654310369, 498, 0, 1, 0, 0, 0.15%, 0, 0, 1, 69.71
1654310374, 505, 0, 1, 0, 0, 0.15%, 0, 0, 1, 68.81
1654310379, 512, 0, 1, 0, 0, 0.15%, 0, 0, 1, 68.08
1654310384, 520, 0, 1, 0, 0, 0.15%, 0, 0, 1, 82.53
1654310389, 531, 0, 1, 0, 0, 0.15%, 0, 0, 1, 105.01
1654310394, 543, 0, 1, 0, 0, 0.15%, 0, 0, 1, 117.23
1654310399, 556, 0, 1, 0, 0, 0.15%, 0, 0, 1, 131.38
1654310405, 567, 0, 1, 0, 0, 0.15%, 0, 0, 1, 110.42
1654310410, 577, 0, 1, 0, 0, 0.15%, 0, 0, 1, 105.55
1654310415, 588, 0, 1, 0, 0, 0.15%, 0, 0, 1, 101.37
1654310420, 598, 0, 1, 0, 0, 0.15%, 0, 0, 1, 103.91
1654310425, 608, 0, 1, 0, 0, 0.15%, 0, 0, 1, 101.19
1654310430, 615, 0, 1, 0, 0, 0.15%, 0, 0, 1, 76.53
1654310435, 622, 0, 1, 0, 0, 0.15%, 0, 0, 1, 67.93
1654310440, 629, 0, 1, 0, 0, 0.15%, 0, 0, 1, 68.31
1654310446, 636, 0, 1, 0, 0, 0.15%, 0, 0, 1, 68.66
1654310451, 642, 0, 1, 0, 0, 0.15%, 0, 0, 1, 68.56
1654310456, 649, 0, 1, 0, 0, 0.15%, 0, 0, 1, 67.54
1654310461, 656, 0, 1, 0, 0, 0.15%, 0, 0, 1, 68.03
1654310466, 663, 0, 1, 0, 0, 0.15%, 0, 0, 1, 69.19
1654310471, 670, 0, 1, 0, 0, 0.15%, 0, 0, 1, 68.33
1654310476, 677, 0, 1, 0, 0, 0.15%, 0, 0, 1, 69.50
1654310482, 684, 0, 1, 0, 0, 0.15%, 0, 0, 1, 68.16
1654310487, 691, 0, 1, 0, 0, 0.15%, 0, 0, 1, 67.37
1654310492, 698, 0, 1, 0, 0, 0.15%, 0, 0, 1, 68.18
1654310497, 705, 0, 1, 0, 0, 0.15%, 0, 0, 1, 68.58
1654310502, 712, 0, 1, 0, 0, 0.15%, 0, 0, 1, 69.68
1654310507, 719, 0, 1, 0, 0, 0.15%, 0, 0, 1, 69.00
1654310515, 722, 0, 1, 0, 0, 0.15%, 0, 1, 1, 1.57
1654310520, 729, 0, 1, 0, 0, 0.15%, 0, 1, 1, 67.46
1654310525, 736, 0, 1, 0, 0, 0.15%, 0, 1, 1, 69.64
1654310530, 743, 0, 1, 0, 0, 0.15%, 0, 1, 1, 69.14
1654310535, 750, 0, 1, 0, 0, 0.15%, 0, 1, 1, 69.04
1654310540, 756, 0, 1, 0, 0, 0.15%, 0, 1, 1, 67.71
1654310546, 758, 0, 1, 0, 0, 0.15%, 0, 1, 1, 1.18
1654310555, 762, 0, 1, 0, 0, 0.15%, 0, 1, 1, 2.13
1654310560, 769, 0, 1, 0, 0, 0.15%, 0, 1, 1, 69.39
1654310565, 776, 0, 1, 0, 0, 0.15%, 0, 1, 1, 68.79
1654310574, 782, 0, 1, 0, 0, 0.15%, 0, 1, 1, 2.13
1654310579, 788, 0, 1, 0, 0, 0.15%, 0, 1, 1, 67.52
1654310584, 795, 0, 1, 0, 0, 0.15%, 0, 1, 1, 67.20
1654310589, 802, 0, 1, 0, 0, 0.15%, 0, 1, 1, 67.19
1654310595, 809, 0, 1, 0, 0, 0.15%, 0, 1, 1, 69.09
1654310600, 816, 0, 1, 0, 0, 0.15%, 0, 1, 1, 68.66
1654310605, 823, 0, 1, 0, 0, 0.15%, 0, 1, 1, 68.56
1654310610, 829, 0, 1, 0, 0, 0.15%, 0, 1, 1, 67.95
1654310615, 837, 0, 1, 0, 0, 0.15%, 0, 1, 1, 69.19
1654310623, 841, 0, 1, 0, 0, 0.15%, 0, 1, 1, 2.50
1654310629, 848, 0, 1, 0, 0, 0.15%, 0, 1, 1, 69.23
1654310637, 853, 0, 1, 0, 0, 0.15%, 0, 2, 1, 1.94
1654310646, 858, 0, 1, 0, 0, 0.15%, 0, 2, 1, 1.18
1654310651, 865, 0, 1, 0, 0, 0.15%, 0, 2, 1, 69.95
1654310656, 872, 0, 1, 0, 0, 0.15%, 0, 2, 1, 69.51
1654310661, 878, 0, 1, 0, 0, 0.15%, 0, 2, 1, 68.24
1654310666, 885, 0, 1, 0, 0, 0.15%, 0, 2, 1, 69.02
1654310672, 892, 0, 1, 0, 0, 0.15%, 0, 2, 1, 67.80
1654310677, 899, 0, 1, 0, 0, 0.15%, 0, 2, 1, 69.21
1654310682, 906, 0, 1, 0, 0, 0.15%, 0, 2, 1, 67.71
1654310687, 907, 0, 1, 0, 0, 0.15%, 0, 2, 1, 0.79
1654310693, 908, 0, 1, 0, 0, 0.15%, 0, 2, 1, 1.57
1654310698, 914, 0, 1, 0, 0, 0.15%, 0, 2, 1, 68.89
1654310703, 921, 0, 1, 0, 0, 0.15%, 0, 2, 1, 67.69
1654310712, 926, 0, 1, 0, 0, 0.15%, 0, 2, 1, 0.79
1654310720, 931, 0, 1, 0, 0, 0.15%, 0, 2, 1, 2.51
1654310725, 938, 0, 1, 0, 0, 0.15%, 0, 2, 1, 68.78
1654310731, 945, 0, 1, 0, 0, 0.15%, 0, 2, 1, 68.14
1654310736, 951, 0, 1, 0, 0, 0.15%, 0, 2, 1, 67.15
1654310741, 958, 0, 1, 0, 0, 0.15%, 0, 2, 1, 67.48
1654310747, 959, 0, 1, 0, 0, 0.15%, 0, 2, 1, 0.59
1654310752, 966, 0, 1, 0, 0, 0.15%, 0, 2, 1, 67.17
1654310762, 973, 0, 1, 0, 0, 0.15%, 0, 2, 1, 69.99
1654310767, 980, 0, 1, 0, 0, 0.15%, 0, 2, 1, 68.65
1654310772, 987, 0, 1, 0, 0, 0.15%, 0, 2, 1, 68.59
1654310778, 994, 0, 1, 0, 0, 0.15%, 0, 2, 1, 68.95
1654310783, 995, 0, 1, 0, 0, 0.15%, 0, 2, 1, 2.69
1654310789, 1002, 0, 1, 0, 0, 0.15%, 0, 2, 1, 69.55
1654310794, 1009, 0, 1, 0, 0, 0.15%, 0, 2, 1, 70.03
1654310799, 1016, 0, 1, 0, 0, 0.15%, 0, 2, 1, 69.91
1654310804, 1017, 0, 1, 0, 0, 0.15%, 0, 2, 1, 0.98
1654310809, 1023, 0, 1, 0, 0, 0.15%, 0, 2, 1, 68.67
1654310815, 1025, 0, 1, 0, 0, 0.15%, 0, 2, 1, 0.40
1654310825, 1032, 0, 1, 0, 0, 0.15%, 0, 2, 1, 67.72
1654310830, 1038, 0, 1, 0, 0, 0.15%, 0, 2, 1, 67.90
1654310836, 1045, 0, 1, 0, 0, 0.15%, 0, 2, 1, 67.67
1654310842, 1047, 0, 1, 0, 0, 0.15%, 0, 2, 1, 2.69
1654310847, 1054, 0, 1, 0, 0, 0.15%, 0, 2, 1, 69.00
1654310852, 1061, 0, 1, 0, 0, 0.15%, 0, 2, 1, 68.95
1654310857, 1068, 0, 1, 0, 0, 0.15%, 0, 2, 1, 69.12
1654310865, 1071, 0, 1, 0, 0, 0.15%, 0, 2, 1, 1.18
1654310874, 1077, 0, 1, 0, 0, 0.15%, 0, 2, 1, 2.89
1654310879, 1084, 0, 1, 0, 0, 0.15%, 0, 2, 1, 69.71
1654310884, 1091, 0, 1, 0, 0, 0.15%, 0, 2, 1, 69.08
1654310889, 1097, 0, 1, 0, 0, 0.15%, 0, 2, 1, 69.07
1654310895, 1099, 0, 1, 0, 0, 0.15%, 0, 2, 1, 0.20
1654310900, 1106, 0, 1, 0, 0, 0.15%, 0, 2, 1, 68.65
1654310905, 1112, 0, 1, 0, 0, 0.15%, 0, 2, 1, 68.40
1654310911, 1119, 0, 1, 0, 0, 0.15%, 0, 2, 1, 67.54
1654310920, 1124, 0, 1, 0, 0, 0.15%, 0, 2, 1, 2.13
1654310925, 1132, 0, 1, 0, 0, 0.15%, 0, 2, 1, 68.76
1654310935, 1142, 0, 1, 0, 0, 0.15%, 0, 2, 1, 108.10
1654310945, 1156, 0, 1, 0, 0, 0.15%, 0, 2, 1, 0.40
1654310950, 1166, 0, 1, 0, 0, 0.15%, 0, 2, 1, 102.47
1654310955, 1174, 0, 1, 0, 0, 0.15%, 0, 2, 1, 82.42
1654310962, 1176, 0, 1, 0, 0, 0.15%, 0, 2, 1, 2.88
1654310969, 1180, 0, 1, 0, 0, 0.15%, 0, 2, 1, 1.38
1654310976, 1183, 0, 1, 0, 0, 0.15%, 0, 2, 1, 1.57
1654310981, 1189, 0, 1, 0, 0, 0.15%, 0, 2, 1, 69.07
1654310987, 1196, 0, 1, 0, 0, 0.15%, 0, 2, 1, 68.69
1654310992, 1203, 0, 1, 0, 0, 0.15%, 0, 2, 1, 68.59
1654310997, 1210, 0, 1, 0, 0, 0.15%, 0, 2, 1, 68.92
1654311002, 1217, 0, 1, 0, 0, 0.15%, 0, 2, 1, 69.55
1654311009, 1220, 0, 1, 0, 0, 0.15%, 0, 2, 1, 0.99
1654311014, 1226, 0, 1, 0, 0, 0.15%, 0, 2, 1, 68.02
1654311019, 1233, 0, 1, 0, 0, 0.15%, 0, 2, 1, 67.54
1654311026, 1235, 0, 1, 0, 0, 0.15%, 0, 2, 1, 0.20
1654311033, 1239, 0, 1, 0, 0, 0.15%, 0, 2, 1, 1.37
1654311038, 1245, 0, 1, 0, 0, 0.15%, 0, 2, 1, 67.73
1654311047, 1251, 0, 1, 0, 0, 0.15%, 0, 2, 1, 0.40
1654311052, 1258, 0, 1, 0, 0, 0.15%, 0, 2, 1, 70.57
1654311057, 1265, 0, 1, 0, 0, 0.15%, 0, 2, 1, 69.40
1654311066, 1269, 0, 1, 0, 0, 0.15%, 0, 2, 1, 1.57
1654311071, 1276, 0, 1, 0, 0, 0.15%, 0, 2, 1, 68.52
1654311076, 1283, 0, 1, 0, 0, 0.15%, 0, 2, 1, 68.59
1654311081, 1290, 0, 1, 0, 0, 0.15%, 0, 2, 1, 68.49
1654311086, 1297, 0, 1, 0, 0, 0.15%, 0, 2, 1, 68.37
