# unix_time, cycles_done, cur_path, paths_total, pending_total, pending_favs, map_size, unique_crashes, unique_hangs, max_depth, execs_per_sec
1621537368, 0, 0, 1, 1, 1, 0.16%, 0, 0, 1, 4.36
1621538102, 1, 0, 1, 0, 0, 0.16%, 0, 0, 1, 6.70
1621538107, 2, 0, 1, 0, 0, 0.16%, 0, 0, 1, 6.66
1621538112, 4, 0, 1, 0, 0, 0.16%, 0, 0, 1, 6.67
1621538117, 5, 0, 1, 0, 0, 0.16%, 0, 0, 1, 6.77
1621538122, 6, 0, 1, 0, 0, 0.16%, 0, 0, 1, 6.76
1621538127, 8, 0, 1, 0, 0, 0.16%, 0, 0, 1, 6.73
1621538133, 9, 0, 1, 0, 0, 0.16%, 0, 0, 1, 6.70
1621538138, 10, 0, 1, 0, 0, 0.16%, 0, 0, 1, 6.77
1621538143, 12, 0, 1, 0, 0, 0.16%, 0, 0, 1, 6.76
1621538148, 13, 0, 1, 0, 0, 0.16%, 0, 0, 1, 6.71
1621538153, 14, 0, 1, 0, 0, 0.16%, 0, 0, 1, 6.73
1621538158, 16, 0, 1, 0, 0, 0.16%, 0, 0, 1, 6.66
1621538163, 17, 0, 1, 0, 0, 0.16%, 0, 0, 1, 6.68
1621538168, 18, 0, 1, 0, 0, 0.16%, 0, 0, 1, 6.74
1621538173, 20, 0, 1, 0, 0, 0.16%, 0, 0, 1, 6.80
1621538178, 21, 0, 1, 0, 0, 0.16%, 0, 0, 1, 6.79
1621538183, 23, 0, 1, 0, 0, 0.16%, 0, 0, 1, 6.76
1621538189, 24, 0, 1, 0, 0, 0.16%, 0, 0, 1, 6.78
1621538194, 25, 0, 1, 0, 0, 0.16%, 0, 0, 1, 6.72
1621538199, 27, 0, 1, 0, 0, 0.16%, 0, 0, 1, 6.77
1621538204, 28, 0, 1, 0, 0, 0.16%, 0, 0, 1, 6.81
1621538209, 30, 0, 1, 0, 0, 0.16%, 0, 0, 1, 6.81
1621538214, 31, 0, 1, 0, 0, 0.16%, 0, 0, 1, 6.74
1621538220, 32, 0, 1, 0, 0, 0.16%, 0, 0, 1, 6.71
1621538225, 34, 0, 1, 0, 0, 0.16%, 0, 0, 1, 6.67
1621538230, 35, 0, 1, 0, 0, 0.16%, 0, 0, 1, 6.72
1621538235, 36, 0, 1, 0, 0, 0.16%, 0, 0, 1, 6.79
1621538240, 38, 0, 1, 0, 0, 0.16%, 0, 0, 1, 6.80
1621538245, 39, 0, 1, 0, 0, 0.16%, 0, 0, 1, 6.75
1621538250, 41, 0, 1, 0, 0, 0.16%, 0, 0, 1, 6.76
1621538255, 42, 0, 1, 0, 0, 0.16%, 0, 0, 1, 6.71
1621538260, 43, 0, 1, 0, 0, 0.16%, 0, 0, 1, 6.76
1621538265, 45, 0, 1, 0, 0, 0.16%, 0, 0, 1, 6.73
1621538275, 46, 0, 1, 0, 0, 0.16%, 0, 1, 1, 0.20
1621538280, 47, 0, 1, 0, 0, 0.16%, 0, 1, 1, 6.86
1621538285, 49, 0, 1, 0, 0, 0.16%, 0, 1, 1, 6.80
1621538290, 50, 0, 1, 0, 0, 0.16%, 0, 1, 1, 6.73
1621538295, 51, 0, 1, 0, 0, 0.16%, 0, 1, 1, 6.76
1621538300, 53, 0, 1, 0, 0, 0.16%, 0, 1, 1, 6.78
1621538305, 54, 0, 1, 0, 0, 0.16%, 0, 1, 1, 6.75
1621538311, 56, 0, 1, 0, 0, 0.16%, 0, 1, 1, 6.82
1621538316, 57, 0, 1, 0, 0, 0.16%, 0, 1, 1, 6.89
1621538321, 59, 0, 1, 0, 0, 0.16%, 0, 1, 1, 6.87
1621538326, 60, 0, 1, 0, 0, 0.16%, 0, 1, 1, 6.83
1621538331, 61, 0, 1, 0, 0, 0.16%, 0, 1, 1, 6.77
1621538337, 63, 0, 1, 0, 0, 0.16%, 0, 1, 1, 6.81
1621538342, 64, 0, 1, 0, 0, 0.16%, 0, 1, 1, 6.83
1621538347, 66, 0, 1, 0, 0, 0.16%, 0, 1, 1, 6.88
1621538352, 67, 0, 1, 0, 0, 0.16%, 0, 1, 1, 6.76
1621538357, 68, 0, 1, 0, 0, 0.16%, 0, 1, 1, 6.78
1621538363, 70, 0, 1, 0, 0, 0.16%, 0, 1, 1, 6.81
1621538368, 71, 0, 1, 0, 0, 0.16%, 0, 1, 1, 6.83
1621538373, 73, 0, 1, 0, 0, 0.16%, 0, 1, 1, 6.78
1621538378, 74, 0, 1, 0, 0, 0.16%, 0, 1, 1, 6.71
1621538383, 75, 0, 1, 0, 0, 0.16%, 0, 1, 1, 6.66
1621538388, 77, 0, 1, 0, 0, 0.16%, 0, 1, 1, 6.74
1621538393, 78, 0, 1, 0, 0, 0.16%, 0, 1, 1, 6.73
1621538398, 79, 0, 1, 0, 0, 0.16%, 0, 1, 1, 6.77
1621538403, 81, 0, 1, 0, 0, 0.16%, 0, 1, 1, 6.80
1621538409, 82, 0, 1, 0, 0, 0.16%, 0, 1, 1, 6.85
1621538414, 84, 0, 1, 0, 0, 0.16%, 0, 1, 1, 6.74
1621538419, 85, 0, 1, 0, 0, 0.16%, 0, 1, 1, 6.76
1621538424, 86, 0, 1, 0, 0, 0.16%, 0, 1, 1, 6.71
1621538429, 88, 0, 1, 0, 0, 0.16%, 0, 1, 1, 6.75
1621538434, 89, 0, 1, 0, 0, 0.16%, 0, 1, 1, 6.74
1621538439, 90, 0, 1, 0, 0, 0.16%, 0, 1, 1, 6.81
1621538444, 92, 0, 1, 0, 0, 0.16%, 0, 1, 1, 6.78
1621538449, 93, 0, 1, 0, 0, 0.16%, 0, 1, 1, 6.83
1621538454, 95, 0, 1, 0, 0, 0.16%, 0, 1, 1, 6.80
1621538459, 96, 0, 1, 0, 0, 0.16%, 0, 1, 1, 6.78
1621538465, 97, 0, 1, 0, 0, 0.16%, 0, 1, 1, 6.85
1621538470, 99, 0, 1, 0, 0, 0.16%, 0, 1, 1, 6.76
1621538475, 100, 0, 1, 0, 0, 0.16%, 0, 1, 1, 6.78
1621538480, 101, 0, 1, 0, 0, 0.16%, 0, 1, 1, 6.83
1621538485, 103, 0, 1, 0, 0, 0.16%, 0, 1, 1, 6.87
1621538490, 104, 0, 1, 0, 0, 0.16%, 0, 1, 1, 6.78
1621538495, 106, 0, 1, 0, 0, 0.16%, 0, 1, 1, 6.76
1621538501, 107, 0, 1, 0, 0, 0.16%, 0, 1, 1, 6.78
1621538506, 109, 0, 1, 0, 0, 0.16%, 0, 1, 1, 6.80
1621538511, 110, 0, 1, 0, 0, 0.16%, 0, 1, 1, 6.78
1621538516, 111, 0, 1, 0, 0, 0.16%, 0, 1, 1, 6.87
1621538521, 113, 0, 1, 0, 0, 0.16%, 0, 1, 1, 6.77
1621538526, 114, 0, 1, 0, 0, 0.16%, 0, 1, 1, 6.80
1621538531, 115, 0, 1, 0, 0, 0.16%, 0, 1, 1, 6.77
1621538536, 117, 0, 1, 0, 0, 0.16%, 0, 1, 1, 6.78
1621538541, 118, 0, 1, 0, 0, 0.16%, 0, 1, 1, 6.75
1621538546, 119, 0, 1, 0, 0, 0.16%, 0, 1, 1, 6.71
1621538551, 121, 0, 1, 0, 0, 0.16%, 0, 1, 1, 6.78
1621538557, 122, 0, 1, 0, 0, 0.16%, 0, 1, 1, 6.85
1621538562, 124, 0, 1, 0, 0, 0.16%, 0, 1, 1, 6.62
1621538567, 125, 0, 1, 0, 0, 0.16%, 0, 1, 1, 6.71
