# unix_time, cycles_done, cur_path, paths_total, pending_total, pending_favs, map_size, unique_crashes, unique_hangs, max_depth, execs_per_sec
1619732465, 0, 0, 4, 4, 2, 14.72%, 0, 0, 1, 121.44
1619732470, 0, 1, 18, 18, 2, 15.39%, 0, 0, 2, 158.95
1619732475, 0, 1, 22, 22, 2, 16.07%, 0, 0, 2, 160.20
1619732480, 0, 1, 32, 32, 2, 16.08%, 0, 0, 2, 163.11
1619732485, 0, 1, 36, 36, 2, 16.08%, 0, 0, 2, 146.34
1619732490, 0, 1, 46, 46, 2, 16.08%, 0, 0, 2, 149.48
1619732495, 0, 1, 50, 50, 2, 16.08%, 0, 0, 2, 143.27
1619732500, 0, 1, 59, 59, 2, 16.08%, 0, 0, 2, 172.24
1619732505, 0, 1, 66, 66, 2, 16.08%, 0, 0, 2, 161.87
1619732511, 0, 1, 68, 68, 2, 16.08%, 0, 0, 2, 160.62
1619732516, 0, 1, 69, 69, 2, 16.08%, 0, 0, 2, 155.47
1619732521, 0, 1, 70, 70, 2, 16.08%, 0, 0, 2, 152.22
1619732526, 0, 1, 73, 73, 2, 16.08%, 0, 0, 2, 150.83
1619732531, 0, 1, 74, 74, 2, 16.08%, 0, 0, 2, 159.83
1619732536, 0, 1, 75, 75, 2, 16.08%, 0, 0, 2, 157.09
1619732541, 0, 1, 97, 97, 2, 16.08%, 0, 0, 2, 150.90
1619732546, 0, 1, 112, 112, 2, 17.14%, 0, 0, 2, 165.16
1619732551, 0, 1, 126, 126, 2, 17.14%, 0, 0, 2, 156.72
1619732556, 0, 1, 132, 132, 2, 17.14%, 0, 0, 2, 152.36
1619732562, 0, 1, 136, 136, 2, 17.14%, 0, 0, 2, 182.43
1619732567, 0, 1, 141, 141, 2, 17.14%, 0, 0, 2, 156.70
1619732572, 0, 1, 148, 148, 2, 17.14%, 0, 0, 2, 177.00
1619732577, 0, 1, 153, 153, 2, 17.14%, 0, 0, 2, 174.93
1619732582, 0, 1, 156, 156, 2, 17.14%, 0, 0, 2, 152.27
1619732587, 0, 1, 160, 160, 2, 17.14%, 0, 0, 2, 179.71
1619732592, 0, 1, 165, 165, 2, 17.14%, 0, 0, 2, 180.59
1619732597, 0, 1, 166, 166, 2, 17.14%, 0, 0, 2, 175.90
1619732602, 0, 1, 170, 170, 2, 17.14%, 0, 0, 2, 175.29
1619732607, 0, 1, 172, 172, 2, 17.14%, 0, 0, 2, 179.35
1619732612, 0, 1, 175, 175, 2, 17.15%, 0, 0, 2, 184.69
1619732617, 0, 1, 177, 177, 2, 17.15%, 0, 0, 2, 182.13
1619732623, 0, 1, 179, 179, 2, 17.17%, 0, 0, 2, 180.10
1619732633, 0, 1, 180, 180, 2, 17.17%, 0, 0, 2, 178.07
1619732638, 0, 1, 182, 182, 2, 17.18%, 0, 0, 2, 181.68
1619732643, 0, 1, 183, 183, 2, 17.18%, 0, 0, 2, 183.61
1619732648, 0, 1, 186, 186, 2, 17.18%, 0, 0, 2, 182.80
1619732658, 0, 1, 187, 187, 2, 17.20%, 0, 0, 2, 173.04
1619732689, 0, 1, 188, 188, 2, 17.21%, 0, 0, 2, 177.44
1619732699, 0, 1, 189, 189, 2, 17.21%, 0, 0, 2, 179.54
1619732719, 0, 1, 190, 190, 2, 17.21%, 0, 0, 2, 183.55
1619732724, 0, 1, 191, 191, 2, 17.21%, 0, 0, 2, 184.80
1619732729, 0, 1, 192, 192, 2, 17.21%, 0, 0, 2, 186.10
1619732735, 0, 1, 193, 193, 2, 17.21%, 0, 0, 2, 179.55
1619732740, 0, 1, 195, 195, 2, 17.21%, 0, 0, 2, 181.13
1619732745, 0, 1, 196, 196, 2, 17.21%, 0, 0, 2, 179.18
1619732750, 0, 1, 198, 198, 2, 17.21%, 0, 0, 2, 180.42
1619732760, 0, 1, 200, 200, 2, 17.21%, 0, 0, 2, 185.49
1619732765, 0, 1, 202, 202, 2, 17.21%, 0, 0, 2, 183.19
1619732770, 0, 7, 203, 202, 12, 17.21%, 0, 0, 2, 222.28
1619732775, 0, 7, 205, 204, 12, 17.21%, 0, 0, 3, 358.41
1619732780, 0, 7, 208, 207, 12, 17.21%, 0, 0, 3, 357.02
1619732785, 0, 7, 213, 212, 12, 17.21%, 0, 0, 3, 490.77
1619732790, 0, 7, 216, 215, 12, 17.21%, 0, 0, 3, 479.40
1619732795, 0, 7, 218, 217, 12, 17.21%, 0, 0, 3, 344.65
1619732801, 0, 7, 224, 223, 12, 17.21%, 0, 0, 3, 315.60
1619732806, 0, 7, 225, 224, 12, 17.21%, 0, 0, 3, 255.37
1619732811, 0, 7, 226, 225, 12, 17.21%, 0, 0, 3, 222.18
1619732826, 0, 7, 229, 228, 12, 17.21%, 0, 0, 3, 201.22
1619732836, 0, 7, 231, 230, 12, 17.21%, 0, 0, 3, 206.63
1619732854, 0, 7, 232, 231, 12, 17.21%, 0, 0, 3, 11.38
1619732864, 0, 13, 236, 234, 11, 17.73%, 0, 0, 3, 730.85
1619732875, 0, 13, 238, 236, 11, 17.73%, 0, 0, 3, 794.04
1619732880, 0, 14, 238, 235, 10, 17.73%, 0, 0, 3, 893.63
1619732890, 0, 14, 239, 236, 10, 17.73%, 0, 0, 3, 817.25
1619732895, 0, 32, 239, 235, 9, 17.73%, 0, 0, 3, 820.09
1619732911, 0, 32, 240, 236, 9, 17.73%, 0, 0, 3, 788.69
1619732916, 0, 82, 240, 235, 9, 17.73%, 0, 0, 3, 786.03
1619732946, 0, 82, 241, 236, 9, 17.73%, 0, 0, 3, 796.64
1619733002, 0, 82, 242, 237, 9, 17.73%, 0, 0, 3, 775.81
1619733007, 0, 82, 243, 238, 9, 17.73%, 0, 0, 3, 787.24
1619733012, 0, 82, 244, 239, 9, 17.73%, 0, 0, 3, 798.14
1619733017, 0, 82, 245, 240, 9, 17.73%, 0, 0, 3, 784.91
1619733032, 0, 82, 246, 241, 9, 17.73%, 0, 0, 3, 762.25
1619733048, 0, 82, 247, 242, 9, 17.73%, 0, 0, 3, 780.39
1619733063, 0, 82, 248, 243, 9, 17.73%, 0, 0, 3, 788.38
1619733078, 0, 82, 249, 244, 9, 17.73%, 0, 0, 3, 786.84
1619733093, 0, 82, 251, 246, 9, 17.73%, 0, 0, 3, 961.21
1619733129, 0, 82, 252, 247, 9, 17.73%, 0, 0, 3, 772.07
1619733154, 0, 82, 253, 248, 9, 17.73%, 0, 0, 3, 966.89
1619733175, 0, 94, 253, 247, 9, 17.73%, 0, 0, 3, 774.95
1619733266, 0, 94, 254, 248, 9, 17.73%, 0, 0, 3, 773.68
1619733317, 0, 94, 255, 249, 9, 17.73%, 0, 0, 3, 791.90
1619733368, 0, 94, 256, 250, 9, 17.73%, 0, 0, 3, 828.29
1619733393, 0, 94, 257, 251, 9, 17.73%, 0, 0, 3, 774.69
1619733454, 0, 177, 257, 249, 7, 17.73%, 0, 0, 3, 919.14
1619733470, 0, 178, 257, 248, 7, 17.73%, 0, 0, 3, 803.21
1619733510, 0, 181, 257, 247, 6, 17.73%, 0, 0, 3, 776.97
1619733530, 0, 181, 258, 248, 6, 17.73%, 0, 0, 3, 800.50
1619733631, 0, 187, 258, 247, 5, 17.73%, 0, 0, 3, 867.26
1619733657, 0, 195, 258, 246, 4, 17.73%, 0, 0, 3, 771.84
1619733662, 0, 202, 258, 245, 3, 17.73%, 0, 0, 3, 935.08
1619733667, 0, 211, 259, 245, 2, 17.81%, 0, 0, 4, 880.59
