# unix_time, cycles_done, cur_path, paths_total, pending_total, pending_favs, map_size, unique_crashes, unique_hangs, max_depth, execs_per_sec
1619741013, 0, 0, 4, 4, 1, 14.05%, 0, 0, 1, 155.34
1619741018, 0, 3, 12, 12, 1, 15.36%, 0, 0, 2, 153.16
1619741023, 0, 3, 19, 19, 1, 16.10%, 0, 0, 2, 158.91
1619741028, 0, 3, 26, 26, 1, 16.12%, 0, 0, 2, 12.82
1619741033, 0, 3, 33, 33, 1, 16.12%, 0, 0, 2, 144.68
1619741038, 0, 3, 35, 35, 1, 16.12%, 0, 0, 2, 151.90
1619741048, 0, 3, 36, 36, 1, 16.12%, 0, 0, 2, 155.68
1619741058, 0, 3, 39, 39, 1, 16.12%, 0, 0, 2, 155.49
1619741063, 0, 3, 47, 47, 1, 16.13%, 0, 0, 2, 129.59
1619741069, 0, 3, 51, 51, 1, 16.13%, 0, 0, 2, 151.92
1619741074, 0, 3, 53, 53, 1, 16.13%, 0, 0, 2, 154.93
1619741079, 0, 3, 55, 55, 1, 16.13%, 0, 0, 2, 153.90
1619741084, 0, 3, 58, 58, 1, 16.13%, 0, 0, 2, 156.58
1619741089, 0, 3, 59, 59, 1, 16.13%, 0, 0, 2, 156.43
1619741094, 0, 3, 61, 61, 1, 16.13%, 0, 0, 2, 142.76
1619741099, 0, 3, 63, 63, 1, 16.13%, 0, 0, 2, 150.05
1619741104, 0, 3, 64, 64, 1, 16.13%, 0, 0, 2, 154.76
1619741109, 0, 3, 66, 66, 1, 16.13%, 0, 0, 2, 158.86
1619741114, 0, 3, 74, 74, 1, 16.13%, 0, 0, 2, 158.27
1619741125, 0, 3, 75, 75, 1, 16.13%, 0, 0, 2, 153.27
1619741130, 0, 3, 76, 76, 1, 16.13%, 0, 0, 2, 152.87
1619741140, 0, 3, 79, 79, 1, 16.13%, 0, 0, 2, 148.53
1619741145, 0, 3, 80, 80, 1, 16.13%, 0, 0, 2, 153.64
1619741155, 0, 3, 81, 81, 1, 16.13%, 0, 0, 2, 152.36
1619741170, 0, 3, 83, 83, 1, 16.13%, 0, 0, 2, 155.96
1619741191, 0, 3, 86, 86, 1, 16.13%, 0, 0, 2, 153.95
1619741196, 0, 3, 117, 117, 1, 16.13%, 0, 0, 2, 144.78
1619741201, 0, 3, 129, 129, 1, 17.18%, 0, 0, 2, 160.23
1619741206, 0, 3, 136, 136, 1, 17.18%, 0, 0, 2, 153.21
1619741211, 0, 3, 139, 139, 1, 17.18%, 0, 0, 2, 149.16
1619741216, 0, 3, 140, 140, 1, 17.18%, 0, 0, 2, 165.34
1619741221, 0, 3, 141, 141, 1, 17.18%, 0, 0, 2, 152.52
1619741226, 0, 3, 142, 142, 1, 17.18%, 0, 0, 2, 162.21
1619741231, 0, 3, 143, 143, 1, 17.18%, 0, 0, 2, 156.65
1619741237, 0, 3, 144, 144, 1, 17.18%, 0, 0, 2, 5.72
1619741242, 0, 3, 146, 146, 1, 17.18%, 0, 0, 2, 130.93
1619741247, 0, 3, 147, 147, 1, 17.18%, 0, 0, 2, 167.03
1619741252, 0, 3, 151, 151, 1, 17.18%, 0, 0, 2, 157.91
1619741257, 0, 3, 156, 156, 1, 17.18%, 0, 0, 2, 159.44
1619741262, 0, 3, 160, 160, 1, 17.18%, 0, 0, 2, 154.09
1619741267, 0, 3, 162, 162, 1, 17.18%, 0, 0, 2, 152.55
1619741272, 0, 3, 163, 163, 1, 17.18%, 0, 0, 2, 178.71
1619741277, 0, 3, 165, 165, 1, 17.18%, 0, 0, 2, 151.62
1619741282, 0, 3, 167, 167, 1, 17.18%, 0, 0, 2, 173.80
1619741288, 0, 3, 170, 170, 1, 17.20%, 0, 0, 2, 180.77
1619741293, 0, 3, 174, 174, 1, 17.20%, 0, 0, 2, 183.51
1619741298, 0, 3, 176, 176, 1, 17.20%, 0, 0, 2, 187.18
1619741308, 0, 3, 179, 179, 1, 17.22%, 0, 0, 2, 181.45
1619741313, 0, 3, 184, 184, 1, 17.22%, 0, 0, 2, 181.79
1619741323, 0, 3, 186, 186, 1, 17.22%, 0, 0, 2, 178.03
1619741328, 0, 3, 187, 187, 1, 17.31%, 0, 0, 2, 175.49
1619741338, 0, 3, 188, 188, 1, 17.31%, 0, 0, 2, 167.48
1619741349, 0, 3, 189, 189, 1, 17.31%, 0, 0, 2, 177.19
1619741354, 0, 3, 190, 190, 1, 17.31%, 0, 0, 2, 178.88
1619741369, 0, 3, 192, 192, 1, 17.33%, 0, 0, 2, 176.64
1619741389, 0, 3, 194, 194, 1, 17.33%, 0, 0, 2, 180.93
1619741404, 0, 3, 195, 195, 1, 17.33%, 0, 0, 2, 178.89
1619741410, 0, 3, 196, 196, 1, 17.33%, 0, 0, 2, 189.98
1619741415, 0, 3, 197, 197, 1, 17.33%, 0, 0, 2, 188.37
1619741420, 0, 3, 200, 200, 1, 17.33%, 0, 0, 2, 188.52
1619741425, 0, 3, 201, 201, 1, 17.33%, 0, 0, 2, 188.61
1619741430, 0, 3, 202, 202, 1, 17.33%, 0, 0, 2, 180.99
1619741450, 0, 3, 203, 203, 1, 17.33%, 0, 0, 2, 184.36
1619741458, 0, 3, 204, 204, 1, 17.33%, 0, 0, 2, 0.33
1619741463, 0, 7, 205, 204, 11, 17.75%, 0, 0, 2, 722.05
1619741473, 0, 7, 206, 205, 11, 17.75%, 0, 0, 3, 751.52
1619741483, 0, 7, 207, 206, 11, 17.75%, 0, 0, 3, 790.61
1619741499, 0, 7, 209, 208, 11, 17.75%, 0, 0, 3, 780.99
1619741509, 0, 7, 210, 209, 11, 17.75%, 0, 0, 3, 762.28
1619741514, 0, 24, 211, 209, 10, 17.75%, 0, 0, 3, 768.43
1619741519, 0, 24, 212, 210, 10, 17.75%, 0, 0, 3, 786.66
1619741529, 0, 24, 213, 211, 10, 17.75%, 0, 0, 3, 788.78
1619741534, 0, 24, 214, 212, 10, 17.75%, 0, 0, 3, 777.06
1619741550, 0, 67, 214, 211, 10, 17.75%, 0, 0, 3, 784.37
1619741560, 0, 67, 217, 214, 10, 17.75%, 0, 0, 3, 802.67
1619741595, 0, 67, 218, 215, 10, 17.75%, 0, 0, 3, 550.36
1619741646, 0, 104, 218, 214, 10, 17.75%, 0, 0, 3, 535.44
1619741656, 0, 104, 219, 215, 10, 17.75%, 0, 0, 3, 498.58
1619741681, 0, 104, 220, 216, 10, 17.75%, 0, 0, 3, 502.27
1619741702, 0, 104, 221, 217, 10, 17.75%, 0, 0, 3, 598.62
1619741707, 0, 104, 222, 218, 10, 17.75%, 0, 0, 3, 578.62
1619741803, 0, 104, 224, 220, 10, 17.75%, 0, 0, 3, 492.66
1619741839, 0, 104, 225, 221, 10, 17.75%, 0, 0, 3, 604.82
1619741905, 0, 104, 226, 222, 10, 17.75%, 0, 0, 3, 525.49
1619741935, 0, 104, 227, 223, 10, 17.75%, 0, 0, 3, 566.69
1619742022, 0, 104, 228, 224, 10, 17.75%, 0, 0, 3, 496.13
1619742058, 0, 104, 229, 225, 10, 17.75%, 0, 0, 3, 481.96
1619742078, 0, 104, 230, 226, 10, 17.75%, 0, 0, 3, 488.35
1619742215, 0, 104, 231, 227, 10, 17.75%, 0, 0, 3, 470.37
