# unix_time, cycles_done, cur_path, paths_total, pending_total, pending_favs, map_size, unique_crashes, unique_hangs, max_depth, execs_per_sec
1654324491, 0, 0, 1, 1, 1, 0.00%, 0, 0, 1, 48.19
1654324537, 2, 0, 1, 0, 0, 0.00%, 0, 0, 1, 58.22
1654324542, 4, 0, 1, 0, 0, 0.00%, 0, 0, 1, 59.12
1654324547, 6, 0, 1, 0, 0, 0.00%, 0, 0, 1, 59.83
1654324552, 9, 0, 1, 0, 0, 0.00%, 0, 0, 1, 59.42
1654324557, 11, 0, 1, 0, 0, 0.00%, 0, 0, 1, 58.55
1654324562, 13, 0, 1, 0, 0, 0.00%, 0, 0, 1, 56.93
1654324567, 15, 0, 1, 0, 0, 0.00%, 0, 0, 1, 58.07
1654324572, 18, 0, 1, 0, 0, 0.00%, 0, 0, 1, 58.93
1654324577, 20, 0, 1, 0, 0, 0.00%, 0, 0, 1, 58.95
1654324582, 22, 0, 1, 0, 0, 0.00%, 0, 0, 1, 58.80
1654324587, 25, 0, 1, 0, 0, 0.00%, 0, 0, 1, 59.43
1654324592, 27, 0, 1, 0, 0, 0.00%, 0, 0, 1, 58.61
1654324597, 29, 0, 1, 0, 0, 0.00%, 0, 0, 1, 57.75
1654324602, 32, 0, 1, 0, 0, 0.00%, 0, 0, 1, 59.92
1654324607, 34, 0, 1, 0, 0, 0.00%, 0, 0, 1, 59.29
1654324612, 36, 0, 1, 0, 0, 0.00%, 0, 0, 1, 58.22
1654324617, 39, 0, 1, 0, 0, 0.00%, 0, 0, 1, 59.17
1654324623, 41, 0, 1, 0, 0, 0.00%, 0, 0, 1, 61.44
1654324628, 44, 0, 1, 0, 0, 0.00%, 0, 0, 1, 59.47
1654324633, 46, 0, 1, 0, 0, 0.00%, 0, 0, 1, 57.75
1654324638, 48, 0, 1, 0, 0, 0.00%, 0, 0, 1, 59.80
1654324643, 51, 0, 1, 0, 0, 0.00%, 0, 0, 1, 58.78
1654324648, 53, 0, 1, 0, 0, 0.00%, 0, 0, 1, 56.60
1654324653, 55, 0, 1, 0, 0, 0.00%, 0, 0, 1, 57.31
1654324658, 58, 0, 1, 0, 0, 0.00%, 0, 0, 1, 60.68
1654324663, 60, 0, 1, 0, 0, 0.00%, 0, 0, 1, 59.88
1654324668, 62, 0, 1, 0, 0, 0.00%, 0, 0, 1, 58.83
1654324673, 65, 0, 1, 0, 0, 0.00%, 0, 0, 1, 57.97
1654324678, 67, 0, 1, 0, 0, 0.00%, 0, 0, 1, 58.66
1654324684, 69, 0, 1, 0, 0, 0.00%, 0, 0, 1, 59.57
1654324689, 72, 0, 1, 0, 0, 0.00%, 0, 0, 1, 59.21
1654324694, 74, 0, 1, 0, 0, 0.00%, 0, 0, 1, 59.38
1654324699, 76, 0, 1, 0, 0, 0.00%, 0, 0, 1, 58.85
1654324704, 79, 0, 1, 0, 0, 0.00%, 0, 0, 1, 58.41
1654324709, 81, 0, 1, 0, 0, 0.00%, 0, 0, 1, 58.47
1654324714, 83, 0, 1, 0, 0, 0.00%, 0, 0, 1, 58.27
1654324719, 86, 0, 1, 0, 0, 0.00%, 0, 0, 1, 58.29
1654324724, 88, 0, 1, 0, 0, 0.00%, 0, 0, 1, 57.41
1654324729, 90, 0, 1, 0, 0, 0.00%, 0, 0, 1, 58.14
1654324735, 93, 0, 1, 0, 0, 0.00%, 0, 0, 1, 59.51
1654324740, 95, 0, 1, 0, 0, 0.00%, 0, 0, 1, 60.27
1654324745, 97, 0, 1, 0, 0, 0.00%, 0, 0, 1, 58.58
1654324750, 100, 0, 1, 0, 0, 0.00%, 0, 0, 1, 60.49
1654324755, 103, 0, 1, 0, 0, 0.00%, 0, 0, 1, 66.04
1654324760, 105, 0, 1, 0, 0, 0.00%, 0, 0, 1, 65.51
1654324765, 108, 0, 1, 0, 0, 0.00%, 0, 0, 1, 65.31
1654324770, 111, 0, 1, 0, 0, 0.00%, 0, 0, 1, 77.07
1654324776, 114, 0, 1, 0, 0, 0.00%, 0, 0, 1, 80.09
1654324781, 117, 0, 1, 0, 0, 0.00%, 0, 0, 1, 80.32
1654324786, 121, 0, 1, 0, 0, 0.00%, 0, 0, 1, 80.81
1654324791, 124, 0, 1, 0, 0, 0.00%, 0, 0, 1, 79.32
1654324796, 127, 0, 1, 0, 0, 0.00%, 0, 0, 1, 78.43
1654324801, 130, 0, 1, 0, 0, 0.00%, 0, 0, 1, 73.19
1654324806, 133, 0, 1, 0, 0, 0.00%, 0, 0, 1, 74.82
1654324812, 136, 0, 1, 0, 0, 0.00%, 0, 0, 1, 80.05
1654324817, 139, 0, 1, 0, 0, 0.00%, 0, 0, 1, 80.13
1654324822, 142, 0, 1, 0, 0, 0.00%, 0, 0, 1, 79.07
1654324827, 145, 0, 1, 0, 0, 0.00%, 0, 0, 1, 74.38
1654324832, 149, 0, 1, 0, 0, 0.00%, 0, 0, 1, 78.66
1654324837, 152, 0, 1, 0, 0, 0.00%, 0, 0, 1, 78.39
1654324842, 155, 0, 1, 0, 0, 0.00%, 0, 0, 1, 79.98
1654324847, 158, 0, 1, 0, 0, 0.00%, 0, 0, 1, 75.33
1654324852, 161, 0, 1, 0, 0, 0.00%, 0, 0, 1, 73.00
1654324857, 164, 0, 1, 0, 0, 0.00%, 0, 0, 1, 78.33
1654324863, 167, 0, 1, 0, 0, 0.00%, 0, 0, 1, 79.61
1654324868, 170, 0, 1, 0, 0, 0.00%, 0, 0, 1, 75.60
1654324873, 173, 0, 1, 0, 0, 0.00%, 0, 0, 1, 76.22
1654324878, 176, 0, 1, 0, 0, 0.00%, 0, 0, 1, 77.11
1654324883, 179, 0, 1, 0, 0, 0.00%, 0, 0, 1, 76.49
1654324888, 182, 0, 1, 0, 0, 0.00%, 0, 0, 1, 74.37
1654324893, 185, 0, 1, 0, 0, 0.00%, 0, 0, 1, 76.06
1654324898, 189, 0, 1, 0, 0, 0.00%, 0, 0, 1, 79.32
1654324904, 192, 0, 1, 0, 0, 0.00%, 0, 0, 1, 80.62
1654324909, 195, 0, 1, 0, 0, 0.00%, 0, 0, 1, 79.40
1654324914, 198, 0, 1, 0, 0, 0.00%, 0, 0, 1, 79.04
1654324919, 201, 0, 1, 0, 0, 0.00%, 0, 0, 1, 73.49
1654324924, 204, 0, 1, 0, 0, 0.00%, 0, 0, 1, 74.93
1654324929, 207, 0, 1, 0, 0, 0.00%, 0, 0, 1, 75.58
1654324934, 210, 0, 1, 0, 0, 0.00%, 0, 0, 1, 79.24
1654324939, 213, 0, 1, 0, 0, 0.00%, 0, 0, 1, 76.61
1654324944, 216, 0, 1, 0, 0, 0.00%, 0, 0, 1, 77.16
1654324950, 220, 0, 1, 0, 0, 0.00%, 0, 0, 1, 79.00
1654324955, 223, 0, 1, 0, 0, 0.00%, 0, 0, 1, 80.48
1654324960, 226, 0, 1, 0, 0, 0.00%, 0, 0, 1, 79.13
1654324965, 229, 0, 1, 0, 0, 0.00%, 0, 0, 1, 79.11
1654324970, 232, 0, 1, 0, 0, 0.00%, 0, 0, 1, 80.77
1654324975, 236, 0, 1, 0, 0, 0.00%, 0, 0, 1, 81.50
1654324980, 239, 0, 1, 0, 0, 0.00%, 0, 0, 1, 82.07
1654324985, 242, 0, 1, 0, 0, 0.00%, 0, 0, 1, 81.49
1654324990, 245, 0, 1, 0, 0, 0.00%, 0, 0, 1, 81.66
1654324996, 249, 0, 1, 0, 0, 0.00%, 0, 0, 1, 81.23
1654325001, 252, 0, 1, 0, 0, 0.00%, 0, 0, 1, 80.44
1654325006, 255, 0, 1, 0, 0, 0.00%, 0, 0, 1, 85.07
1654325011, 259, 0, 1, 0, 0, 0.00%, 0, 0, 1, 88.58
1654325016, 262, 0, 1, 0, 0, 0.00%, 0, 0, 1, 89.66
1654325021, 268, 0, 1, 0, 0, 0.00%, 0, 0, 1, 144.11
1654325027, 272, 0, 1, 0, 0, 0.00%, 0, 0, 1, 98.07
1654325032, 275, 0, 1, 0, 0, 0.00%, 0, 0, 1, 83.26
1654325037, 278, 0, 1, 0, 0, 0.00%, 0, 0, 1, 76.85
1654325042, 281, 0, 1, 0, 0, 0.00%, 0, 0, 1, 80.06
1654325047, 284, 0, 1, 0, 0, 0.00%, 0, 0, 1, 78.60
1654325052, 287, 0, 1, 0, 0, 0.00%, 0, 0, 1, 74.61
1654325057, 290, 0, 1, 0, 0, 0.00%, 0, 0, 1, 71.37
1654325062, 293, 0, 1, 0, 0, 0.00%, 0, 0, 1, 72.73
1654325067, 296, 0, 1, 0, 0, 0.00%, 0, 0, 1, 77.68
1654325073, 299, 0, 1, 0, 0, 0.00%, 0, 0, 1, 79.14
1654325078, 303, 0, 1, 0, 0, 0.00%, 0, 0, 1, 79.12
1654325083, 306, 0, 1, 0, 0, 0.00%, 0, 0, 1, 79.23
1654325088, 309, 0, 1, 0, 0, 0.00%, 0, 0, 1, 76.52
1654325093, 312, 0, 1, 0, 0, 0.00%, 0, 0, 1, 77.80
1654325099, 312, 0, 1, 0, 0, 0.00%, 0, 1, 1, 1.38
1654325104, 315, 0, 1, 0, 0, 0.00%, 0, 1, 1, 75.33
1654325109, 318, 0, 1, 0, 0, 0.00%, 0, 1, 1, 73.92
1654325118, 320, 0, 1, 0, 0, 0.00%, 0, 2, 1, 0.99
1654325123, 324, 0, 1, 0, 0, 0.00%, 0, 2, 1, 78.37
1654325134, 327, 0, 1, 0, 0, 0.00%, 0, 2, 1, 77.60
1654325140, 328, 0, 1, 0, 0, 0.00%, 0, 2, 1, 0.40
1654325151, 331, 0, 1, 0, 0, 0.00%, 0, 2, 1, 74.95
1654325156, 334, 0, 1, 0, 0, 0.00%, 0, 2, 1, 78.16
1654325161, 338, 0, 1, 0, 0, 0.00%, 0, 2, 1, 80.48
1654325171, 341, 0, 1, 0, 0, 0.00%, 0, 2, 1, 0.20
1654325176, 344, 0, 1, 0, 0, 0.00%, 0, 2, 1, 80.75
1654325186, 346, 0, 1, 0, 0, 0.00%, 0, 2, 1, 0.79
1654325191, 350, 0, 1, 0, 0, 0.00%, 0, 2, 1, 81.52
1654325196, 353, 0, 1, 0, 0, 0.00%, 0, 2, 1, 80.86
1654325207, 356, 0, 1, 0, 0, 0.00%, 0, 2, 1, 73.20
1654325212, 359, 0, 1, 0, 0, 0.00%, 0, 2, 1, 77.90
1654325217, 362, 0, 1, 0, 0, 0.00%, 0, 2, 1, 78.38
1654325227, 365, 0, 1, 0, 0, 0.00%, 0, 2, 1, 0.20
1654325232, 368, 0, 1, 0, 0, 0.00%, 0, 2, 1, 79.46
1654325237, 371, 0, 1, 0, 0, 0.00%, 0, 2, 1, 79.23
1654325242, 374, 0, 1, 0, 0, 0.00%, 0, 2, 1, 73.90
1654325250, 376, 0, 1, 0, 0, 0.00%, 0, 2, 1, 3.27
1654325255, 379, 0, 1, 0, 0, 0.00%, 0, 2, 1, 81.93
1654325260, 382, 0, 1, 0, 0, 0.00%, 0, 2, 1, 80.76
1654325266, 383, 0, 1, 0, 0, 0.00%, 0, 2, 1, 1.38
1654325271, 386, 0, 1, 0, 0, 0.00%, 0, 2, 1, 78.53
1654325280, 389, 0, 1, 0, 0, 0.00%, 0, 2, 1, 1.56
1654325291, 392, 0, 1, 0, 0, 0.00%, 0, 2, 1, 75.19
1654325296, 395, 0, 1, 0, 0, 0.00%, 0, 2, 1, 78.18
1654325301, 399, 0, 1, 0, 0, 0.00%, 0, 2, 1, 77.97
1654325307, 402, 0, 1, 0, 0, 0.00%, 0, 2, 1, 79.14
1654325312, 405, 0, 1, 0, 0, 0.00%, 0, 2, 1, 81.26
1654325317, 408, 0, 1, 0, 0, 0.00%, 0, 2, 1, 80.31
1654325326, 411, 0, 1, 0, 0, 0.00%, 0, 2, 1, 1.18
1654325334, 413, 0, 1, 0, 0, 0.00%, 0, 2, 1, 1.18
1654325345, 417, 0, 1, 0, 0, 0.00%, 0, 2, 1, 80.08
1654325351, 420, 0, 1, 0, 0, 0.00%, 0, 2, 1, 80.16
1654325356, 423, 0, 1, 0, 0, 0.00%, 0, 2, 1, 75.26
1654325363, 424, 0, 1, 0, 0, 0.00%, 0, 2, 1, 2.70
1654325369, 425, 0, 1, 0, 0, 0.00%, 0, 2, 1, 0.20
1654325385, 429, 0, 1, 0, 0, 0.00%, 0, 2, 1, 96.81
1654325390, 432, 0, 1, 0, 0, 0.00%, 0, 2, 1, 80.83
1654325400, 436, 0, 1, 0, 0, 0.00%, 0, 2, 1, 2.33
1654325410, 440, 0, 1, 0, 0, 0.00%, 0, 2, 1, 3.51
1654325418, 444, 0, 1, 0, 0, 0.00%, 0, 2, 1, 5.05
1654325423, 449, 0, 1, 0, 0, 0.00%, 0, 2, 1, 118.48
1654325429, 450, 0, 1, 0, 0, 0.00%, 0, 2, 1, 5.05
1654325434, 453, 0, 1, 0, 0, 0.00%, 0, 2, 1, 95.97
1654325443, 455, 0, 1, 0, 0, 0.00%, 0, 2, 1, 1.18
1654325448, 458, 0, 1, 0, 0, 0.00%, 0, 2, 1, 77.55
1654325453, 461, 0, 1, 0, 0, 0.00%, 0, 2, 1, 74.07
1654325460, 462, 0, 1, 0, 0, 0.00%, 0, 2, 1, 0.40
1654325465, 466, 0, 1, 0, 0, 0.00%, 0, 2, 1, 78.09
1654325470, 469, 0, 1, 0, 0, 0.00%, 0, 2, 1, 79.54
1654325479, 471, 0, 1, 0, 0, 0.00%, 0, 2, 1, 1.18
1654325484, 474, 0, 1, 0, 0, 0.00%, 0, 2, 1, 70.89
1654325489, 477, 0, 1, 0, 0, 0.00%, 0, 2, 1, 77.88
1654325495, 480, 0, 1, 0, 0, 0.00%, 0, 2, 1, 74.45
1654325500, 483, 0, 1, 0, 0, 0.00%, 0, 2, 1, 77.47
1654325510, 487, 0, 1, 0, 0, 0.00%, 0, 2, 1, 80.37
1654325515, 490, 0, 1, 0, 0, 0.00%, 0, 2, 1, 79.41
1654325521, 493, 0, 1, 0, 0, 0.00%, 0, 2, 1, 80.05
1654325531, 496, 0, 1, 0, 0, 0.00%, 0, 2, 1, 0.59
1654325536, 499, 0, 1, 0, 0, 0.00%, 0, 2, 1, 78.12
1654325545, 502, 0, 1, 0, 0, 0.00%, 0, 2, 1, 1.76
1654325550, 506, 0, 1, 0, 0, 0.00%, 0, 2, 1, 77.93
1654325556, 509, 0, 1, 0, 0, 0.00%, 0, 2, 1, 78.99
1654325561, 512, 0, 1, 0, 0, 0.00%, 0, 2, 1, 79.34
1654325571, 515, 0, 1, 0, 0, 0.00%, 0, 2, 1, 76.25
1654325576, 518, 0, 1, 0, 0, 0.00%, 0, 2, 1, 80.37
1654325581, 522, 0, 1, 0, 0, 0.00%, 0, 2, 1, 80.06
1654325586, 524, 0, 1, 0, 0, 0.00%, 0, 2, 1, 72.89
1654325592, 528, 0, 1, 0, 0, 0.00%, 0, 2, 1, 78.63
1654325597, 531, 0, 1, 0, 0, 0.00%, 0, 2, 1, 79.76
1654325603, 532, 0, 1, 0, 0, 0.00%, 0, 2, 1, 0.40
1654325608, 535, 0, 1, 0, 0, 0.00%, 0, 2, 1, 79.95
1654325613, 538, 0, 1, 0, 0, 0.00%, 0, 2, 1, 73.68
1654325619, 541, 0, 1, 0, 0, 0.00%, 0, 2, 1, 77.91
1654325624, 544, 0, 1, 0, 0, 0.00%, 0, 2, 1, 79.82
1654325629, 548, 0, 1, 0, 0, 0.00%, 0, 2, 1, 76.68
1654325634, 550, 0, 1, 0, 0, 0.00%, 0, 2, 1, 73.43
1654325639, 553, 0, 1, 0, 0, 0.00%, 0, 2, 1, 72.29
1654325645, 554, 0, 1, 0, 0, 0.00%, 0, 2, 1, 3.27
1654325652, 555, 0, 1, 0, 0, 0.00%, 0, 2, 1, 0.79
1654325658, 558, 0, 1, 0, 0, 0.00%, 0, 2, 1, 76.24
1654325663, 561, 0, 1, 0, 0, 0.00%, 0, 2, 1, 77.95
1654325668, 564, 0, 1, 0, 0, 0.00%, 0, 2, 1, 75.78
1654325673, 567, 0, 1, 0, 0, 0.00%, 0, 2, 1, 78.65
1654325682, 570, 0, 1, 0, 0, 0.00%, 0, 2, 1, 0.60
1654325688, 574, 0, 1, 0, 0, 0.00%, 0, 2, 1, 80.33
1654325693, 577, 0, 1, 0, 0, 0.00%, 0, 2, 1, 78.63
