# unix_time, cycles_done, cur_path, paths_total, pending_total, pending_favs, map_size, unique_crashes, unique_hangs, max_depth, execs_per_sec
1621221132, 0, 0, 2, 2, 2, 1.99%, 0, 0, 1, 9.22
1621221137, 0, 0, 5, 5, 2, 2.00%, 0, 0, 2, 14.17
1621221142, 0, 0, 8, 8, 2, 2.03%, 0, 0, 2, 13.75
1621221147, 0, 0, 11, 11, 2, 2.03%, 0, 0, 2, 11.27
1621221157, 0, 0, 12, 12, 2, 2.03%, 0, 0, 2, 11.10
1621221167, 0, 0, 13, 13, 2, 2.03%, 0, 0, 2, 15.55
1621221218, 0, 0, 15, 15, 2, 2.03%, 0, 0, 2, 11.40
1621221249, 0, 0, 17, 17, 2, 2.03%, 0, 0, 2, 13.74
1621221321, 0, 0, 18, 18, 2, 2.03%, 0, 0, 2, 14.95
1621221326, 0, 0, 22, 22, 2, 2.05%, 0, 0, 2, 13.53
1621221387, 0, 0, 24, 24, 2, 2.05%, 0, 0, 2, 9.49
1621221392, 0, 0, 25, 25, 2, 2.05%, 0, 0, 2, 9.65
1621221397, 0, 0, 27, 27, 2, 2.05%, 0, 0, 2, 9.48
1621221402, 0, 0, 30, 30, 2, 2.05%, 0, 0, 2, 9.42
1621221407, 0, 0, 32, 32, 2, 2.09%, 0, 0, 2, 10.92
1621221412, 0, 0, 33, 33, 2, 2.09%, 0, 0, 2, 10.63
1621221556, 0, 0, 34, 34, 2, 2.09%, 0, 0, 2, 9.31
1621221561, 0, 0, 35, 35, 2, 2.09%, 0, 0, 2, 9.27
1621221581, 0, 0, 39, 39, 2, 2.09%, 0, 0, 2, 10.71
1621221587, 0, 0, 43, 43, 2, 2.09%, 0, 0, 2, 10.19
1621221592, 0, 0, 47, 47, 2, 2.09%, 0, 0, 2, 9.16
1621221597, 0, 0, 51, 51, 2, 2.09%, 0, 0, 2, 9.76
1621221602, 0, 0, 55, 55, 2, 2.09%, 0, 0, 2, 11.30
1621221607, 0, 0, 60, 60, 2, 2.09%, 0, 0, 2, 11.47
1621221612, 0, 0, 63, 63, 2, 2.09%, 0, 0, 2, 10.18
1621221617, 0, 0, 67, 67, 2, 2.09%, 0, 0, 2, 10.08
1621221622, 0, 0, 69, 69, 2, 2.09%, 0, 0, 2, 9.81
1621221627, 0, 0, 70, 70, 2, 2.09%, 0, 0, 2, 12.34
1621221632, 0, 0, 74, 74, 2, 2.09%, 0, 0, 2, 11.60
1621221643, 0, 0, 78, 78, 2, 2.09%, 0, 0, 2, 11.61
1621221648, 0, 0, 84, 84, 2, 2.09%, 0, 0, 2, 12.89
1621221653, 0, 0, 85, 85, 2, 2.09%, 0, 0, 2, 14.68
1621221658, 0, 0, 90, 90, 2, 2.09%, 0, 0, 2, 12.35
1621221663, 0, 0, 93, 93, 2, 2.09%, 0, 0, 2, 10.39
1621221668, 0, 0, 95, 95, 2, 2.09%, 0, 0, 2, 10.83
1621221673, 0, 0, 98, 98, 2, 2.09%, 0, 0, 2, 11.19
1621221678, 0, 0, 99, 99, 2, 2.09%, 0, 0, 2, 11.13
1621221684, 0, 0, 102, 102, 2, 2.09%, 0, 0, 2, 11.48
1621221694, 0, 0, 103, 103, 2, 2.09%, 0, 0, 2, 12.36
1621221699, 0, 0, 105, 105, 2, 2.09%, 0, 0, 2, 11.95
1621221704, 0, 0, 107, 107, 2, 2.09%, 0, 0, 2, 10.68
1621221709, 0, 0, 109, 109, 2, 2.09%, 0, 0, 2, 10.00
1621221714, 0, 0, 110, 110, 2, 2.09%, 0, 0, 2, 10.43
1621221719, 0, 0, 112, 112, 2, 2.09%, 0, 0, 2, 16.09
1621221724, 0, 0, 113, 113, 2, 2.09%, 0, 0, 2, 15.71
1621221730, 0, 0, 115, 115, 2, 2.09%, 0, 0, 2, 10.94
1621221745, 0, 0, 116, 116, 2, 2.09%, 0, 0, 2, 11.09
1621221750, 0, 0, 118, 118, 2, 2.09%, 0, 0, 2, 10.78
1621221755, 0, 0, 121, 121, 2, 2.09%, 0, 0, 2, 10.03
1621221760, 0, 0, 123, 123, 2, 2.09%, 0, 0, 2, 10.04
1621221765, 0, 0, 127, 127, 2, 2.09%, 0, 0, 2, 11.35
1621221781, 0, 0, 129, 129, 2, 2.09%, 0, 0, 2, 12.30
1621221786, 0, 0, 130, 130, 2, 2.09%, 0, 0, 2, 13.14
1621221791, 0, 0, 131, 131, 2, 2.09%, 0, 0, 2, 12.44
1621221796, 0, 0, 133, 133, 2, 2.09%, 0, 0, 2, 11.90
1621221812, 0, 0, 134, 134, 2, 2.09%, 0, 0, 2, 10.12
1621221827, 0, 0, 135, 135, 2, 2.09%, 0, 0, 2, 11.42
1621221832, 0, 0, 136, 136, 2, 2.09%, 0, 0, 2, 11.26
1621221888, 0, 0, 138, 138, 2, 2.09%, 0, 0, 2, 10.31
1621221904, 0, 0, 140, 140, 2, 2.09%, 0, 0, 2, 11.01
1621221919, 0, 0, 141, 141, 2, 2.09%, 0, 0, 2, 14.09
1621221960, 0, 0, 143, 143, 2, 2.09%, 0, 0, 2, 10.00
1621221965, 0, 0, 144, 144, 2, 2.09%, 0, 0, 2, 9.48
1621221986, 0, 2, 144, 143, 14, 2.09%, 0, 0, 2, 15.08
1621222073, 0, 2, 145, 144, 14, 2.09%, 0, 0, 3, 11.24
1621222104, 0, 5, 145, 143, 12, 2.09%, 0, 0, 3, 18.69
1621222328, 0, 5, 146, 144, 12, 2.10%, 0, 0, 3, 23.32
