# unix_time, cycles_done, cur_path, paths_total, pending_total, pending_favs, map_size, unique_crashes, unique_hangs, max_depth, execs_per_sec
1621225997, 0, 0, 5, 5, 1, 1.08%, 0, 0, 1, 13.33
1621226222, 0, 1, 5, 4, 0, 1.08%, 0, 0, 1, 24.12
1621226284, 0, 2, 5, 3, 0, 1.08%, 0, 0, 1, 24.17
1621226341, 0, 3, 5, 2, 0, 1.08%, 0, 0, 1, 24.11
1621226402, 0, 4, 5, 1, 0, 1.08%, 0, 0, 1, 23.37
1621226464, 1, 0, 5, 0, 0, 1.08%, 0, 0, 1, 24.23
1621226474, 1, 1, 5, 0, 0, 1.08%, 0, 0, 1, 23.95
1621226479, 1, 2, 5, 0, 0, 1.08%, 0, 0, 1, 24.03
1621226484, 1, 3, 5, 0, 0, 1.08%, 0, 0, 1, 24.20
1621226495, 2, 0, 5, 0, 0, 1.08%, 0, 0, 1, 24.09
1621226505, 2, 1, 5, 0, 0, 1.08%, 0, 0, 1, 24.27
1621226510, 2, 2, 5, 0, 0, 1.08%, 0, 0, 1, 24.22
1621226515, 2, 3, 5, 0, 0, 1.08%, 0, 0, 1, 24.31
1621226520, 2, 4, 5, 0, 0, 1.08%, 0, 0, 1, 24.40
1621226525, 3, 0, 5, 0, 0, 1.08%, 0, 0, 1, 24.02
1621226536, 3, 1, 5, 0, 0, 1.08%, 0, 0, 1, 24.11
1621226546, 3, 3, 5, 0, 0, 1.08%, 0, 0, 1, 24.36
1621226556, 3, 4, 5, 0, 0, 1.08%, 0, 0, 1, 23.60
1621226561, 4, 0, 5, 0, 0, 1.08%, 0, 0, 1, 24.25
1621226571, 4, 1, 5, 0, 0, 1.08%, 0, 0, 1, 24.23
1621226577, 4, 2, 5, 0, 0, 1.08%, 0, 0, 1, 24.10
1621226582, 4, 3, 5, 0, 0, 1.08%, 0, 0, 1, 24.04
1621226587, 4, 4, 5, 0, 0, 1.08%, 0, 0, 1, 24.15
1621226597, 5, 0, 5, 0, 0, 1.08%, 0, 0, 1, 24.21
1621226602, 5, 1, 5, 0, 0, 1.08%, 0, 0, 1, 24.02
1621226612, 5, 2, 5, 0, 0, 1.08%, 0, 0, 1, 24.26
1621226618, 5, 3, 5, 0, 0, 1.08%, 0, 0, 1, 24.16
1621226623, 5, 4, 5, 0, 0, 1.08%, 0, 0, 1, 24.40
1621226633, 6, 0, 5, 0, 0, 1.08%, 0, 0, 1, 24.03
1621226643, 6, 1, 5, 0, 0, 1.08%, 0, 0, 1, 24.23
1621226654, 6, 2, 5, 0, 0, 1.08%, 0, 0, 1, 24.20
1621226659, 6, 3, 5, 0, 0, 1.08%, 0, 0, 1, 23.59
1621226664, 6, 4, 5, 0, 0, 1.08%, 0, 0, 1, 24.01
1621226669, 7, 0, 5, 0, 0, 1.08%, 0, 0, 1, 24.29
1621226679, 7, 1, 5, 0, 0, 1.08%, 0, 0, 1, 24.20
1621226689, 7, 2, 5, 0, 0, 1.08%, 0, 0, 1, 24.23
1621226695, 7, 3, 5, 0, 0, 1.08%, 0, 0, 1, 24.27
1621226700, 7, 4, 5, 0, 0, 1.08%, 0, 0, 1, 23.84
1621226710, 8, 0, 5, 0, 0, 1.08%, 0, 0, 1, 24.14
1621226715, 8, 1, 5, 0, 0, 1.08%, 0, 0, 1, 23.96
1621226726, 8, 2, 5, 0, 0, 1.08%, 0, 0, 1, 24.11
1621226731, 8, 3, 5, 0, 0, 1.08%, 0, 0, 1, 23.98
1621226741, 8, 4, 5, 0, 0, 1.08%, 0, 0, 1, 23.81
1621226746, 9, 0, 5, 0, 0, 1.08%, 0, 0, 1, 24.00
1621226757, 9, 1, 5, 0, 0, 1.08%, 0, 0, 1, 24.09
1621226767, 9, 2, 5, 0, 0, 1.08%, 0, 0, 1, 23.94
1621226772, 9, 3, 5, 0, 0, 1.08%, 0, 0, 1, 24.09
1621226777, 9, 4, 5, 0, 0, 1.08%, 0, 0, 1, 24.08
1621226782, 10, 0, 5, 0, 0, 1.08%, 0, 0, 1, 24.08
1621226792, 10, 1, 5, 0, 0, 1.08%, 0, 0, 1, 24.09
1621226803, 10, 2, 5, 0, 0, 1.08%, 0, 0, 1, 24.29
1621226808, 10, 3, 5, 0, 0, 1.08%, 0, 0, 1, 24.18
1621226813, 10, 4, 5, 0, 0, 1.08%, 0, 0, 1, 24.10
1621226818, 11, 0, 5, 0, 0, 1.08%, 0, 0, 1, 24.13
1621226829, 11, 1, 5, 0, 0, 1.08%, 0, 0, 1, 24.16
1621226834, 11, 2, 5, 0, 0, 1.08%, 0, 0, 1, 24.29
1621226839, 11, 3, 5, 0, 0, 1.08%, 0, 0, 1, 24.27
1621226849, 12, 0, 5, 0, 0, 1.08%, 0, 0, 1, 24.24
1621226859, 12, 1, 5, 0, 0, 1.08%, 0, 0, 1, 24.25
1621226870, 12, 2, 5, 0, 0, 1.08%, 0, 0, 1, 24.08
1621226875, 12, 3, 5, 0, 0, 1.08%, 0, 0, 1, 24.20
1621226880, 12, 4, 5, 0, 0, 1.08%, 0, 0, 1, 24.10
1621226885, 13, 0, 5, 0, 0, 1.08%, 0, 0, 1, 24.21
1621226896, 13, 1, 5, 0, 0, 1.08%, 0, 0, 1, 24.22
1621226906, 13, 2, 5, 0, 0, 1.08%, 0, 0, 1, 24.08
1621226911, 13, 3, 5, 0, 0, 1.08%, 0, 0, 1, 24.30
1621226916, 13, 4, 5, 0, 0, 1.08%, 0, 0, 1, 24.07
1621226921, 14, 0, 5, 0, 0, 1.08%, 0, 0, 1, 24.35
1621226931, 14, 1, 5, 0, 0, 1.08%, 0, 0, 1, 24.12
1621226937, 14, 2, 5, 0, 0, 1.08%, 0, 0, 1, 24.37
1621226942, 14, 3, 5, 0, 0, 1.08%, 0, 0, 1, 24.38
1621226947, 14, 4, 5, 0, 0, 1.08%, 0, 0, 1, 23.96
1621226957, 15, 0, 5, 0, 0, 1.08%, 0, 0, 1, 24.24
1621226962, 15, 1, 5, 0, 0, 1.08%, 0, 0, 1, 23.99
1621226973, 15, 2, 5, 0, 0, 1.08%, 0, 0, 1, 24.13
1621226978, 15, 3, 5, 0, 0, 1.08%, 0, 0, 1, 24.15
1621226983, 15, 4, 5, 0, 0, 1.08%, 0, 0, 1, 24.06
1621226988, 16, 0, 5, 0, 0, 1.08%, 0, 0, 1, 24.15
1621226998, 16, 1, 5, 0, 0, 1.08%, 0, 0, 1, 24.18
1621227004, 16, 2, 5, 0, 0, 1.08%, 0, 0, 1, 24.04
1621227014, 16, 3, 5, 0, 0, 1.08%, 0, 0, 1, 23.99
1621227019, 16, 4, 5, 0, 0, 1.08%, 0, 0, 1, 24.13
1621227024, 17, 0, 5, 0, 0, 1.08%, 0, 0, 1, 24.05
1621227034, 17, 1, 5, 0, 0, 1.08%, 0, 0, 1, 24.27
1621227040, 17, 2, 5, 0, 0, 1.08%, 0, 0, 1, 24.05
1621227050, 17, 3, 5, 0, 0, 1.08%, 0, 0, 1, 24.07
1621227055, 17, 4, 5, 0, 0, 1.08%, 0, 0, 1, 24.22
1621227060, 18, 0, 5, 0, 0, 1.08%, 0, 0, 1, 24.03
1621227071, 18, 1, 5, 0, 0, 1.08%, 0, 0, 1, 24.21
1621227081, 18, 2, 5, 0, 0, 1.08%, 0, 0, 1, 24.08
1621227086, 18, 3, 5, 0, 0, 1.08%, 0, 0, 1, 24.03
1621227091, 18, 4, 5, 0, 0, 1.08%, 0, 0, 1, 24.13
1621227096, 19, 0, 5, 0, 0, 1.08%, 0, 0, 1, 24.07
1621227107, 19, 1, 5, 0, 0, 1.08%, 0, 0, 1, 24.20
1621227112, 19, 2, 5, 0, 0, 1.08%, 0, 0, 1, 24.04
1621227117, 19, 3, 5, 0, 0, 1.08%, 0, 0, 1, 22.00
1621227122, 19, 4, 5, 0, 0, 1.08%, 0, 0, 1, 23.71
1621227132, 20, 0, 5, 0, 0, 1.08%, 0, 0, 1, 24.12
1621227143, 20, 1, 5, 0, 0, 1.08%, 0, 0, 1, 23.97
1621227148, 20, 2, 5, 0, 0, 1.08%, 0, 0, 1, 23.85
1621227158, 20, 3, 5, 0, 0, 1.08%, 0, 0, 1, 24.00
1621227163, 20, 4, 5, 0, 0, 1.08%, 0, 0, 1, 24.11
1621227174, 21, 0, 5, 0, 0, 1.08%, 0, 0, 1, 24.15
1621227179, 21, 1, 5, 0, 0, 1.08%, 0, 0, 1, 24.24
1621227189, 21, 2, 5, 0, 0, 1.08%, 0, 0, 1, 24.40
1621227194, 21, 3, 6, 1, 0, 1.08%, 0, 0, 2, 27.39
