# unix_time, cycles_done, cur_path, paths_total, pending_total, pending_favs, map_size, unique_crashes, unique_hangs, max_depth, execs_per_sec
1619733686, 0, 0, 4, 4, 2, 14.06%, 0, 0, 1, 139.43
1619733691, 0, 1, 12, 12, 2, 15.38%, 0, 0, 2, 155.63
1619733696, 0, 1, 18, 18, 2, 15.45%, 0, 0, 2, 157.20
1619733701, 0, 1, 27, 27, 2, 16.14%, 0, 0, 2, 153.38
1619733706, 0, 1, 32, 32, 2, 16.15%, 0, 0, 2, 151.22
1619733711, 0, 1, 37, 37, 2, 16.15%, 0, 0, 2, 152.95
1619733716, 0, 1, 38, 38, 2, 16.15%, 0, 0, 2, 154.21
1619733721, 0, 1, 40, 40, 2, 16.15%, 0, 0, 2, 157.05
1619733726, 0, 1, 41, 41, 2, 16.15%, 0, 0, 2, 156.89
1619733736, 0, 1, 42, 42, 2, 16.15%, 0, 0, 2, 151.37
1619733741, 0, 1, 47, 47, 2, 16.15%, 0, 0, 2, 150.50
1619733746, 0, 1, 53, 53, 2, 16.15%, 0, 0, 2, 150.33
1619733751, 0, 1, 57, 57, 2, 16.15%, 0, 0, 2, 152.58
1619733756, 0, 1, 59, 59, 2, 16.15%, 0, 0, 2, 152.38
1619733762, 0, 1, 63, 63, 2, 16.15%, 0, 0, 2, 152.28
1619733767, 0, 1, 64, 64, 2, 16.15%, 0, 0, 2, 151.44
1619733772, 0, 1, 65, 65, 2, 16.15%, 0, 0, 2, 152.68
1619733787, 0, 1, 66, 66, 2, 16.15%, 0, 0, 2, 152.78
1619733792, 0, 1, 67, 67, 2, 16.15%, 0, 0, 2, 149.65
1619733802, 0, 1, 73, 73, 2, 16.15%, 0, 0, 2, 153.94
1619733818, 0, 1, 74, 74, 2, 16.15%, 0, 0, 2, 150.78
1619733823, 0, 1, 75, 75, 2, 16.15%, 0, 0, 2, 153.07
1619733833, 0, 1, 76, 76, 2, 16.15%, 0, 0, 2, 157.55
1619733848, 0, 1, 77, 77, 2, 16.15%, 0, 0, 2, 161.97
1619733853, 0, 1, 78, 78, 2, 16.15%, 0, 0, 2, 160.74
1619733858, 0, 1, 79, 79, 2, 16.15%, 0, 0, 2, 156.84
1619733878, 0, 1, 80, 80, 2, 16.15%, 0, 0, 2, 155.94
1619733889, 0, 1, 81, 81, 2, 16.15%, 0, 0, 2, 156.72
1619733894, 0, 1, 93, 93, 2, 16.15%, 0, 0, 2, 149.37
1619733899, 0, 1, 114, 114, 2, 16.15%, 0, 0, 2, 145.58
1619733904, 0, 1, 125, 125, 2, 16.15%, 0, 0, 2, 146.86
1619733909, 0, 1, 136, 136, 2, 17.20%, 0, 0, 2, 182.65
1619733914, 0, 1, 138, 138, 2, 17.20%, 0, 0, 2, 155.58
1619733919, 0, 1, 139, 139, 2, 17.20%, 0, 0, 2, 149.89
1619733924, 0, 1, 142, 142, 2, 17.20%, 0, 0, 2, 165.87
1619733929, 0, 1, 143, 143, 2, 17.20%, 0, 0, 2, 147.38
1619733934, 0, 1, 144, 144, 2, 17.20%, 0, 0, 2, 145.62
1619733939, 0, 1, 146, 146, 2, 17.20%, 0, 0, 2, 149.16
1619733960, 0, 1, 148, 148, 2, 17.20%, 0, 0, 2, 150.26
1619733965, 0, 1, 149, 149, 2, 17.20%, 0, 0, 2, 144.45
1619733975, 0, 1, 154, 154, 2, 17.20%, 0, 0, 2, 174.61
1619733980, 0, 1, 159, 159, 2, 17.20%, 0, 0, 2, 179.41
1619733985, 0, 1, 161, 161, 2, 17.20%, 0, 0, 2, 181.72
1619733990, 0, 1, 163, 163, 2, 17.22%, 0, 0, 2, 187.49
1619734001, 0, 1, 164, 164, 2, 17.23%, 0, 0, 2, 186.80
1619734006, 0, 1, 165, 165, 2, 17.23%, 0, 0, 2, 183.47
1619734016, 0, 1, 167, 167, 2, 17.23%, 0, 0, 2, 188.38
1619734021, 0, 1, 168, 168, 2, 17.23%, 0, 0, 2, 183.18
1619734026, 0, 1, 170, 170, 2, 17.23%, 0, 0, 2, 177.67
1619734036, 0, 1, 171, 171, 2, 17.23%, 0, 0, 2, 180.83
1619734041, 0, 1, 172, 172, 2, 17.23%, 0, 0, 2, 178.43
1619734046, 0, 1, 173, 173, 2, 17.26%, 0, 0, 2, 177.74
1619734072, 0, 1, 174, 174, 2, 17.26%, 0, 0, 2, 181.27
1619734082, 0, 1, 175, 175, 2, 17.26%, 0, 0, 2, 175.83
1619734092, 0, 1, 176, 176, 2, 17.26%, 0, 0, 2, 179.42
1619734102, 0, 1, 178, 178, 2, 17.26%, 0, 0, 2, 178.06
1619734130, 0, 1, 180, 180, 2, 17.26%, 0, 0, 2, 0.32
1619734135, 0, 1, 184, 184, 2, 17.81%, 0, 0, 2, 744.92
1619734140, 0, 18, 187, 186, 15, 17.81%, 0, 0, 2, 714.46
1619734145, 0, 18, 188, 187, 15, 17.81%, 0, 0, 3, 765.27
1619734150, 0, 18, 191, 190, 15, 17.81%, 0, 0, 3, 792.22
1619734156, 0, 18, 192, 191, 15, 17.81%, 0, 0, 3, 790.13
1619734161, 0, 18, 193, 192, 15, 17.81%, 0, 0, 3, 791.78
1619734166, 0, 18, 194, 193, 15, 17.81%, 0, 0, 3, 929.17
1619734181, 0, 18, 195, 194, 15, 17.81%, 0, 0, 3, 776.03
1619734196, 0, 38, 195, 193, 14, 17.81%, 0, 0, 3, 807.42
1619734201, 0, 38, 196, 194, 14, 17.81%, 0, 0, 3, 797.50
1619734221, 0, 38, 198, 196, 14, 17.81%, 0, 0, 3, 755.35
1619734226, 0, 38, 199, 197, 14, 17.81%, 0, 0, 3, 791.48
1619734237, 0, 40, 199, 196, 13, 17.81%, 0, 0, 3, 766.56
1619734242, 0, 40, 200, 197, 13, 17.81%, 0, 0, 3, 772.41
1619734247, 0, 40, 201, 198, 13, 17.81%, 0, 0, 3, 779.43
1619734252, 0, 40, 203, 200, 13, 17.81%, 0, 0, 3, 756.18
1619734257, 0, 40, 204, 201, 13, 17.81%, 0, 0, 3, 779.89
1619734267, 0, 40, 205, 202, 13, 17.81%, 0, 0, 3, 772.32
1619734277, 0, 40, 206, 203, 13, 17.81%, 0, 0, 3, 764.75
1619734282, 0, 47, 208, 204, 12, 17.81%, 0, 0, 3, 796.74
1619734287, 0, 47, 210, 206, 12, 17.81%, 0, 0, 3, 780.98
1619734323, 0, 71, 211, 206, 11, 17.81%, 0, 0, 3, 804.36
1619734333, 0, 71, 212, 207, 11, 17.81%, 0, 0, 3, 798.95
1619734344, 0, 71, 213, 208, 11, 17.81%, 0, 0, 3, 793.02
1619734354, 0, 71, 214, 209, 11, 17.81%, 0, 0, 3, 789.23
1619734364, 0, 71, 215, 210, 11, 17.81%, 0, 0, 3, 789.78
1619734410, 0, 71, 216, 211, 11, 17.81%, 0, 0, 3, 792.83
1619734425, 0, 71, 217, 212, 11, 17.81%, 0, 0, 3, 810.51
1619734460, 0, 135, 217, 211, 10, 17.81%, 0, 0, 3, 877.11
1619734491, 0, 135, 218, 212, 10, 17.81%, 0, 0, 3, 801.09
1619734522, 0, 135, 219, 213, 10, 17.81%, 0, 0, 3, 785.76
1619734532, 0, 135, 220, 214, 10, 17.81%, 0, 0, 3, 789.41
1619734542, 0, 156, 220, 213, 9, 17.81%, 0, 0, 3, 789.27
1619734547, 0, 162, 221, 213, 8, 17.81%, 0, 0, 3, 810.03
1619734572, 0, 162, 222, 214, 8, 17.81%, 0, 0, 3, 793.61
1619734588, 0, 162, 223, 215, 8, 17.81%, 0, 0, 3, 810.78
1619734649, 0, 163, 223, 214, 7, 17.81%, 0, 0, 3, 788.69
1619734664, 0, 163, 224, 215, 7, 17.81%, 0, 0, 3, 763.15
1619734684, 0, 163, 225, 216, 7, 17.81%, 0, 0, 3, 748.85
1619734827, 0, 163, 226, 217, 7, 17.81%, 0, 0, 3, 781.53
1619734832, 0, 167, 226, 216, 6, 17.81%, 0, 0, 3, 789.59
1619734888, 0, 167, 228, 218, 6, 17.88%, 0, 0, 3, 768.04
