# unix_time, cycles_done, cur_path, paths_total, pending_total, pending_favs, map_size, unique_crashes, unique_hangs, max_depth, execs_per_sec
1621245467, 0, 0, 3, 3, 1, 1.08%, 0, 0, 1, 14.37
1621245771, 0, 1, 3, 2, 0, 1.08%, 0, 0, 1, 27.87
1621245827, 0, 2, 3, 1, 0, 1.08%, 0, 0, 1, 28.11
1621245879, 2, 1, 3, 0, 0, 1.08%, 0, 0, 1, 27.90
1621245884, 4, 1, 3, 0, 0, 1.08%, 0, 0, 1, 27.95
1621245889, 6, 1, 3, 0, 0, 1.08%, 0, 0, 1, 27.91
1621245894, 8, 1, 3, 0, 0, 1.08%, 0, 0, 1, 27.93
1621245899, 10, 0, 3, 0, 0, 1.08%, 0, 0, 1, 27.92
1621245904, 12, 0, 3, 0, 0, 1.08%, 0, 0, 1, 27.92
1621245909, 14, 0, 3, 0, 0, 1.08%, 0, 0, 1, 27.96
1621245915, 16, 0, 3, 0, 0, 1.08%, 0, 0, 1, 27.98
1621245920, 18, 0, 3, 0, 0, 1.08%, 0, 0, 1, 28.03
1621245925, 19, 2, 3, 0, 0, 1.08%, 0, 0, 1, 28.04
1621245930, 21, 2, 3, 0, 0, 1.08%, 0, 0, 1, 28.05
1621245935, 23, 2, 3, 0, 0, 1.08%, 0, 0, 1, 28.03
1621245940, 25, 2, 3, 0, 0, 1.08%, 0, 0, 1, 28.04
1621245945, 27, 1, 3, 0, 0, 1.08%, 0, 0, 1, 27.94
1621245951, 29, 1, 3, 0, 0, 1.08%, 0, 0, 1, 28.04
1621245956, 31, 1, 3, 0, 0, 1.08%, 0, 0, 1, 28.05
1621245961, 33, 1, 3, 0, 0, 1.08%, 0, 0, 1, 27.96
1621245966, 35, 0, 3, 0, 0, 1.08%, 0, 0, 1, 28.03
1621245971, 37, 0, 3, 0, 0, 1.08%, 0, 0, 1, 28.02
1621245976, 39, 0, 3, 0, 0, 1.08%, 0, 0, 1, 27.87
1621245981, 41, 0, 3, 0, 0, 1.08%, 0, 0, 1, 28.00
1621245987, 42, 2, 3, 0, 0, 1.08%, 0, 0, 1, 28.03
1621245992, 44, 2, 3, 0, 0, 1.08%, 0, 0, 1, 27.84
1621245997, 46, 2, 3, 0, 0, 1.08%, 0, 0, 1, 27.87
1621246002, 48, 2, 3, 0, 0, 1.08%, 0, 0, 1, 27.85
1621246007, 50, 1, 3, 0, 0, 1.08%, 0, 0, 1, 28.00
1621246012, 52, 1, 3, 0, 0, 1.08%, 0, 0, 1, 27.92
1621246018, 54, 1, 3, 0, 0, 1.08%, 0, 0, 1, 27.86
1621246023, 56, 1, 3, 0, 0, 1.08%, 0, 0, 1, 27.98
1621246028, 58, 0, 3, 0, 0, 1.08%, 0, 0, 1, 28.03
1621246033, 60, 0, 3, 0, 0, 1.08%, 0, 0, 1, 27.93
1621246038, 62, 0, 3, 0, 0, 1.08%, 0, 0, 1, 27.84
1621246043, 64, 0, 3, 0, 0, 1.08%, 0, 0, 1, 27.83
1621246049, 65, 2, 3, 0, 0, 1.08%, 0, 0, 1, 27.88
1621246054, 67, 2, 3, 0, 0, 1.08%, 0, 0, 1, 27.90
1621246059, 69, 2, 3, 0, 0, 1.08%, 0, 0, 1, 27.81
1621246064, 71, 2, 3, 0, 0, 1.08%, 0, 0, 1, 27.92
1621246069, 73, 2, 3, 0, 0, 1.08%, 0, 0, 1, 27.90
1621246074, 75, 1, 3, 0, 0, 1.08%, 0, 0, 1, 27.89
1621246079, 77, 1, 3, 0, 0, 1.08%, 0, 0, 1, 27.79
1621246085, 79, 1, 3, 0, 0, 1.08%, 0, 0, 1, 27.97
1621246090, 81, 1, 3, 0, 0, 1.08%, 0, 0, 1, 27.94
1621246095, 83, 0, 3, 0, 0, 1.08%, 0, 0, 1, 28.02
1621246100, 85, 0, 3, 0, 0, 1.08%, 0, 0, 1, 28.05
1621246105, 87, 0, 3, 0, 0, 1.08%, 0, 0, 1, 28.02
1621246110, 89, 0, 3, 0, 0, 1.08%, 0, 0, 1, 27.98
1621246116, 90, 2, 3, 0, 0, 1.08%, 0, 0, 1, 27.80
1621246121, 92, 2, 3, 0, 0, 1.08%, 0, 0, 1, 27.96
1621246126, 94, 2, 3, 0, 0, 1.08%, 0, 0, 1, 28.06
1621246131, 96, 2, 3, 0, 0, 1.08%, 0, 0, 1, 28.04
1621246136, 98, 1, 3, 0, 0, 1.08%, 0, 0, 1, 27.94
1621246141, 100, 1, 3, 0, 0, 1.08%, 0, 0, 1, 27.92
1621246146, 102, 1, 3, 0, 0, 1.08%, 0, 0, 1, 27.99
1621246152, 104, 1, 3, 0, 0, 1.08%, 0, 0, 1, 27.96
1621246157, 106, 0, 3, 0, 0, 1.08%, 0, 0, 1, 27.94
1621246162, 108, 0, 3, 0, 0, 1.08%, 0, 0, 1, 27.86
1621246167, 110, 0, 3, 0, 0, 1.08%, 0, 0, 1, 27.88
1621246172, 112, 0, 3, 0, 0, 1.08%, 0, 0, 1, 27.95
1621246177, 113, 2, 3, 0, 0, 1.08%, 0, 0, 1, 27.89
1621246182, 115, 2, 3, 0, 0, 1.08%, 0, 0, 1, 28.00
1621246188, 117, 2, 3, 0, 0, 1.08%, 0, 0, 1, 27.98
1621246193, 119, 2, 3, 0, 0, 1.08%, 0, 0, 1, 27.98
1621246198, 121, 1, 3, 0, 0, 1.08%, 0, 0, 1, 28.02
1621246203, 123, 1, 3, 0, 0, 1.08%, 0, 0, 1, 27.92
1621246208, 125, 1, 3, 0, 0, 1.08%, 0, 0, 1, 28.02
1621246213, 127, 1, 3, 0, 0, 1.08%, 0, 0, 1, 27.99
1621246219, 129, 0, 3, 0, 0, 1.08%, 0, 0, 1, 28.00
1621246224, 131, 0, 3, 0, 0, 1.08%, 0, 0, 1, 28.12
1621246230, 131, 1, 3, 0, 0, 1.08%, 0, 1, 1, 0.78
1621246235, 133, 1, 3, 0, 0, 1.08%, 0, 1, 1, 27.70
1621246245, 135, 1, 3, 0, 0, 1.08%, 0, 2, 1, 0.78
1621246255, 137, 1, 3, 0, 0, 1.08%, 0, 2, 1, 27.78
1621246261, 139, 1, 3, 0, 0, 1.08%, 0, 2, 1, 27.80
1621246266, 141, 1, 3, 0, 0, 1.08%, 0, 2, 1, 27.80
1621246271, 143, 0, 3, 0, 0, 1.08%, 0, 2, 1, 27.85
1621246276, 145, 0, 3, 0, 0, 1.08%, 0, 2, 1, 27.88
1621246281, 147, 0, 3, 0, 0, 1.08%, 0, 2, 1, 27.93
1621246286, 149, 0, 3, 0, 0, 1.08%, 0, 2, 1, 27.85
1621246292, 150, 2, 3, 0, 0, 1.08%, 0, 2, 1, 27.89
1621246297, 152, 2, 3, 0, 0, 1.08%, 0, 2, 1, 27.89
1621246302, 154, 2, 3, 0, 0, 1.08%, 0, 2, 1, 28.01
1621246307, 156, 2, 3, 0, 0, 1.08%, 0, 2, 1, 27.92
1621246312, 158, 1, 3, 0, 0, 1.08%, 0, 2, 1, 28.02
1621246317, 160, 1, 3, 0, 0, 1.08%, 0, 2, 1, 28.03
1621246322, 162, 1, 3, 0, 0, 1.08%, 0, 2, 1, 28.06
1621246328, 164, 1, 3, 0, 0, 1.08%, 0, 2, 1, 27.91
1621246333, 166, 0, 3, 0, 0, 1.08%, 0, 2, 1, 27.84
1621246338, 168, 0, 3, 0, 0, 1.08%, 0, 2, 1, 27.97
1621246343, 170, 0, 3, 0, 0, 1.08%, 0, 2, 1, 27.99
1621246348, 172, 0, 3, 0, 0, 1.08%, 0, 2, 1, 27.91
1621246353, 173, 2, 3, 0, 0, 1.08%, 0, 2, 1, 27.93
1621246363, 175, 2, 3, 0, 0, 1.08%, 0, 2, 1, 0.78
1621246369, 177, 2, 3, 0, 0, 1.08%, 0, 2, 1, 27.69
1621246375, 178, 1, 3, 0, 0, 1.08%, 0, 2, 1, 0.20
1621246380, 180, 0, 3, 0, 0, 1.08%, 0, 2, 1, 27.68
1621246386, 182, 0, 3, 0, 0, 1.08%, 0, 2, 1, 27.68
1621246391, 184, 0, 3, 0, 0, 1.08%, 0, 2, 1, 27.77
1621246396, 186, 0, 3, 0, 0, 1.08%, 0, 2, 1, 27.86
1621246401, 187, 2, 3, 0, 0, 1.08%, 0, 2, 1, 27.92
1621246406, 189, 2, 3, 0, 0, 1.08%, 0, 2, 1, 27.63
1621246411, 191, 2, 3, 0, 0, 1.08%, 0, 2, 1, 27.88
1621246416, 193, 2, 3, 0, 0, 1.08%, 0, 2, 1, 28.02
1621246422, 195, 1, 3, 0, 0, 1.08%, 0, 2, 1, 27.99
1621246427, 197, 1, 3, 0, 0, 1.08%, 0, 2, 1, 28.03
1621246432, 199, 1, 3, 0, 0, 1.08%, 0, 2, 1, 27.93
1621246437, 201, 1, 3, 0, 0, 1.08%, 0, 2, 1, 27.96
1621246442, 203, 0, 3, 0, 0, 1.08%, 0, 2, 1, 27.89
1621246447, 205, 0, 3, 0, 0, 1.08%, 0, 2, 1, 27.92
1621246452, 207, 0, 3, 0, 0, 1.08%, 0, 2, 1, 28.01
1621246458, 209, 0, 3, 0, 0, 1.08%, 0, 2, 1, 28.02
1621246463, 210, 2, 3, 0, 0, 1.08%, 0, 2, 1, 27.85
1621246468, 212, 2, 3, 0, 0, 1.08%, 0, 2, 1, 27.88
1621246473, 214, 2, 3, 0, 0, 1.08%, 0, 2, 1, 27.69
1621246478, 216, 2, 3, 0, 0, 1.08%, 0, 2, 1, 27.92
1621246483, 218, 1, 3, 0, 0, 1.08%, 0, 2, 1, 27.90
1621246489, 220, 1, 3, 0, 0, 1.08%, 0, 2, 1, 27.71
1621246494, 222, 1, 3, 0, 0, 1.08%, 0, 2, 1, 27.75
1621246499, 224, 1, 3, 0, 0, 1.08%, 0, 2, 1, 27.78
1621246504, 226, 0, 3, 0, 0, 1.08%, 0, 2, 1, 27.77
1621246509, 228, 0, 3, 0, 0, 1.08%, 0, 2, 1, 27.84
1621246515, 230, 0, 3, 0, 0, 1.08%, 0, 2, 1, 27.89
1621246520, 232, 0, 3, 0, 0, 1.08%, 0, 2, 1, 27.61
1621246525, 233, 2, 3, 0, 0, 1.08%, 0, 2, 1, 27.91
1621246530, 235, 2, 3, 0, 0, 1.08%, 0, 2, 1, 27.73
1621246535, 237, 2, 3, 0, 0, 1.08%, 0, 2, 1, 27.63
1621246540, 239, 2, 3, 0, 0, 1.08%, 0, 2, 1, 27.88
1621246546, 241, 1, 3, 0, 0, 1.08%, 0, 2, 1, 27.90
1621246551, 243, 1, 3, 0, 0, 1.08%, 0, 2, 1, 27.87
1621246556, 245, 1, 3, 0, 0, 1.08%, 0, 2, 1, 27.92
1621246561, 247, 1, 3, 0, 0, 1.08%, 0, 2, 1, 27.91
1621246566, 249, 1, 3, 0, 0, 1.08%, 0, 2, 1, 27.99
1621246571, 251, 0, 3, 0, 0, 1.08%, 0, 2, 1, 28.03
1621246577, 253, 0, 3, 0, 0, 1.08%, 0, 2, 1, 28.03
1621246582, 255, 0, 3, 0, 0, 1.08%, 0, 2, 1, 27.95
1621246587, 257, 0, 3, 0, 0, 1.08%, 0, 2, 1, 27.99
1621246598, 259, 0, 3, 0, 0, 1.08%, 0, 2, 1, 27.77
1621246603, 261, 0, 3, 0, 0, 1.08%, 0, 2, 1, 27.71
1621246608, 263, 0, 3, 0, 0, 1.08%, 0, 2, 1, 27.94
1621246616, 264, 0, 3, 0, 0, 1.08%, 0, 2, 1, 0.20
1621246621, 265, 2, 3, 0, 0, 1.08%, 0, 2, 1, 27.82
1621246626, 267, 2, 3, 0, 0, 1.08%, 0, 2, 1, 27.92
1621246631, 269, 2, 3, 0, 0, 1.08%, 0, 2, 1, 27.63
1621246636, 271, 1, 3, 0, 0, 1.08%, 0, 2, 1, 27.58
1621246641, 273, 1, 3, 0, 0, 1.08%, 0, 2, 1, 27.52
1621246646, 275, 0, 3, 0, 0, 1.08%, 0, 2, 1, 27.57
1621246651, 277, 0, 3, 0, 0, 1.08%, 0, 2, 1, 27.78
1621246657, 279, 0, 3, 0, 0, 1.08%, 0, 2, 1, 27.83
1621246662, 281, 0, 3, 0, 0, 1.08%, 0, 2, 1, 27.67
1621246667, 282, 2, 4, 1, 0, 1.08%, 0, 2, 2, 30.86
