# unix_time, cycles_done, cur_path, paths_total, pending_total, pending_favs, map_size, unique_crashes, unique_hangs, max_depth, execs_per_sec
1621227212, 0, 0, 3, 3, 1, 1.08%, 0, 0, 1, 13.60
1621227509, 0, 1, 3, 2, 0, 1.08%, 0, 0, 1, 24.39
1621227570, 0, 2, 3, 1, 0, 1.08%, 0, 0, 1, 24.37
1621227631, 2, 0, 3, 0, 0, 1.08%, 0, 0, 1, 23.84
1621227636, 3, 2, 3, 0, 0, 1.08%, 0, 0, 1, 23.19
1621227642, 5, 1, 3, 0, 0, 1.08%, 0, 0, 1, 24.06
1621227647, 6, 2, 3, 0, 0, 1.08%, 0, 0, 1, 23.51
1621227652, 8, 1, 3, 0, 0, 1.08%, 0, 0, 1, 23.88
1621227657, 10, 0, 3, 0, 0, 1.08%, 0, 0, 1, 24.49
1621227662, 11, 2, 3, 0, 0, 1.08%, 0, 0, 1, 24.41
1621227667, 13, 1, 3, 0, 0, 1.08%, 0, 0, 1, 24.58
1621227672, 15, 0, 3, 0, 0, 1.08%, 0, 0, 1, 24.46
1621227677, 16, 2, 3, 0, 0, 1.08%, 0, 0, 1, 24.35
1621227683, 18, 1, 3, 0, 0, 1.08%, 0, 0, 1, 24.46
1621227688, 20, 0, 3, 0, 0, 1.08%, 0, 0, 1, 24.07
1621227693, 21, 2, 3, 0, 0, 1.08%, 0, 0, 1, 24.70
1621227698, 23, 1, 3, 0, 0, 1.08%, 0, 0, 1, 24.69
1621227703, 25, 1, 3, 0, 0, 1.08%, 0, 0, 1, 24.28
1621227708, 26, 2, 3, 0, 0, 1.08%, 0, 0, 1, 24.35
1621227714, 28, 2, 3, 0, 0, 1.08%, 0, 0, 1, 24.30
1621227719, 30, 1, 3, 0, 0, 1.08%, 0, 0, 1, 24.38
1621227724, 32, 0, 3, 0, 0, 1.08%, 0, 0, 1, 24.13
1621227729, 33, 2, 3, 0, 0, 1.08%, 0, 0, 1, 23.67
1621227734, 35, 0, 3, 0, 0, 1.08%, 0, 0, 1, 23.79
1621227739, 36, 2, 3, 0, 0, 1.08%, 0, 0, 1, 24.04
1621227744, 38, 1, 3, 0, 0, 1.08%, 0, 0, 1, 24.54
1621227749, 40, 0, 3, 0, 0, 1.08%, 0, 0, 1, 24.74
1621227754, 41, 2, 3, 0, 0, 1.08%, 0, 0, 1, 24.12
1621227760, 43, 1, 3, 0, 0, 1.08%, 0, 0, 1, 23.68
1621227765, 45, 0, 3, 0, 0, 1.08%, 0, 0, 1, 23.40
1621227770, 46, 2, 3, 0, 0, 1.08%, 0, 0, 1, 23.98
1621227775, 48, 1, 3, 0, 0, 1.08%, 0, 0, 1, 23.72
1621227780, 50, 0, 3, 0, 0, 1.08%, 0, 0, 1, 23.94
1621227785, 51, 1, 3, 0, 0, 1.08%, 0, 0, 1, 24.21
1621227790, 53, 0, 3, 0, 0, 1.08%, 0, 0, 1, 23.97
1621227795, 54, 2, 3, 0, 0, 1.08%, 0, 0, 1, 23.43
1621227800, 56, 1, 3, 0, 0, 1.08%, 0, 0, 1, 23.96
1621227806, 58, 0, 3, 0, 0, 1.08%, 0, 0, 1, 24.10
1621227811, 59, 2, 3, 0, 0, 1.08%, 0, 0, 1, 24.28
1621227816, 61, 1, 3, 0, 0, 1.08%, 0, 0, 1, 24.19
1621227821, 63, 0, 3, 0, 0, 1.08%, 0, 0, 1, 24.07
1621227826, 64, 2, 3, 0, 0, 1.08%, 0, 0, 1, 23.91
1621227831, 66, 1, 3, 0, 0, 1.08%, 0, 0, 1, 24.25
1621227837, 68, 0, 3, 0, 0, 1.08%, 0, 0, 1, 24.43
1621227842, 69, 2, 3, 0, 0, 1.08%, 0, 0, 1, 24.13
1621227847, 71, 0, 3, 0, 0, 1.08%, 0, 0, 1, 22.12
1621227852, 72, 2, 3, 0, 0, 1.08%, 0, 0, 1, 23.45
1621227859, 73, 2, 3, 0, 0, 1.08%, 0, 1, 1, 0.78
1621227866, 74, 0, 3, 0, 0, 1.08%, 0, 1, 1, 0.78
1621227871, 75, 2, 3, 0, 0, 1.08%, 0, 1, 1, 23.91
1621227876, 77, 1, 3, 0, 0, 1.08%, 0, 1, 1, 23.48
1621227881, 78, 2, 3, 0, 0, 1.08%, 0, 1, 1, 23.66
1621227886, 80, 2, 3, 0, 0, 1.08%, 0, 1, 1, 24.29
1621227891, 82, 0, 3, 0, 0, 1.08%, 0, 1, 1, 24.13
1621227896, 83, 2, 3, 0, 0, 1.08%, 0, 1, 1, 24.25
1621227902, 85, 1, 3, 0, 0, 1.08%, 0, 1, 1, 23.85
1621227907, 87, 0, 3, 0, 0, 1.08%, 0, 1, 1, 24.12
1621227912, 88, 2, 3, 0, 0, 1.08%, 0, 1, 1, 24.04
1621227917, 90, 1, 3, 0, 0, 1.08%, 0, 1, 1, 23.97
1621227922, 92, 0, 3, 0, 0, 1.08%, 0, 1, 1, 24.03
1621227927, 93, 2, 3, 0, 0, 1.08%, 0, 1, 1, 24.14
1621227934, 94, 1, 3, 0, 0, 1.08%, 0, 1, 1, 0.78
1621227939, 96, 0, 3, 0, 0, 1.08%, 0, 1, 1, 24.07
1621227944, 97, 2, 3, 0, 0, 1.08%, 0, 1, 1, 23.99
1621227949, 99, 1, 3, 0, 0, 1.08%, 0, 1, 1, 24.09
1621227955, 101, 0, 3, 0, 0, 1.08%, 0, 1, 1, 24.84
1621227960, 102, 2, 3, 0, 0, 1.08%, 0, 1, 1, 24.61
1621227966, 103, 0, 3, 0, 0, 1.08%, 0, 1, 1, 0.78
1621227971, 104, 2, 3, 0, 0, 1.08%, 0, 1, 1, 23.78
1621227976, 106, 1, 3, 0, 0, 1.08%, 0, 1, 1, 24.68
1621227981, 108, 0, 3, 0, 0, 1.08%, 0, 1, 1, 24.98
1621227986, 110, 0, 3, 0, 0, 1.08%, 0, 1, 1, 24.90
1621227992, 111, 2, 3, 0, 0, 1.08%, 0, 1, 1, 24.85
1621227997, 113, 1, 3, 0, 0, 1.08%, 0, 1, 1, 24.60
1621228002, 115, 0, 3, 0, 0, 1.08%, 0, 1, 1, 24.42
1621228007, 116, 2, 3, 0, 0, 1.08%, 0, 1, 1, 24.25
1621228015, 117, 2, 3, 0, 0, 1.08%, 0, 1, 1, 1.15
1621228020, 119, 0, 3, 0, 0, 1.08%, 0, 1, 1, 23.51
1621228025, 120, 2, 3, 0, 0, 1.08%, 0, 1, 1, 24.25
1621228031, 121, 0, 3, 0, 0, 1.08%, 0, 1, 1, 0.20
1621228036, 122, 2, 3, 0, 0, 1.08%, 0, 1, 1, 24.47
1621228041, 124, 1, 3, 0, 0, 1.08%, 0, 1, 1, 24.41
1621228046, 126, 0, 3, 0, 0, 1.08%, 0, 1, 1, 24.78
1621228051, 127, 2, 3, 0, 0, 1.08%, 0, 1, 1, 24.50
1621228056, 129, 1, 3, 0, 0, 1.08%, 0, 1, 1, 24.60
1621228064, 130, 1, 3, 0, 0, 1.08%, 0, 1, 1, 0.59
1621228069, 132, 0, 3, 0, 0, 1.08%, 0, 1, 1, 24.36
1621228074, 133, 2, 3, 0, 0, 1.08%, 0, 1, 1, 23.90
1621228079, 135, 1, 3, 0, 0, 1.08%, 0, 1, 1, 24.34
1621228084, 137, 0, 3, 0, 0, 1.08%, 0, 1, 1, 24.67
1621228090, 138, 2, 3, 0, 0, 1.08%, 0, 1, 1, 24.43
1621228095, 140, 1, 3, 0, 0, 1.08%, 0, 1, 1, 24.85
1621228100, 142, 0, 3, 0, 0, 1.08%, 0, 1, 1, 24.93
1621228105, 143, 2, 3, 0, 0, 1.08%, 0, 1, 1, 24.69
1621228110, 145, 1, 3, 0, 0, 1.08%, 0, 1, 1, 23.75
1621228115, 146, 2, 3, 0, 0, 1.08%, 0, 1, 1, 22.99
1621228120, 148, 1, 3, 0, 0, 1.08%, 0, 1, 1, 23.98
1621228125, 150, 0, 3, 0, 0, 1.08%, 0, 1, 1, 24.35
1621228130, 151, 2, 3, 0, 0, 1.08%, 0, 1, 1, 24.20
1621228135, 153, 1, 3, 0, 0, 1.08%, 0, 1, 1, 24.56
1621228141, 155, 0, 3, 0, 0, 1.08%, 0, 1, 1, 24.42
1621228146, 156, 2, 3, 0, 0, 1.08%, 0, 1, 1, 25.03
1621228151, 158, 1, 3, 0, 0, 1.08%, 0, 1, 1, 24.62
1621228156, 160, 0, 3, 0, 0, 1.08%, 0, 1, 1, 24.37
1621228163, 160, 2, 3, 0, 0, 1.08%, 0, 2, 1, 0.78
1621228168, 162, 1, 3, 0, 0, 1.08%, 0, 2, 1, 23.79
1621228173, 164, 0, 3, 0, 0, 1.08%, 0, 2, 1, 23.82
1621228178, 165, 2, 3, 0, 0, 1.08%, 0, 2, 1, 23.86
1621228183, 167, 1, 3, 0, 0, 1.08%, 0, 2, 1, 24.23
1621228188, 169, 0, 3, 0, 0, 1.08%, 0, 2, 1, 24.28
1621228199, 170, 2, 3, 0, 0, 1.08%, 0, 2, 1, 23.85
1621228204, 172, 1, 3, 0, 0, 1.08%, 0, 2, 1, 23.93
1621228209, 174, 0, 3, 0, 0, 1.08%, 0, 2, 1, 23.95
1621228214, 175, 2, 3, 0, 0, 1.08%, 0, 2, 1, 23.78
1621228219, 177, 1, 3, 0, 0, 1.08%, 0, 2, 1, 24.10
1621228224, 179, 0, 3, 0, 0, 1.08%, 0, 2, 1, 24.97
1621228229, 180, 2, 3, 0, 0, 1.08%, 0, 2, 1, 24.49
1621228234, 182, 1, 3, 0, 0, 1.08%, 0, 2, 1, 24.48
1621228240, 184, 0, 3, 0, 0, 1.08%, 0, 2, 1, 24.40
1621228245, 185, 2, 3, 0, 0, 1.08%, 0, 2, 1, 24.55
1621228250, 187, 1, 3, 0, 0, 1.08%, 0, 2, 1, 24.25
1621228255, 189, 0, 3, 0, 0, 1.08%, 0, 2, 1, 24.03
1621228260, 190, 2, 3, 0, 0, 1.08%, 0, 2, 1, 24.12
1621228265, 192, 1, 3, 0, 0, 1.08%, 0, 2, 1, 24.13
1621228270, 193, 2, 3, 0, 0, 1.08%, 0, 2, 1, 24.41
1621228275, 195, 1, 3, 0, 0, 1.08%, 0, 2, 1, 24.04
1621228280, 197, 0, 3, 0, 0, 1.08%, 0, 2, 1, 23.79
1621228286, 198, 2, 3, 0, 0, 1.08%, 0, 2, 1, 24.09
1621228291, 200, 1, 3, 0, 0, 1.08%, 0, 2, 1, 24.21
1621228296, 202, 0, 3, 0, 0, 1.08%, 0, 2, 1, 24.60
1621228301, 203, 2, 3, 0, 0, 1.08%, 0, 2, 1, 23.86
1621228306, 205, 1, 3, 0, 0, 1.08%, 0, 2, 1, 24.24
1621228311, 207, 0, 3, 0, 0, 1.08%, 0, 2, 1, 23.85
1621228316, 208, 2, 3, 0, 0, 1.08%, 0, 2, 1, 24.39
1621228321, 210, 1, 3, 0, 0, 1.08%, 0, 2, 1, 24.60
1621228326, 212, 0, 3, 0, 0, 1.08%, 0, 2, 1, 24.50
1621228331, 213, 2, 3, 0, 0, 1.08%, 0, 2, 1, 24.12
1621228337, 215, 1, 3, 0, 0, 1.08%, 0, 2, 1, 24.08
1621228342, 217, 0, 3, 0, 0, 1.08%, 0, 2, 1, 24.11
1621228347, 218, 2, 3, 0, 0, 1.08%, 0, 2, 1, 24.61
1621228352, 220, 1, 3, 0, 0, 1.08%, 0, 2, 1, 24.58
1621228357, 222, 0, 3, 0, 0, 1.08%, 0, 2, 1, 25.09
1621228362, 223, 1, 3, 0, 0, 1.08%, 0, 2, 1, 22.74
1621228367, 225, 0, 3, 0, 0, 1.08%, 0, 2, 1, 24.77
1621228372, 227, 0, 3, 0, 0, 1.08%, 0, 2, 1, 24.47
1621228378, 228, 1, 3, 0, 0, 1.08%, 0, 2, 1, 24.09
1621228383, 230, 0, 3, 0, 0, 1.08%, 0, 2, 1, 24.11
1621228388, 231, 2, 3, 0, 0, 1.08%, 0, 2, 1, 24.37
1621228393, 233, 1, 3, 0, 0, 1.08%, 0, 2, 1, 23.95
1621228398, 235, 0, 3, 0, 0, 1.08%, 0, 2, 1, 24.03
1621228403, 236, 2, 3, 0, 0, 1.08%, 0, 2, 1, 23.91
1621228408, 238, 1, 3, 0, 0, 1.08%, 0, 2, 1, 24.41
1621228413, 239, 1, 4, 1, 0, 1.08%, 0, 2, 2, 33.04
