# unix_time, cycles_done, cur_path, paths_total, pending_total, pending_favs, map_size, unique_crashes, unique_hangs, max_depth, execs_per_sec
1654325708, 0, 0, 1, 1, 1, 0.23%, 0, 0, 1, 59.26
1654325723, 0, 0, 2, 2, 1, 3.32%, 0, 0, 2, 3.61
1654325754, 0, 1, 4, 3, 1, 3.32%, 0, 0, 3, 3.48
1654325917, 0, 1, 5, 4, 1, 3.32%, 0, 0, 3, 3.54
1654326091, 0, 1, 6, 5, 1, 3.32%, 0, 0, 3, 4.01
1654326106, 0, 1, 7, 6, 1, 3.32%, 0, 0, 3, 3.59
1654326147, 0, 1, 8, 7, 1, 3.32%, 0, 0, 3, 3.55
1654326305, 0, 6, 8, 6, 1, 3.32%, 0, 0, 3, 3.64
1654326330, 0, 6, 9, 7, 1, 3.34%, 0, 0, 4, 4.64
