# unix_time, cycles_done, cur_path, paths_total, pending_total, pending_favs, map_size, unique_crashes, unique_hangs, max_depth, execs_per_sec
1654315972, 0, 0, 5, 5, 1, 0.00%, 0, 0, 1, 78.12
1654315977, 0, 2, 5, 5, 1, 0.00%, 0, 0, 1, 79.32
1654316008, 0, 3, 5, 4, 0, 0.00%, 0, 0, 1, 76.83
1654316039, 0, 4, 5, 3, 0, 0.00%, 0, 0, 1, 81.17
1654316070, 1, 0, 5, 2, 0, 0.00%, 0, 0, 1, 79.97
1654316101, 1, 1, 5, 1, 0, 0.00%, 0, 0, 1, 73.22
1654316136, 1, 4, 5, 0, 0, 0.00%, 0, 0, 1, 80.21
1654316142, 2, 2, 5, 0, 0, 0.00%, 0, 0, 1, 81.23
1654316147, 3, 1, 5, 0, 0, 0.00%, 0, 0, 1, 80.73
1654316152, 3, 4, 5, 0, 0, 0.00%, 0, 0, 1, 80.55
1654316157, 4, 2, 5, 0, 0, 0.00%, 0, 0, 1, 79.79
1654316162, 5, 0, 5, 0, 0, 0.00%, 0, 0, 1, 79.26
1654316167, 5, 3, 5, 0, 0, 0.00%, 0, 0, 1, 75.72
1654316172, 6, 1, 5, 0, 0, 0.00%, 0, 0, 1, 73.80
1654316178, 6, 4, 5, 0, 0, 0.00%, 0, 0, 1, 75.47
1654316183, 7, 2, 5, 0, 0, 0.00%, 0, 0, 1, 76.54
1654316188, 8, 0, 5, 0, 0, 0.00%, 0, 0, 1, 76.91
1654316193, 8, 4, 5, 0, 0, 0.00%, 0, 0, 1, 79.26
1654316198, 9, 2, 5, 0, 0, 0.00%, 0, 0, 1, 80.65
1654316203, 10, 0, 5, 0, 0, 0.00%, 0, 0, 1, 79.59
1654316208, 10, 3, 5, 0, 0, 0.00%, 0, 0, 1, 79.83
1654316214, 11, 1, 5, 0, 0, 0.00%, 0, 0, 1, 79.54
1654316219, 12, 0, 5, 0, 0, 0.00%, 0, 0, 1, 80.51
1654316224, 12, 3, 5, 0, 0, 0.00%, 0, 0, 1, 79.14
1654316229, 13, 1, 5, 0, 0, 0.00%, 0, 0, 1, 78.81
1654316234, 13, 4, 5, 0, 0, 0.00%, 0, 0, 1, 75.65
1654316239, 14, 2, 5, 0, 0, 0.00%, 0, 0, 1, 74.22
1654316244, 15, 0, 5, 0, 0, 0.00%, 0, 0, 1, 78.58
1654316249, 15, 3, 5, 0, 0, 0.00%, 0, 0, 1, 75.14
1654316254, 16, 1, 5, 0, 0, 0.00%, 0, 0, 1, 77.99
1654316259, 16, 4, 5, 0, 0, 0.00%, 0, 0, 1, 79.78
1654316265, 17, 3, 5, 0, 0, 0.00%, 0, 0, 1, 80.83
1654316270, 18, 1, 5, 0, 0, 0.00%, 0, 0, 1, 80.11
1654316275, 18, 4, 5, 0, 0, 0.00%, 0, 0, 1, 80.34
1654316280, 19, 2, 5, 0, 0, 0.00%, 0, 0, 1, 80.43
1654316285, 20, 1, 5, 0, 0, 0.00%, 0, 0, 1, 80.85
1654316290, 20, 4, 5, 0, 0, 0.00%, 0, 0, 1, 80.30
1654316296, 21, 2, 5, 0, 0, 0.00%, 0, 0, 1, 79.98
1654316301, 22, 0, 5, 0, 0, 0.00%, 0, 0, 1, 80.31
1654316306, 22, 3, 5, 0, 0, 0.00%, 0, 0, 1, 76.69
1654316311, 23, 1, 5, 0, 0, 0.00%, 0, 0, 1, 74.40
1654316316, 23, 4, 5, 0, 0, 0.00%, 0, 0, 1, 74.15
1654316321, 24, 2, 5, 0, 0, 0.00%, 0, 0, 1, 75.69
1654316326, 25, 0, 5, 0, 0, 0.00%, 0, 0, 1, 80.00
1654316331, 25, 4, 5, 0, 0, 0.00%, 0, 0, 1, 79.67
1654316337, 26, 2, 5, 0, 0, 0.00%, 0, 0, 1, 75.78
1654316342, 27, 0, 5, 0, 0, 0.00%, 0, 0, 1, 75.41
1654316347, 27, 3, 5, 0, 0, 0.00%, 0, 0, 1, 76.94
1654316352, 28, 1, 5, 0, 0, 0.00%, 0, 0, 1, 78.30
1654316357, 28, 4, 5, 0, 0, 0.00%, 0, 0, 1, 80.32
1654316362, 29, 2, 5, 0, 0, 0.00%, 0, 0, 1, 79.79
1654316367, 30, 1, 5, 0, 0, 0.00%, 0, 0, 1, 80.14
1654316372, 30, 4, 5, 0, 0, 0.00%, 0, 0, 1, 80.81
1654316378, 31, 2, 5, 0, 0, 0.00%, 0, 0, 1, 80.40
1654316383, 32, 0, 5, 0, 0, 0.00%, 0, 0, 1, 80.86
1654316388, 32, 4, 5, 0, 0, 0.00%, 0, 0, 1, 80.27
1654316393, 33, 2, 5, 0, 0, 0.00%, 0, 0, 1, 80.01
1654316398, 34, 0, 5, 0, 0, 0.00%, 0, 0, 1, 79.28
1654316403, 34, 3, 5, 0, 0, 0.00%, 0, 0, 1, 75.54
1654316409, 35, 1, 5, 0, 0, 0.00%, 0, 0, 1, 79.19
1654316414, 35, 4, 5, 0, 0, 0.00%, 0, 0, 1, 79.61
1654316419, 36, 3, 5, 0, 0, 0.00%, 0, 0, 1, 79.90
1654316424, 37, 1, 5, 0, 0, 0.00%, 0, 0, 1, 78.96
1654316429, 37, 4, 5, 0, 0, 0.00%, 0, 0, 1, 79.40
1654316434, 38, 2, 5, 0, 0, 0.00%, 0, 0, 1, 79.34
1654316439, 39, 0, 5, 0, 0, 0.00%, 0, 0, 1, 79.58
1654316445, 39, 4, 5, 0, 0, 0.00%, 0, 0, 1, 79.10
1654316450, 40, 2, 5, 0, 0, 0.00%, 0, 0, 1, 80.21
1654316455, 41, 0, 5, 0, 0, 0.00%, 0, 0, 1, 74.72
1654316460, 41, 3, 5, 0, 0, 0.00%, 0, 0, 1, 75.25
1654316465, 42, 1, 5, 0, 0, 0.00%, 0, 0, 1, 78.22
1654316470, 42, 4, 5, 0, 0, 0.00%, 0, 0, 1, 78.88
1654316475, 43, 2, 5, 0, 0, 0.00%, 0, 0, 1, 76.67
1654316480, 44, 0, 5, 0, 0, 0.00%, 0, 0, 1, 79.25
1654316485, 44, 3, 5, 0, 0, 0.00%, 0, 0, 1, 81.16
1654316490, 45, 2, 5, 0, 0, 0.00%, 0, 0, 1, 80.66
1654316496, 46, 0, 5, 0, 0, 0.00%, 0, 0, 1, 80.18
1654316501, 46, 3, 5, 0, 0, 0.00%, 0, 0, 1, 75.06
1654316506, 47, 1, 5, 0, 0, 0.00%, 0, 0, 1, 77.63
1654316511, 47, 4, 5, 0, 0, 0.00%, 0, 0, 1, 78.71
1654316516, 48, 2, 5, 0, 0, 0.00%, 0, 0, 1, 79.64
1654316521, 49, 1, 5, 0, 0, 0.00%, 0, 0, 1, 78.87
1654316526, 49, 4, 5, 0, 0, 0.00%, 0, 0, 1, 78.50
1654316531, 50, 2, 5, 0, 0, 0.00%, 0, 0, 1, 77.53
1654316537, 51, 0, 5, 0, 0, 0.00%, 0, 0, 1, 79.16
1654316542, 51, 3, 5, 0, 0, 0.00%, 0, 0, 1, 78.44
1654316547, 52, 1, 5, 0, 0, 0.00%, 0, 0, 1, 79.06
1654316552, 53, 1, 5, 0, 0, 0.00%, 0, 0, 1, 110.23
1654316557, 54, 1, 5, 0, 0, 0.00%, 0, 0, 1, 116.94
1654316562, 55, 2, 5, 0, 0, 0.00%, 0, 0, 1, 155.18
1654316567, 56, 2, 5, 0, 0, 0.00%, 0, 0, 1, 129.60
1654316572, 57, 1, 5, 0, 0, 0.00%, 0, 0, 1, 102.51
1654316577, 57, 4, 5, 0, 0, 0.00%, 0, 0, 1, 83.24
1654316582, 58, 2, 5, 0, 0, 0.00%, 0, 0, 1, 77.78
1654316591, 59, 0, 5, 0, 0, 0.00%, 0, 1, 1, 1.38
1654316596, 59, 3, 5, 0, 0, 0.00%, 0, 1, 1, 80.34
1654316606, 60, 1, 5, 0, 0, 0.00%, 0, 1, 1, 1.57
1654316611, 60, 4, 5, 0, 0, 0.00%, 0, 1, 1, 80.26
1654316616, 61, 2, 5, 0, 0, 0.00%, 0, 1, 1, 76.76
1654316624, 61, 4, 5, 0, 0, 0.00%, 0, 1, 1, 2.71
1654316629, 62, 2, 5, 0, 0, 0.00%, 0, 1, 1, 74.77
1654316640, 63, 1, 5, 0, 0, 0.00%, 0, 1, 1, 80.39
1654316646, 63, 4, 5, 0, 0, 0.00%, 0, 1, 1, 77.17
1654316651, 64, 2, 5, 0, 0, 0.00%, 0, 1, 1, 78.92
1654316656, 65, 0, 5, 0, 0, 0.00%, 0, 1, 1, 76.89
1654316666, 65, 3, 5, 0, 0, 0.00%, 0, 1, 1, 1.76
1654316671, 66, 1, 5, 0, 0, 0.00%, 0, 1, 1, 77.07
1654316676, 66, 4, 5, 0, 0, 0.00%, 0, 1, 1, 76.88
1654316681, 67, 2, 5, 0, 0, 0.00%, 0, 1, 1, 79.35
1654316691, 68, 0, 5, 0, 0, 0.00%, 0, 1, 1, 73.55
1654316697, 68, 3, 5, 0, 0, 0.00%, 0, 1, 1, 78.53
1654316706, 69, 1, 5, 0, 0, 0.00%, 0, 1, 1, 2.88
1654316712, 69, 2, 5, 0, 0, 0.00%, 0, 1, 1, 1.76
1654316720, 69, 4, 5, 0, 0, 0.00%, 0, 1, 1, 1.57
1654316725, 70, 2, 5, 0, 0, 0.00%, 0, 1, 1, 75.45
1654316735, 71, 0, 5, 0, 0, 0.00%, 0, 1, 1, 73.59
1654316741, 71, 3, 5, 0, 0, 0.00%, 0, 1, 1, 78.24
1654316746, 72, 1, 5, 0, 0, 0.00%, 0, 1, 1, 79.19
1654316751, 72, 4, 5, 0, 0, 0.00%, 0, 1, 1, 78.72
1654316757, 73, 0, 5, 0, 0, 0.00%, 0, 1, 1, 2.32
1654316762, 73, 3, 5, 0, 0, 0.00%, 0, 1, 1, 80.00
1654316769, 73, 4, 5, 0, 0, 0.00%, 0, 1, 1, 0.60
1654316774, 74, 3, 5, 0, 0, 0.00%, 0, 1, 1, 80.38
1654316779, 75, 1, 5, 0, 0, 0.00%, 0, 1, 1, 80.81
1654316784, 75, 4, 5, 0, 0, 0.00%, 0, 1, 1, 81.12
1654316789, 76, 2, 5, 0, 0, 0.00%, 0, 1, 1, 76.08
1654316795, 77, 0, 5, 0, 0, 0.00%, 0, 1, 1, 77.41
1654316800, 77, 3, 5, 0, 0, 0.00%, 0, 1, 1, 75.49
1654316805, 78, 1, 5, 0, 0, 0.00%, 0, 1, 1, 77.05
1654316813, 78, 3, 5, 0, 0, 0.00%, 0, 1, 1, 2.52
1654316819, 78, 4, 5, 0, 0, 0.00%, 0, 1, 1, 1.57
1654316825, 79, 2, 5, 0, 0, 0.00%, 0, 1, 1, 76.13
1654316830, 80, 0, 5, 0, 0, 0.00%, 0, 1, 1, 75.10
1654316836, 80, 1, 5, 0, 0, 0.00%, 0, 1, 1, 1.76
1654316841, 80, 4, 5, 0, 0, 0.00%, 0, 1, 1, 75.97
1654316846, 81, 2, 5, 0, 0, 0.00%, 0, 1, 1, 79.77
1654316852, 82, 1, 5, 0, 0, 0.00%, 0, 1, 1, 78.34
1654316857, 82, 3, 5, 0, 0, 0.00%, 0, 1, 1, 76.04
1654316862, 83, 2, 5, 0, 0, 0.00%, 0, 1, 1, 79.14
1654316867, 84, 0, 5, 0, 0, 0.00%, 0, 1, 1, 76.60
1654316875, 84, 2, 5, 0, 0, 0.00%, 0, 1, 1, 3.26
1654316885, 85, 0, 5, 0, 0, 0.00%, 0, 1, 1, 2.70
1654316890, 85, 3, 5, 0, 0, 0.00%, 0, 1, 1, 79.18
1654316895, 86, 1, 5, 0, 0, 0.00%, 0, 1, 1, 80.16
1654316900, 86, 4, 5, 0, 0, 0.00%, 0, 1, 1, 79.39
1654316905, 87, 2, 5, 0, 0, 0.00%, 0, 1, 1, 75.02
1654316913, 87, 4, 5, 0, 0, 0.00%, 0, 1, 1, 1.57
1654316923, 88, 2, 5, 0, 0, 0.00%, 0, 1, 1, 1.37
1654316930, 88, 3, 5, 0, 0, 0.00%, 0, 1, 1, 1.18
1654316936, 89, 1, 5, 0, 0, 0.00%, 0, 1, 1, 79.67
1654316941, 90, 0, 5, 0, 0, 0.00%, 0, 1, 1, 79.33
1654316946, 90, 3, 5, 0, 0, 0.00%, 0, 1, 1, 76.13
1654316951, 91, 1, 5, 0, 0, 0.00%, 0, 1, 1, 76.52
1654316956, 91, 4, 5, 0, 0, 0.00%, 0, 1, 1, 79.69
1654316965, 92, 1, 5, 0, 0, 0.00%, 0, 1, 1, 0.20
1654316970, 93, 0, 5, 0, 0, 0.00%, 0, 1, 1, 80.51
1654316977, 93, 1, 5, 0, 0, 0.00%, 0, 1, 1, 2.33
1654316985, 93, 2, 5, 0, 0, 0.00%, 0, 1, 1, 1.38
1654316990, 94, 1, 5, 0, 0, 0.00%, 0, 1, 1, 77.54
1654317001, 94, 4, 5, 0, 0, 0.00%, 0, 1, 1, 81.84
1654317007, 95, 0, 5, 0, 0, 0.00%, 0, 1, 1, 1.77
1654317012, 95, 3, 5, 0, 0, 0.00%, 0, 1, 1, 79.38
1654317018, 96, 2, 5, 0, 0, 0.00%, 0, 1, 1, 79.64
1654317023, 97, 0, 5, 0, 0, 0.00%, 0, 1, 1, 75.67
1654317028, 97, 3, 5, 0, 0, 0.00%, 0, 1, 1, 75.41
1654317035, 97, 4, 5, 0, 0, 0.00%, 0, 1, 1, 2.14
1654317044, 98, 1, 5, 0, 0, 0.00%, 0, 1, 1, 0.79
1654317049, 98, 4, 5, 0, 0, 0.00%, 0, 1, 1, 73.76
1654317054, 99, 2, 5, 0, 0, 0.00%, 0, 1, 1, 77.84
1654317059, 100, 0, 5, 0, 0, 0.00%, 0, 1, 1, 76.99
1654317064, 100, 3, 5, 0, 0, 0.00%, 0, 1, 1, 74.67
1654317069, 101, 1, 5, 0, 0, 0.00%, 0, 1, 1, 79.26
1654317074, 101, 4, 5, 0, 0, 0.00%, 0, 1, 1, 74.46
1654317079, 102, 2, 5, 0, 0, 0.00%, 0, 1, 1, 80.04
1654317084, 103, 0, 5, 0, 0, 0.00%, 0, 1, 1, 80.19
1654317089, 103, 3, 5, 0, 0, 0.00%, 0, 1, 1, 73.77
1654317095, 103, 4, 5, 0, 0, 0.00%, 0, 1, 1, 1.38
1654317104, 104, 1, 5, 0, 0, 0.00%, 0, 1, 1, 2.52
1654317114, 104, 4, 5, 0, 0, 0.00%, 0, 1, 1, 76.03
1654317119, 105, 2, 5, 0, 0, 0.00%, 0, 1, 1, 74.45
1654317124, 106, 0, 5, 0, 0, 0.00%, 0, 1, 1, 79.77
1654317132, 106, 2, 5, 0, 0, 0.00%, 0, 1, 1, 2.33
1654317137, 107, 0, 5, 0, 0, 0.00%, 0, 1, 1, 72.44
1654317142, 107, 3, 5, 0, 0, 0.00%, 0, 1, 1, 77.15
1654317147, 108, 1, 5, 0, 0, 0.00%, 0, 1, 1, 79.49
1654317152, 108, 4, 5, 0, 0, 0.00%, 0, 1, 1, 79.92
1654317158, 109, 2, 5, 0, 0, 0.00%, 0, 1, 1, 80.52
1654317164, 109, 3, 5, 0, 0, 0.00%, 0, 1, 1, 1.57
1654317173, 110, 1, 5, 0, 0, 0.00%, 0, 1, 1, 0.99
