# unix_time, cycles_done, cur_path, paths_total, pending_total, pending_favs, map_size, unique_crashes, unique_hangs, max_depth, execs_per_sec
1621522763, 0, 0, 1, 1, 1, 0.16%, 0, 0, 1, 5.57
1621523119, 2, 0, 1, 0, 0, 0.16%, 0, 0, 1, 12.22
1621523124, 5, 0, 1, 0, 0, 0.16%, 0, 0, 1, 12.30
1621523129, 7, 0, 1, 0, 0, 0.16%, 0, 0, 1, 12.25
1621523134, 10, 0, 1, 0, 0, 0.16%, 0, 0, 1, 12.29
1621523139, 12, 0, 1, 0, 0, 0.16%, 0, 0, 1, 12.24
1621523144, 15, 0, 1, 0, 0, 0.16%, 0, 0, 1, 12.01
1621523150, 17, 0, 1, 0, 0, 0.16%, 0, 0, 1, 12.13
1621523155, 20, 0, 1, 0, 0, 0.16%, 0, 0, 1, 12.24
1621523160, 22, 0, 1, 0, 0, 0.16%, 0, 0, 1, 12.27
1621523165, 25, 0, 1, 0, 0, 0.16%, 0, 0, 1, 12.41
1621523170, 27, 0, 1, 0, 0, 0.16%, 0, 0, 1, 12.27
1621523175, 30, 0, 1, 0, 0, 0.16%, 0, 0, 1, 12.12
1621523180, 32, 0, 1, 0, 0, 0.16%, 0, 0, 1, 12.19
1621523186, 35, 0, 1, 0, 0, 0.16%, 0, 0, 1, 12.27
1621523191, 37, 0, 1, 0, 0, 0.16%, 0, 0, 1, 12.37
1621523196, 40, 0, 1, 0, 0, 0.16%, 0, 0, 1, 12.34
1621523201, 42, 0, 1, 0, 0, 0.16%, 0, 0, 1, 12.22
1621523206, 45, 0, 1, 0, 0, 0.16%, 0, 0, 1, 12.31
1621523211, 47, 0, 1, 0, 0, 0.16%, 0, 0, 1, 12.24
1621523216, 50, 0, 1, 0, 0, 0.16%, 0, 0, 1, 12.17
1621523221, 53, 0, 1, 0, 0, 0.16%, 0, 0, 1, 12.34
1621523226, 55, 0, 1, 0, 0, 0.16%, 0, 0, 1, 12.47
1621523232, 58, 0, 1, 0, 0, 0.16%, 0, 0, 1, 12.24
1621523237, 60, 0, 1, 0, 0, 0.16%, 0, 0, 1, 11.86
1621523242, 62, 0, 1, 0, 0, 0.16%, 0, 0, 1, 11.99
1621523247, 65, 0, 1, 0, 0, 0.16%, 0, 0, 1, 12.27
1621523252, 68, 0, 1, 0, 0, 0.16%, 0, 0, 1, 12.40
1621523257, 70, 0, 1, 0, 0, 0.16%, 0, 0, 1, 12.39
1621523262, 73, 0, 1, 0, 0, 0.16%, 0, 0, 1, 12.34
1621523268, 75, 0, 1, 0, 0, 0.16%, 0, 0, 1, 12.22
1621523273, 78, 0, 1, 0, 0, 0.16%, 0, 0, 1, 12.21
1621523278, 80, 0, 1, 0, 0, 0.16%, 0, 0, 1, 12.25
1621523283, 83, 0, 1, 0, 0, 0.16%, 0, 0, 1, 12.21
1621523288, 85, 0, 1, 0, 0, 0.16%, 0, 0, 1, 11.92
1621523293, 88, 0, 1, 0, 0, 0.16%, 0, 0, 1, 12.15
1621523298, 90, 0, 1, 0, 0, 0.16%, 0, 0, 1, 12.23
1621523304, 93, 0, 1, 0, 0, 0.16%, 0, 0, 1, 12.30
1621523309, 95, 0, 1, 0, 0, 0.16%, 0, 0, 1, 12.33
1621523314, 98, 0, 1, 0, 0, 0.16%, 0, 0, 1, 12.55
1621523319, 100, 0, 1, 0, 0, 0.16%, 0, 0, 1, 12.51
1621523324, 103, 0, 1, 0, 0, 0.16%, 0, 0, 1, 12.46
1621523329, 105, 0, 1, 0, 0, 0.16%, 0, 0, 1, 12.48
1621523334, 108, 0, 1, 0, 0, 0.16%, 0, 0, 1, 12.48
1621523339, 110, 0, 1, 0, 0, 0.16%, 0, 0, 1, 12.52
1621523344, 113, 0, 1, 0, 0, 0.16%, 0, 0, 1, 12.50
1621523349, 115, 0, 1, 0, 0, 0.16%, 0, 0, 1, 12.43
1621523354, 118, 0, 1, 0, 0, 0.16%, 0, 0, 1, 12.50
1621523359, 120, 0, 1, 0, 0, 0.16%, 0, 0, 1, 12.39
1621523364, 123, 0, 1, 0, 0, 0.16%, 0, 0, 1, 12.52
1621523369, 125, 0, 1, 0, 0, 0.16%, 0, 0, 1, 12.36
1621523374, 128, 0, 1, 0, 0, 0.16%, 0, 0, 1, 12.40
1621523379, 130, 0, 1, 0, 0, 0.16%, 0, 0, 1, 12.53
1621523385, 133, 0, 1, 0, 0, 0.16%, 0, 0, 1, 12.39
1621523390, 135, 0, 1, 0, 0, 0.16%, 0, 0, 1, 12.47
1621523395, 138, 0, 1, 0, 0, 0.16%, 0, 0, 1, 12.27
1621523400, 140, 0, 1, 0, 0, 0.16%, 0, 0, 1, 12.25
1621523405, 143, 0, 1, 0, 0, 0.16%, 0, 0, 1, 12.08
1621523410, 146, 0, 1, 0, 0, 0.16%, 0, 0, 1, 12.32
1621523415, 148, 0, 1, 0, 0, 0.16%, 0, 0, 1, 12.43
1621523420, 151, 0, 1, 0, 0, 0.16%, 0, 0, 1, 12.35
1621523426, 153, 0, 1, 0, 0, 0.16%, 0, 0, 1, 12.30
1621523431, 156, 0, 1, 0, 0, 0.16%, 0, 0, 1, 12.29
1621523436, 158, 0, 1, 0, 0, 0.16%, 0, 0, 1, 12.34
1621523441, 161, 0, 1, 0, 0, 0.16%, 0, 0, 1, 12.41
1621523446, 163, 0, 1, 0, 0, 0.16%, 0, 0, 1, 12.29
1621523451, 166, 0, 1, 0, 0, 0.16%, 0, 0, 1, 12.50
1621523456, 168, 0, 1, 0, 0, 0.16%, 0, 0, 1, 12.39
1621523462, 171, 0, 1, 0, 0, 0.16%, 0, 0, 1, 12.42
1621523467, 173, 0, 1, 0, 0, 0.16%, 0, 0, 1, 12.44
1621523472, 176, 0, 1, 0, 0, 0.16%, 0, 0, 1, 12.38
1621523477, 178, 0, 1, 0, 0, 0.16%, 0, 0, 1, 12.36
1621523482, 181, 0, 1, 0, 0, 0.16%, 0, 0, 1, 12.52
1621523487, 183, 0, 1, 0, 0, 0.16%, 0, 0, 1, 12.53
1621523492, 186, 0, 1, 0, 0, 0.16%, 0, 0, 1, 12.59
1621523497, 188, 0, 1, 0, 0, 0.16%, 0, 0, 1, 12.24
1621523502, 191, 0, 1, 0, 0, 0.16%, 0, 0, 1, 12.31
1621523507, 194, 0, 1, 0, 0, 0.16%, 0, 0, 1, 12.47
1621523512, 196, 0, 1, 0, 0, 0.16%, 0, 0, 1, 12.54
1621523518, 199, 0, 1, 0, 0, 0.16%, 0, 0, 1, 12.44
1621523523, 201, 0, 1, 0, 0, 0.16%, 0, 0, 1, 12.30
1621523528, 204, 0, 1, 0, 0, 0.16%, 0, 0, 1, 12.49
1621523533, 206, 0, 1, 0, 0, 0.16%, 0, 0, 1, 12.58
1621523538, 209, 0, 1, 0, 0, 0.16%, 0, 0, 1, 12.57
1621523543, 211, 0, 1, 0, 0, 0.16%, 0, 0, 1, 12.51
1621523548, 214, 0, 1, 0, 0, 0.16%, 0, 0, 1, 12.49
1621523554, 215, 0, 1, 0, 0, 0.16%, 0, 1, 1, 0.58
1621523560, 217, 0, 1, 0, 0, 0.16%, 0, 1, 1, 12.31
1621523565, 220, 0, 1, 0, 0, 0.16%, 0, 1, 1, 12.24
1621523570, 222, 0, 1, 0, 0, 0.16%, 0, 1, 1, 12.37
1621523575, 225, 0, 1, 0, 0, 0.16%, 0, 1, 1, 12.43
1621523580, 227, 0, 1, 0, 0, 0.16%, 0, 1, 1, 12.47
1621523585, 230, 0, 1, 0, 0, 0.16%, 0, 1, 1, 12.33
1621523590, 232, 0, 1, 0, 0, 0.16%, 0, 1, 1, 12.36
1621523595, 235, 0, 1, 0, 0, 0.16%, 0, 1, 1, 12.36
1621523600, 237, 0, 1, 0, 0, 0.16%, 0, 1, 1, 12.35
1621523605, 240, 0, 1, 0, 0, 0.16%, 0, 1, 1, 12.18
1621523611, 242, 0, 1, 0, 0, 0.16%, 0, 1, 1, 12.22
1621523616, 245, 0, 1, 0, 0, 0.16%, 0, 1, 1, 12.49
1621523621, 247, 0, 1, 0, 0, 0.16%, 0, 1, 1, 12.43
1621523626, 250, 0, 1, 0, 0, 0.16%, 0, 1, 1, 12.59
1621523631, 252, 0, 1, 0, 0, 0.16%, 0, 1, 1, 12.54
1621523636, 255, 0, 1, 0, 0, 0.16%, 0, 1, 1, 12.47
1621523641, 258, 0, 1, 0, 0, 0.16%, 0, 1, 1, 12.24
1621523646, 260, 0, 1, 0, 0, 0.16%, 0, 1, 1, 12.16
1621523651, 263, 0, 1, 0, 0, 0.16%, 0, 1, 1, 12.34
1621523657, 265, 0, 1, 0, 0, 0.16%, 0, 1, 1, 12.35
1621523662, 268, 0, 1, 0, 0, 0.16%, 0, 1, 1, 12.38
1621523667, 270, 0, 1, 0, 0, 0.16%, 0, 1, 1, 12.50
1621523672, 273, 0, 1, 0, 0, 0.16%, 0, 1, 1, 12.47
1621523677, 275, 0, 1, 0, 0, 0.16%, 0, 1, 1, 12.47
1621523682, 278, 0, 1, 0, 0, 0.16%, 0, 1, 1, 12.42
1621523687, 280, 0, 1, 0, 0, 0.16%, 0, 1, 1, 12.30
1621523692, 283, 0, 1, 0, 0, 0.16%, 0, 1, 1, 12.45
1621523697, 285, 0, 1, 0, 0, 0.16%, 0, 1, 1, 12.50
1621523702, 288, 0, 1, 0, 0, 0.16%, 0, 1, 1, 12.38
1621523707, 290, 0, 1, 0, 0, 0.16%, 0, 1, 1, 12.49
1621523712, 293, 0, 1, 0, 0, 0.16%, 0, 1, 1, 12.44
1621523721, 295, 0, 1, 0, 0, 0.16%, 0, 1, 1, 0.20
1621523726, 297, 0, 1, 0, 0, 0.16%, 0, 1, 1, 12.49
1621523731, 300, 0, 1, 0, 0, 0.16%, 0, 1, 1, 12.24
1621523736, 302, 0, 1, 0, 0, 0.16%, 0, 1, 1, 12.45
1621523741, 305, 0, 1, 0, 0, 0.16%, 0, 1, 1, 12.51
1621523746, 307, 0, 1, 0, 0, 0.16%, 0, 1, 1, 12.36
1621523752, 310, 0, 1, 0, 0, 0.16%, 0, 1, 1, 12.42
1621523757, 312, 0, 1, 0, 0, 0.16%, 0, 1, 1, 12.46
1621523762, 315, 0, 1, 0, 0, 0.16%, 0, 1, 1, 12.44
1621523767, 317, 0, 1, 0, 0, 0.16%, 0, 1, 1, 12.50
1621523772, 320, 0, 1, 0, 0, 0.16%, 0, 1, 1, 12.20
1621523777, 322, 0, 1, 0, 0, 0.16%, 0, 1, 1, 12.27
1621523782, 325, 0, 1, 0, 0, 0.16%, 0, 1, 1, 12.15
1621523787, 328, 0, 1, 0, 0, 0.16%, 0, 1, 1, 12.19
1621523793, 330, 0, 1, 0, 0, 0.16%, 0, 1, 1, 12.19
1621523798, 333, 0, 1, 0, 0, 0.16%, 0, 1, 1, 12.29
1621523803, 335, 0, 1, 0, 0, 0.16%, 0, 1, 1, 12.35
1621523808, 338, 0, 1, 0, 0, 0.16%, 0, 1, 1, 12.41
1621523819, 341, 0, 1, 0, 0, 0.16%, 0, 1, 1, 12.33
1621523824, 343, 0, 1, 0, 0, 0.16%, 0, 1, 1, 12.26
1621523829, 346, 0, 1, 0, 0, 0.16%, 0, 1, 1, 12.50
1621523835, 348, 0, 1, 0, 0, 0.16%, 0, 1, 1, 12.30
1621523840, 351, 0, 1, 0, 0, 0.16%, 0, 1, 1, 12.45
1621523845, 353, 0, 1, 0, 0, 0.16%, 0, 1, 1, 12.42
1621523850, 356, 0, 1, 0, 0, 0.16%, 0, 1, 1, 12.58
1621523855, 359, 0, 1, 0, 0, 0.16%, 0, 1, 1, 12.52
1621523860, 361, 0, 1, 0, 0, 0.16%, 0, 1, 1, 12.57
1621523865, 364, 0, 1, 0, 0, 0.16%, 0, 1, 1, 12.36
1621523870, 366, 0, 1, 0, 0, 0.16%, 0, 1, 1, 12.38
1621523875, 369, 0, 1, 0, 0, 0.16%, 0, 1, 1, 12.46
1621523880, 371, 0, 1, 0, 0, 0.16%, 0, 1, 1, 12.52
1621523886, 374, 0, 1, 0, 0, 0.16%, 0, 1, 1, 12.40
1621523891, 376, 0, 1, 0, 0, 0.16%, 0, 1, 1, 12.35
1621523896, 379, 0, 1, 0, 0, 0.16%, 0, 1, 1, 12.36
1621523901, 381, 0, 1, 0, 0, 0.16%, 0, 1, 1, 12.33
1621523906, 384, 0, 1, 0, 0, 0.16%, 0, 1, 1, 12.35
1621523911, 386, 0, 1, 0, 0, 0.16%, 0, 1, 1, 12.29
1621523916, 389, 0, 1, 0, 0, 0.16%, 0, 1, 1, 12.42
1621523921, 391, 0, 1, 0, 0, 0.16%, 0, 1, 1, 12.30
1621523927, 394, 0, 1, 0, 0, 0.16%, 0, 1, 1, 12.16
1621523932, 396, 0, 1, 0, 0, 0.16%, 0, 1, 1, 12.25
1621523940, 398, 0, 1, 0, 0, 0.16%, 0, 1, 1, 0.58
1621523945, 401, 0, 1, 0, 0, 0.16%, 0, 1, 1, 12.32
1621523950, 403, 0, 1, 0, 0, 0.16%, 0, 1, 1, 12.42
1621523955, 406, 0, 1, 0, 0, 0.16%, 0, 1, 1, 12.33
1621523960, 408, 0, 1, 0, 0, 0.16%, 0, 1, 1, 12.50
1621523966, 411, 1, 2, 1, 1, 0.16%, 0, 1, 2, 304.84
