# unix_time, cycles_done, cur_path, paths_total, pending_total, pending_favs, map_size, unique_crashes, unique_hangs, max_depth, execs_per_sec
1619751994, 0, 0, 4, 4, 2, 32.59%, 0, 0, 1, 26.09
1619751999, 0, 0, 7, 7, 2, 32.84%, 0, 0, 2, 25.83
1619752004, 0, 0, 12, 12, 2, 33.67%, 0, 0, 2, 25.75
1619752009, 0, 0, 17, 17, 2, 33.67%, 0, 0, 2, 25.84
1619752014, 0, 0, 18, 18, 2, 33.67%, 0, 0, 2, 25.99
1619752019, 0, 0, 20, 20, 2, 33.67%, 0, 0, 2, 25.61
1619752024, 0, 0, 25, 25, 2, 33.67%, 0, 0, 2, 26.14
1619752029, 0, 0, 29, 29, 2, 33.67%, 0, 0, 2, 26.39
1619752034, 0, 0, 33, 33, 2, 33.68%, 0, 0, 2, 26.52
1619752039, 0, 0, 34, 34, 2, 33.68%, 0, 0, 2, 26.45
1619752044, 0, 0, 35, 35, 2, 33.68%, 0, 0, 2, 25.94
1619752050, 0, 0, 37, 37, 2, 33.68%, 0, 0, 2, 26.98
1619752060, 0, 0, 39, 39, 2, 33.68%, 0, 0, 2, 26.21
1619752065, 0, 0, 41, 41, 2, 33.68%, 0, 0, 2, 26.48
1619752070, 0, 0, 42, 42, 2, 33.68%, 0, 0, 2, 25.49
1619752075, 0, 0, 47, 47, 2, 33.68%, 0, 0, 2, 26.07
1619752080, 0, 0, 48, 48, 2, 33.68%, 0, 0, 2, 26.14
1619752085, 0, 0, 49, 49, 2, 33.68%, 0, 0, 2, 25.92
1619752096, 0, 0, 50, 50, 2, 33.68%, 0, 0, 2, 25.86
1619752111, 0, 0, 51, 51, 2, 33.68%, 0, 0, 2, 25.91
1619752126, 0, 0, 52, 52, 2, 33.68%, 0, 0, 2, 26.24
1619752131, 0, 0, 54, 54, 2, 33.68%, 0, 0, 2, 25.38
1619752136, 0, 0, 56, 56, 2, 33.68%, 0, 0, 2, 25.54
1619752141, 0, 0, 57, 57, 2, 33.71%, 0, 0, 2, 26.06
1619752146, 0, 0, 61, 61, 2, 33.72%, 0, 0, 2, 31.34
1619752152, 0, 0, 63, 63, 2, 33.72%, 0, 0, 2, 27.29
1619752157, 0, 0, 64, 64, 2, 33.72%, 0, 0, 2, 25.89
1619752167, 0, 0, 65, 65, 2, 33.72%, 0, 0, 2, 26.11
1619752172, 0, 0, 66, 66, 2, 33.72%, 0, 0, 2, 26.00
1619752177, 0, 0, 67, 67, 2, 33.72%, 0, 0, 2, 25.66
1619752182, 0, 0, 68, 68, 2, 33.72%, 0, 0, 2, 25.77
1619752187, 0, 0, 70, 70, 2, 33.72%, 0, 0, 2, 25.19
1619752198, 0, 0, 71, 71, 2, 33.72%, 0, 0, 2, 26.20
1619752203, 0, 0, 73, 73, 2, 33.72%, 0, 0, 2, 26.41
1619752218, 0, 0, 74, 74, 2, 33.72%, 0, 0, 2, 25.90
1619752233, 0, 0, 75, 75, 2, 33.72%, 0, 0, 2, 26.51
1619752264, 0, 0, 77, 77, 2, 33.72%, 0, 0, 2, 26.51
1619752269, 0, 0, 78, 78, 2, 33.72%, 0, 0, 2, 25.92
1619752280, 0, 0, 80, 80, 2, 33.72%, 0, 0, 2, 25.54
1619752285, 0, 0, 82, 82, 2, 33.72%, 0, 0, 2, 25.86
1619752290, 0, 0, 83, 83, 2, 33.72%, 0, 0, 2, 26.33
1619752295, 0, 0, 84, 84, 2, 33.72%, 0, 0, 2, 25.78
1619752305, 0, 0, 85, 85, 2, 33.72%, 0, 0, 2, 25.39
1619752315, 0, 0, 86, 86, 2, 33.72%, 0, 0, 2, 26.34
1619752341, 0, 0, 87, 87, 2, 33.72%, 0, 0, 2, 26.06
1619752346, 0, 0, 88, 88, 2, 33.72%, 0, 0, 2, 26.19
1619752371, 0, 0, 89, 89, 2, 33.72%, 0, 0, 2, 25.96
1619752377, 0, 0, 91, 91, 2, 33.72%, 0, 0, 2, 26.16
1619752392, 0, 0, 92, 92, 2, 33.72%, 0, 0, 2, 26.00
1619752397, 0, 0, 93, 93, 2, 33.72%, 0, 0, 2, 25.56
1619752407, 0, 0, 95, 95, 2, 33.72%, 0, 0, 2, 26.12
1619752412, 0, 0, 96, 96, 2, 33.72%, 0, 0, 2, 26.07
1619752417, 0, 0, 97, 97, 2, 33.72%, 0, 0, 2, 26.33
1619752433, 0, 0, 99, 99, 2, 33.73%, 0, 0, 2, 27.00
1619752438, 0, 0, 102, 102, 2, 33.73%, 0, 0, 2, 26.38
1619752443, 0, 0, 107, 107, 2, 33.73%, 0, 0, 2, 26.22
1619752448, 0, 0, 111, 111, 2, 33.73%, 0, 0, 2, 26.14
1619752453, 0, 0, 112, 112, 2, 33.73%, 0, 0, 2, 25.82
1619752458, 0, 0, 115, 115, 2, 33.73%, 0, 0, 2, 25.71
1619752463, 0, 0, 117, 117, 2, 33.73%, 0, 0, 2, 26.09
1619752468, 0, 0, 123, 123, 2, 33.73%, 0, 0, 2, 26.57
1619752474, 0, 0, 128, 128, 2, 33.73%, 0, 0, 2, 25.51
1619752479, 0, 0, 129, 129, 2, 33.73%, 0, 0, 2, 26.04
1619752489, 0, 0, 131, 131, 2, 33.73%, 0, 0, 2, 25.77
1619752504, 0, 0, 133, 133, 2, 33.73%, 0, 0, 2, 26.36
1619752514, 0, 0, 134, 134, 2, 33.73%, 0, 0, 2, 25.89
1619752530, 0, 0, 135, 135, 2, 33.73%, 0, 0, 2, 26.23
1619752540, 0, 0, 136, 136, 2, 33.73%, 0, 0, 2, 25.52
1619752550, 0, 0, 137, 137, 2, 33.73%, 0, 0, 2, 26.33
1619752565, 0, 0, 138, 138, 2, 33.73%, 0, 0, 2, 28.28
1619752570, 0, 0, 139, 139, 2, 33.73%, 0, 0, 2, 26.72
1619752575, 0, 0, 140, 140, 2, 33.73%, 0, 0, 2, 26.58
1619752591, 0, 0, 141, 141, 2, 33.73%, 0, 0, 2, 26.09
1619752606, 0, 0, 142, 142, 2, 33.73%, 0, 0, 2, 25.64
1619752611, 0, 0, 144, 144, 2, 33.73%, 0, 0, 2, 25.71
1619752622, 0, 0, 145, 145, 2, 33.73%, 0, 0, 2, 25.93
1619752637, 0, 0, 146, 146, 2, 33.73%, 0, 0, 2, 25.86
1619752663, 0, 0, 147, 147, 2, 33.73%, 0, 0, 2, 26.35
1619752673, 0, 0, 148, 148, 2, 33.73%, 0, 0, 2, 26.09
1619752678, 0, 0, 150, 150, 2, 33.73%, 0, 0, 2, 26.49
1619752683, 0, 0, 151, 151, 2, 33.73%, 0, 0, 2, 26.51
1619752698, 0, 0, 153, 153, 2, 33.73%, 0, 0, 2, 26.07
1619752714, 0, 0, 154, 154, 2, 33.73%, 0, 0, 2, 25.59
1619752719, 0, 0, 155, 155, 2, 33.73%, 0, 0, 2, 25.89
1619752724, 0, 0, 156, 156, 2, 33.73%, 0, 0, 2, 25.98
1619752729, 0, 0, 157, 157, 2, 33.73%, 0, 0, 2, 25.84
1619752734, 0, 0, 158, 158, 2, 33.73%, 0, 0, 2, 26.35
1619752744, 0, 0, 159, 159, 2, 33.73%, 0, 0, 2, 26.11
1619752760, 0, 0, 160, 160, 2, 33.73%, 0, 0, 2, 26.74
1619752765, 0, 0, 161, 161, 2, 33.73%, 0, 0, 2, 4.68
1619752780, 0, 0, 164, 164, 2, 33.73%, 0, 0, 2, 25.77
1619752785, 0, 0, 165, 165, 2, 33.73%, 0, 0, 2, 26.25
1619752790, 0, 0, 167, 167, 2, 33.73%, 0, 0, 2, 27.13
1619752795, 0, 0, 172, 172, 2, 33.73%, 0, 0, 2, 32.04
1619752801, 0, 0, 174, 174, 2, 33.73%, 0, 0, 2, 27.95
1619752816, 0, 0, 175, 175, 2, 33.73%, 0, 0, 2, 25.50
1619752821, 0, 0, 176, 176, 2, 33.73%, 0, 0, 2, 25.87
1619752831, 0, 0, 177, 177, 2, 33.73%, 0, 0, 2, 25.86
1619752836, 0, 0, 178, 178, 2, 33.73%, 0, 0, 2, 25.54
1619752847, 0, 0, 179, 179, 2, 33.73%, 0, 0, 2, 25.69
1619752852, 0, 0, 180, 180, 2, 33.73%, 0, 0, 2, 25.97
1619752857, 0, 0, 181, 181, 2, 33.73%, 0, 0, 2, 26.21
1619752862, 0, 0, 183, 183, 2, 33.73%, 0, 0, 2, 26.26
1619752883, 0, 0, 184, 184, 2, 33.73%, 0, 0, 2, 25.73
1619752893, 0, 0, 185, 185, 2, 33.73%, 0, 0, 2, 26.08
1619752898, 0, 0, 186, 186, 2, 33.73%, 0, 0, 2, 25.18
1619752903, 0, 0, 187, 187, 2, 33.73%, 0, 0, 2, 26.32
1619752908, 0, 0, 188, 188, 2, 33.73%, 0, 0, 2, 26.06
1619752913, 0, 0, 189, 189, 2, 33.73%, 0, 0, 2, 25.95
1619752918, 0, 0, 190, 190, 2, 33.73%, 0, 0, 2, 25.71
1619752944, 0, 0, 191, 191, 2, 33.73%, 0, 0, 2, 26.44
1619752949, 0, 0, 192, 192, 2, 33.73%, 0, 0, 2, 26.72
1619752959, 0, 0, 195, 195, 2, 33.73%, 0, 0, 2, 26.02
1619752975, 0, 0, 197, 197, 2, 33.73%, 0, 0, 2, 26.30
1619752985, 0, 0, 200, 200, 2, 33.73%, 0, 0, 2, 26.42
1619753026, 0, 0, 202, 202, 2, 33.73%, 0, 0, 2, 26.04
1619753031, 0, 0, 204, 204, 2, 33.73%, 0, 0, 2, 26.25
1619753046, 0, 0, 205, 205, 2, 33.73%, 0, 0, 2, 26.33
1619753066, 0, 0, 206, 206, 2, 33.73%, 0, 0, 2, 25.38
1619753072, 0, 0, 207, 207, 2, 33.73%, 0, 0, 2, 25.86
1619753082, 0, 0, 208, 208, 2, 33.73%, 0, 0, 2, 25.79
1619753092, 0, 0, 209, 209, 2, 33.73%, 0, 0, 2, 26.11
1619753102, 0, 0, 210, 210, 2, 33.73%, 0, 0, 2, 26.54
1619753107, 0, 0, 211, 211, 2, 33.73%, 0, 0, 2, 26.68
1619753143, 0, 0, 212, 212, 2, 33.73%, 0, 0, 2, 25.70
1619753179, 0, 0, 213, 213, 2, 33.73%, 0, 0, 2, 26.16
1619753189, 0, 0, 214, 214, 2, 33.73%, 0, 0, 2, 26.24
1619753194, 0, 0, 216, 216, 2, 34.17%, 0, 0, 2, 25.63
