# unix_time, cycles_done, cur_path, paths_total, pending_total, pending_favs, map_size, unique_crashes, unique_hangs, max_depth, execs_per_sec
1621523980, 0, 0, 1, 1, 1, 0.15%, 0, 0, 1, 13.49
1621524235, 1, 0, 1, 0, 0, 0.15%, 0, 0, 1, 13.84
1621524240, 4, 0, 1, 0, 0, 0.15%, 0, 0, 1, 13.69
1621524245, 7, 0, 1, 0, 0, 0.15%, 0, 0, 1, 13.72
1621524250, 9, 0, 1, 0, 0, 0.15%, 0, 0, 1, 13.60
1621524255, 12, 0, 1, 0, 0, 0.15%, 0, 0, 1, 13.83
1621524260, 15, 0, 1, 0, 0, 0.15%, 0, 0, 1, 13.78
1621524265, 18, 0, 1, 0, 0, 0.15%, 0, 0, 1, 13.63
1621524270, 21, 0, 1, 0, 0, 0.15%, 0, 0, 1, 13.77
1621524275, 24, 0, 1, 0, 0, 0.15%, 0, 0, 1, 13.67
1621524280, 26, 0, 1, 0, 0, 0.15%, 0, 0, 1, 13.85
1621524285, 29, 0, 1, 0, 0, 0.15%, 0, 0, 1, 13.79
1621524290, 32, 0, 1, 0, 0, 0.15%, 0, 0, 1, 13.88
1621524296, 35, 0, 1, 0, 0, 0.15%, 0, 0, 1, 13.93
1621524301, 38, 0, 1, 0, 0, 0.15%, 0, 0, 1, 13.78
1621524306, 40, 0, 1, 0, 0, 0.15%, 0, 0, 1, 13.69
1621524311, 43, 0, 1, 0, 0, 0.15%, 0, 0, 1, 13.70
1621524316, 46, 0, 1, 0, 0, 0.15%, 0, 0, 1, 13.62
1621524321, 49, 0, 1, 0, 0, 0.15%, 0, 0, 1, 13.56
1621524326, 51, 0, 1, 0, 0, 0.15%, 0, 0, 1, 13.86
1621524331, 54, 0, 1, 0, 0, 0.15%, 0, 0, 1, 13.99
1621524336, 57, 0, 1, 0, 0, 0.15%, 0, 0, 1, 14.02
1621524341, 60, 0, 1, 0, 0, 0.15%, 0, 0, 1, 13.83
1621524346, 63, 0, 1, 0, 0, 0.15%, 0, 0, 1, 13.68
1621524351, 66, 0, 1, 0, 0, 0.15%, 0, 0, 1, 13.78
1621524356, 68, 0, 1, 0, 0, 0.15%, 0, 0, 1, 13.73
1621524362, 71, 0, 1, 0, 0, 0.15%, 0, 0, 1, 13.76
1621524367, 74, 0, 1, 0, 0, 0.15%, 0, 0, 1, 13.84
1621524372, 77, 0, 1, 0, 0, 0.15%, 0, 0, 1, 13.74
1621524377, 80, 0, 1, 0, 0, 0.15%, 0, 0, 1, 13.83
1621524382, 82, 0, 1, 0, 0, 0.15%, 0, 0, 1, 13.66
1621524387, 85, 0, 1, 0, 0, 0.15%, 0, 0, 1, 13.32
1621524392, 88, 0, 1, 0, 0, 0.15%, 0, 0, 1, 13.71
1621524397, 91, 0, 1, 0, 0, 0.15%, 0, 0, 1, 13.68
1621524402, 93, 0, 1, 0, 0, 0.15%, 0, 0, 1, 13.61
1621524408, 96, 0, 1, 0, 0, 0.15%, 0, 0, 1, 13.73
1621524413, 99, 0, 1, 0, 0, 0.15%, 0, 0, 1, 13.67
1621524418, 102, 0, 1, 0, 0, 0.15%, 0, 0, 1, 13.78
1621524423, 105, 0, 1, 0, 0, 0.15%, 0, 0, 1, 13.66
1621524428, 107, 0, 1, 0, 0, 0.15%, 0, 0, 1, 13.57
1621524433, 110, 0, 1, 0, 0, 0.15%, 0, 0, 1, 13.75
1621524438, 113, 0, 1, 0, 0, 0.15%, 0, 0, 1, 13.59
1621524444, 116, 0, 1, 0, 0, 0.15%, 0, 0, 1, 13.92
1621524449, 119, 0, 1, 0, 0, 0.15%, 0, 0, 1, 13.85
1621524454, 122, 0, 1, 0, 0, 0.15%, 0, 0, 1, 13.67
1621524459, 124, 0, 1, 0, 0, 0.15%, 0, 0, 1, 13.69
1621524464, 127, 0, 1, 0, 0, 0.15%, 0, 0, 1, 13.78
1621524469, 130, 0, 1, 0, 0, 0.15%, 0, 0, 1, 13.77
1621524474, 133, 0, 1, 0, 0, 0.15%, 0, 0, 1, 13.68
1621524479, 135, 0, 1, 0, 0, 0.15%, 0, 0, 1, 13.67
1621524484, 138, 0, 1, 0, 0, 0.15%, 0, 0, 1, 13.53
1621524489, 141, 0, 1, 0, 0, 0.15%, 0, 0, 1, 13.72
1621524494, 144, 0, 1, 0, 0, 0.15%, 0, 0, 1, 13.88
1621524500, 147, 0, 1, 0, 0, 0.15%, 0, 0, 1, 13.80
1621524505, 149, 0, 1, 0, 0, 0.15%, 0, 0, 1, 13.70
1621524510, 152, 0, 1, 0, 0, 0.15%, 0, 0, 1, 13.83
1621524515, 155, 0, 1, 0, 0, 0.15%, 0, 0, 1, 13.73
1621524520, 158, 0, 1, 0, 0, 0.15%, 0, 0, 1, 13.77
1621524525, 161, 0, 1, 0, 0, 0.15%, 0, 0, 1, 13.75
1621524530, 163, 0, 1, 0, 0, 0.15%, 0, 0, 1, 13.97
1621524535, 166, 0, 1, 0, 0, 0.15%, 0, 0, 1, 13.49
1621524540, 169, 0, 1, 0, 0, 0.15%, 0, 0, 1, 13.77
1621524545, 172, 0, 1, 0, 0, 0.15%, 0, 0, 1, 13.75
1621524550, 175, 0, 1, 0, 0, 0.15%, 0, 0, 1, 13.77
1621524556, 177, 0, 1, 0, 0, 0.15%, 0, 0, 1, 13.72
1621524561, 180, 0, 1, 0, 0, 0.15%, 0, 0, 1, 13.87
1621524566, 183, 0, 1, 0, 0, 0.15%, 0, 0, 1, 13.80
1621524571, 186, 0, 1, 0, 0, 0.15%, 0, 0, 1, 13.72
1621524576, 189, 0, 1, 0, 0, 0.15%, 0, 0, 1, 13.85
1621524581, 192, 0, 1, 0, 0, 0.15%, 0, 0, 1, 13.75
1621524586, 194, 0, 1, 0, 0, 0.15%, 0, 0, 1, 13.66
1621524591, 197, 0, 1, 0, 0, 0.15%, 0, 0, 1, 13.71
1621524596, 200, 0, 1, 0, 0, 0.15%, 0, 0, 1, 13.55
1621524601, 203, 0, 1, 0, 0, 0.15%, 0, 0, 1, 13.55
1621524607, 205, 0, 1, 0, 0, 0.15%, 0, 0, 1, 13.68
1621524612, 208, 0, 1, 0, 0, 0.15%, 0, 0, 1, 13.86
1621524617, 211, 0, 1, 0, 0, 0.15%, 0, 0, 1, 13.81
1621524622, 214, 0, 1, 0, 0, 0.15%, 0, 0, 1, 13.68
1621524629, 215, 0, 1, 0, 0, 0.15%, 0, 1, 1, 0.39
1621524634, 218, 0, 1, 0, 0, 0.15%, 0, 1, 1, 13.52
1621524639, 220, 0, 1, 0, 0, 0.15%, 0, 1, 1, 13.57
1621524644, 223, 0, 1, 0, 0, 0.15%, 0, 1, 1, 13.72
1621524649, 226, 0, 1, 0, 0, 0.15%, 0, 1, 1, 13.41
1621524655, 227, 0, 1, 0, 0, 0.15%, 0, 1, 1, 0.58
1621524660, 229, 0, 1, 0, 0, 0.15%, 0, 1, 1, 13.72
1621524666, 232, 0, 1, 0, 0, 0.15%, 0, 1, 1, 13.53
1621524671, 235, 0, 1, 0, 0, 0.15%, 0, 1, 1, 13.79
1621524676, 238, 0, 1, 0, 0, 0.15%, 0, 1, 1, 13.95
1621524681, 241, 0, 1, 0, 0, 0.15%, 0, 1, 1, 13.71
1621524686, 243, 0, 1, 0, 0, 0.15%, 0, 1, 1, 13.68
1621524691, 246, 0, 1, 0, 0, 0.15%, 0, 1, 1, 13.71
1621524696, 249, 0, 1, 0, 0, 0.15%, 0, 1, 1, 13.70
1621524701, 252, 0, 1, 0, 0, 0.15%, 0, 1, 1, 13.89
1621524706, 255, 0, 1, 0, 0, 0.15%, 0, 1, 1, 13.85
1621524711, 257, 0, 1, 0, 0, 0.15%, 0, 1, 1, 13.74
1621524716, 260, 0, 1, 0, 0, 0.15%, 0, 1, 1, 13.94
1621524721, 263, 0, 1, 0, 0, 0.15%, 0, 1, 1, 13.76
1621524726, 266, 0, 1, 0, 0, 0.15%, 0, 1, 1, 13.75
1621524731, 269, 0, 1, 0, 0, 0.15%, 0, 1, 1, 13.77
1621524737, 271, 0, 1, 0, 0, 0.15%, 0, 1, 1, 13.58
1621524742, 274, 0, 1, 0, 0, 0.15%, 0, 1, 1, 13.61
1621524747, 277, 0, 1, 0, 0, 0.15%, 0, 1, 1, 13.72
1621524752, 280, 0, 1, 0, 0, 0.15%, 0, 1, 1, 13.85
1621524757, 283, 0, 1, 0, 0, 0.15%, 0, 1, 1, 13.78
1621524767, 285, 0, 1, 0, 0, 0.15%, 0, 1, 1, 0.20
1621524772, 288, 0, 1, 0, 0, 0.15%, 0, 1, 1, 13.69
1621524777, 291, 0, 1, 0, 0, 0.15%, 0, 1, 1, 13.78
1621524782, 294, 0, 1, 0, 0, 0.15%, 0, 1, 1, 13.71
1621524787, 296, 0, 1, 0, 0, 0.15%, 0, 1, 1, 13.57
1621524792, 299, 0, 1, 0, 0, 0.15%, 0, 1, 1, 13.14
1621524797, 302, 0, 1, 0, 0, 0.15%, 0, 1, 1, 13.45
1621524802, 305, 0, 1, 0, 0, 0.15%, 0, 1, 1, 13.80
1621524808, 307, 0, 1, 0, 0, 0.15%, 0, 1, 1, 13.81
1621524813, 310, 0, 1, 0, 0, 0.15%, 0, 1, 1, 13.63
1621524818, 313, 0, 1, 0, 0, 0.15%, 0, 1, 1, 13.61
1621524823, 316, 0, 1, 0, 0, 0.15%, 0, 1, 1, 13.88
1621524828, 319, 0, 1, 0, 0, 0.15%, 0, 1, 1, 13.83
1621524833, 322, 0, 1, 0, 0, 0.15%, 0, 1, 1, 13.93
1621524842, 324, 0, 1, 0, 0, 0.15%, 0, 1, 1, 0.39
1621524848, 327, 0, 1, 0, 0, 0.15%, 0, 1, 1, 13.91
1621524853, 329, 0, 1, 0, 0, 0.15%, 0, 1, 1, 13.71
1621524858, 332, 0, 1, 0, 0, 0.15%, 0, 1, 1, 13.60
1621524863, 335, 0, 1, 0, 0, 0.15%, 0, 1, 1, 13.70
1621524868, 338, 0, 1, 0, 0, 0.15%, 0, 1, 1, 13.66
1621524873, 341, 0, 1, 0, 0, 0.15%, 0, 1, 1, 13.57
1621524878, 343, 0, 1, 0, 0, 0.15%, 0, 1, 1, 13.71
1621524883, 346, 0, 1, 0, 0, 0.15%, 0, 1, 1, 13.78
1621524888, 349, 0, 1, 0, 0, 0.15%, 0, 1, 1, 13.88
1621524894, 352, 0, 1, 0, 0, 0.15%, 0, 1, 1, 13.98
1621524899, 355, 0, 1, 0, 0, 0.15%, 0, 1, 1, 13.92
1621524904, 358, 0, 1, 0, 0, 0.15%, 0, 1, 1, 14.01
1621524909, 361, 0, 1, 0, 0, 0.15%, 0, 1, 1, 13.86
1621524914, 363, 0, 1, 0, 0, 0.15%, 0, 1, 1, 13.78
1621524919, 366, 0, 1, 0, 0, 0.15%, 0, 1, 1, 13.95
1621524924, 369, 0, 1, 0, 0, 0.15%, 0, 1, 1, 13.58
1621524929, 372, 0, 1, 0, 0, 0.15%, 0, 1, 1, 13.61
1621524934, 374, 0, 1, 0, 0, 0.15%, 0, 1, 1, 13.67
1621524939, 377, 0, 1, 0, 0, 0.15%, 0, 1, 1, 13.73
1621524944, 380, 0, 1, 0, 0, 0.15%, 0, 1, 1, 13.67
1621524952, 382, 0, 1, 0, 0, 0.15%, 0, 1, 1, 0.20
1621524957, 384, 0, 1, 0, 0, 0.15%, 0, 1, 1, 13.49
1621524963, 387, 0, 1, 0, 0, 0.15%, 0, 1, 1, 13.62
1621524968, 390, 0, 1, 0, 0, 0.15%, 0, 1, 1, 13.60
1621524973, 393, 0, 1, 0, 0, 0.15%, 0, 1, 1, 13.57
1621524978, 395, 0, 1, 0, 0, 0.15%, 0, 1, 1, 13.61
1621524983, 398, 0, 1, 0, 0, 0.15%, 0, 1, 1, 13.86
1621524988, 401, 0, 1, 0, 0, 0.15%, 0, 1, 1, 13.91
1621524993, 404, 0, 1, 0, 0, 0.15%, 0, 1, 1, 13.84
1621524998, 407, 0, 1, 0, 0, 0.15%, 0, 1, 1, 13.54
1621525003, 409, 0, 1, 0, 0, 0.15%, 0, 1, 1, 13.67
1621525008, 412, 0, 1, 0, 0, 0.15%, 0, 1, 1, 13.85
1621525014, 415, 0, 1, 0, 0, 0.15%, 0, 1, 1, 13.64
1621525019, 418, 0, 1, 0, 0, 0.15%, 0, 1, 1, 13.68
1621525024, 421, 0, 1, 0, 0, 0.15%, 0, 1, 1, 13.58
1621525029, 423, 0, 1, 0, 0, 0.15%, 0, 1, 1, 13.64
1621525034, 426, 0, 1, 0, 0, 0.15%, 0, 1, 1, 13.59
1621525039, 429, 0, 1, 0, 0, 0.15%, 0, 1, 1, 13.81
1621525044, 432, 0, 1, 0, 0, 0.15%, 0, 1, 1, 13.83
1621525052, 434, 0, 1, 0, 0, 0.15%, 0, 1, 1, 0.20
1621525057, 436, 0, 1, 0, 0, 0.15%, 0, 1, 1, 13.74
1621525062, 439, 0, 1, 0, 0, 0.15%, 0, 1, 1, 13.62
1621525067, 442, 0, 1, 0, 0, 0.15%, 0, 1, 1, 13.58
1621525072, 445, 0, 1, 0, 0, 0.15%, 0, 1, 1, 13.73
1621525078, 448, 0, 1, 0, 0, 0.15%, 0, 1, 1, 13.75
1621525083, 450, 0, 1, 0, 0, 0.15%, 0, 1, 1, 13.57
1621525088, 453, 0, 1, 0, 0, 0.15%, 0, 1, 1, 13.73
1621525093, 456, 0, 1, 0, 0, 0.15%, 0, 1, 1, 13.67
1621525098, 459, 0, 1, 0, 0, 0.15%, 0, 1, 1, 13.68
1621525103, 461, 0, 1, 0, 0, 0.15%, 0, 1, 1, 13.52
1621525108, 464, 0, 1, 0, 0, 0.15%, 0, 1, 1, 13.79
1621525113, 467, 0, 1, 0, 0, 0.15%, 0, 1, 1, 13.95
1621525118, 470, 0, 1, 0, 0, 0.15%, 0, 1, 1, 13.80
1621525123, 473, 0, 1, 0, 0, 0.15%, 0, 1, 1, 13.72
1621525129, 475, 0, 1, 0, 0, 0.15%, 0, 1, 1, 13.84
1621525134, 478, 0, 1, 0, 0, 0.15%, 0, 1, 1, 13.81
1621525139, 481, 0, 1, 0, 0, 0.15%, 0, 1, 1, 13.87
1621525144, 484, 0, 1, 0, 0, 0.15%, 0, 1, 1, 13.65
1621525149, 487, 0, 1, 0, 0, 0.15%, 0, 1, 1, 13.66
1621525154, 490, 0, 1, 0, 0, 0.15%, 0, 1, 1, 13.60
1621525159, 492, 0, 1, 0, 0, 0.15%, 0, 1, 1, 13.72
1621525165, 495, 0, 1, 0, 0, 0.15%, 0, 1, 1, 13.78
1621525170, 498, 0, 1, 0, 0, 0.15%, 0, 1, 1, 13.76
1621525175, 501, 0, 1, 0, 0, 0.15%, 0, 1, 1, 13.71
1621525180, 503, 0, 1, 0, 0, 0.15%, 0, 1, 1, 13.67
1621525185, 505, 1, 2, 1, 1, 0.15%, 0, 1, 2, 184.96
