# unix_time, cycles_done, cur_path, paths_total, pending_total, pending_favs, map_size, unique_crashes, unique_hangs, max_depth, execs_per_sec
1654291628, 0, 0, 1, 1, 1, 0.00%, 0, 0, 1, 363.64
1654291638, 7, 0, 1, 0, 0, 0.00%, 0, 0, 1, 442.58
1654291643, 16, 0, 1, 0, 0, 0.00%, 0, 0, 1, 446.37
1654291649, 25, 0, 1, 0, 0, 0.00%, 0, 0, 1, 445.05
1654291654, 34, 0, 1, 0, 0, 0.00%, 0, 0, 1, 444.54
1654291659, 42, 0, 1, 0, 0, 0.00%, 0, 0, 1, 443.75
1654291664, 51, 0, 1, 0, 0, 0.00%, 0, 0, 1, 445.17
1654291669, 60, 0, 1, 0, 0, 0.00%, 0, 0, 1, 444.62
1654291674, 69, 0, 1, 0, 0, 0.00%, 0, 0, 1, 441.49
1654291679, 78, 0, 1, 0, 0, 0.00%, 0, 0, 1, 444.74
1654291684, 87, 0, 1, 0, 0, 0.00%, 0, 0, 1, 446.26
1654291689, 96, 0, 1, 0, 0, 0.00%, 0, 0, 1, 446.71
1654291694, 105, 0, 1, 0, 0, 0.00%, 0, 0, 1, 447.57
1654291700, 114, 0, 1, 0, 0, 0.00%, 0, 0, 1, 447.35
1654291705, 122, 0, 1, 0, 0, 0.00%, 0, 0, 1, 447.24
1654291710, 131, 0, 1, 0, 0, 0.00%, 0, 0, 1, 443.05
1654291715, 140, 0, 1, 0, 0, 0.00%, 0, 0, 1, 445.04
1654291720, 149, 0, 1, 0, 0, 0.00%, 0, 0, 1, 446.97
1654291725, 158, 0, 1, 0, 0, 0.00%, 0, 0, 1, 446.68
1654291730, 167, 0, 1, 0, 0, 0.00%, 0, 0, 1, 447.87
1654291735, 176, 0, 1, 0, 0, 0.00%, 0, 0, 1, 447.61
1654291740, 185, 0, 1, 0, 0, 0.00%, 0, 0, 1, 448.14
1654291745, 194, 0, 1, 0, 0, 0.00%, 0, 0, 1, 446.57
1654291751, 203, 0, 1, 0, 0, 0.00%, 0, 0, 1, 445.74
1654291756, 211, 0, 1, 0, 0, 0.00%, 0, 0, 1, 446.96
1654291761, 220, 0, 1, 0, 0, 0.00%, 0, 0, 1, 446.39
1654291766, 229, 0, 1, 0, 0, 0.00%, 0, 0, 1, 447.45
1654291771, 238, 0, 1, 0, 0, 0.00%, 0, 0, 1, 447.28
1654291776, 247, 0, 1, 0, 0, 0.00%, 0, 0, 1, 445.76
1654291781, 256, 0, 1, 0, 0, 0.00%, 0, 0, 1, 447.03
1654291786, 265, 0, 1, 0, 0, 0.00%, 0, 0, 1, 447.14
1654291791, 274, 0, 1, 0, 0, 0.00%, 0, 0, 1, 448.49
1654291797, 283, 0, 1, 0, 0, 0.00%, 0, 0, 1, 447.76
1654291802, 292, 0, 1, 0, 0, 0.00%, 0, 0, 1, 446.64
1654291807, 301, 0, 1, 0, 0, 0.00%, 0, 0, 1, 446.63
1654291812, 310, 0, 1, 0, 0, 0.00%, 0, 0, 1, 447.12
1654291817, 319, 0, 1, 0, 0, 0.00%, 0, 0, 1, 447.90
1654291822, 328, 0, 1, 0, 0, 0.00%, 0, 0, 1, 447.90
1654291827, 337, 0, 1, 0, 0, 0.00%, 0, 0, 1, 448.15
1654291832, 346, 0, 1, 0, 0, 0.00%, 0, 0, 1, 448.08
1654291838, 355, 0, 1, 0, 0, 0.00%, 0, 0, 1, 446.74
1654291843, 364, 0, 1, 0, 0, 0.00%, 0, 0, 1, 447.74
1654291848, 372, 0, 1, 0, 0, 0.00%, 0, 0, 1, 448.07
1654291853, 381, 0, 1, 0, 0, 0.00%, 0, 0, 1, 447.66
1654291858, 390, 0, 1, 0, 0, 0.00%, 0, 0, 1, 447.15
1654291863, 399, 0, 1, 0, 0, 0.00%, 0, 0, 1, 446.03
1654291868, 408, 0, 1, 0, 0, 0.00%, 0, 0, 1, 446.05
1654291873, 417, 0, 1, 0, 0, 0.00%, 0, 0, 1, 445.43
1654291879, 426, 0, 1, 0, 0, 0.00%, 0, 0, 1, 445.64
1654291884, 435, 0, 1, 0, 0, 0.00%, 0, 0, 1, 446.89
1654291889, 444, 0, 1, 0, 0, 0.00%, 0, 0, 1, 447.42
1654291894, 453, 0, 1, 0, 0, 0.00%, 0, 0, 1, 445.83
1654291899, 462, 0, 1, 0, 0, 0.00%, 0, 0, 1, 446.60
1654291904, 471, 0, 1, 0, 0, 0.00%, 0, 0, 1, 447.44
1654291909, 480, 0, 1, 0, 0, 0.00%, 0, 0, 1, 447.48
1654291914, 489, 0, 1, 0, 0, 0.00%, 0, 0, 1, 447.80
1654291920, 498, 0, 1, 0, 0, 0.00%, 0, 0, 1, 446.38
1654291925, 507, 0, 1, 0, 0, 0.00%, 0, 0, 1, 444.72
1654291930, 515, 0, 1, 0, 0, 0.00%, 0, 0, 1, 445.25
1654291935, 524, 0, 1, 0, 0, 0.00%, 0, 0, 1, 444.94
1654291940, 533, 0, 1, 0, 0, 0.00%, 0, 0, 1, 445.62
1654291945, 542, 0, 1, 0, 0, 0.00%, 0, 0, 1, 445.37
1654291950, 551, 0, 1, 0, 0, 0.00%, 0, 0, 1, 445.44
1654291955, 560, 0, 1, 0, 0, 0.00%, 0, 0, 1, 443.55
1654291961, 569, 0, 1, 0, 0, 0.00%, 0, 0, 1, 446.06
1654291966, 578, 0, 1, 0, 0, 0.00%, 0, 0, 1, 447.08
1654291971, 587, 0, 1, 0, 0, 0.00%, 0, 0, 1, 447.37
1654291976, 596, 0, 1, 0, 0, 0.00%, 0, 0, 1, 442.59
1654291981, 604, 0, 1, 0, 0, 0.00%, 0, 0, 1, 444.97
1654291986, 613, 0, 1, 0, 0, 0.00%, 0, 0, 1, 444.91
1654291991, 622, 0, 1, 0, 0, 0.00%, 0, 0, 1, 446.55
1654291996, 631, 0, 1, 0, 0, 0.00%, 0, 0, 1, 447.53
1654292002, 640, 0, 1, 0, 0, 0.00%, 0, 0, 1, 447.41
1654292007, 649, 0, 1, 0, 0, 0.00%, 0, 0, 1, 447.85
1654292012, 658, 0, 1, 0, 0, 0.00%, 0, 0, 1, 448.11
1654292017, 667, 0, 1, 0, 0, 0.00%, 0, 0, 1, 446.18
1654292022, 676, 0, 1, 0, 0, 0.00%, 0, 0, 1, 446.89
1654292027, 685, 0, 1, 0, 0, 0.00%, 0, 0, 1, 447.28
1654292032, 694, 0, 1, 0, 0, 0.00%, 0, 0, 1, 447.71
1654292037, 703, 0, 1, 0, 0, 0.00%, 0, 0, 1, 448.08
1654292042, 712, 0, 1, 0, 0, 0.00%, 0, 0, 1, 447.37
1654292048, 721, 0, 1, 0, 0, 0.00%, 0, 0, 1, 446.96
1654292053, 730, 0, 1, 0, 0, 0.00%, 0, 0, 1, 447.44
1654292058, 739, 0, 1, 0, 0, 0.00%, 0, 0, 1, 447.91
1654292063, 748, 0, 1, 0, 0, 0.00%, 0, 0, 1, 447.85
1654292068, 757, 0, 1, 0, 0, 0.00%, 0, 0, 1, 447.75
1654292073, 766, 0, 1, 0, 0, 0.00%, 0, 0, 1, 447.74
1654292078, 774, 0, 1, 0, 0, 0.00%, 0, 0, 1, 443.76
1654292083, 783, 0, 1, 0, 0, 0.00%, 0, 0, 1, 446.99
1654292089, 792, 0, 1, 0, 0, 0.00%, 0, 0, 1, 447.60
1654292094, 801, 0, 1, 0, 0, 0.00%, 0, 0, 1, 447.26
1654292099, 810, 0, 1, 0, 0, 0.00%, 0, 0, 1, 447.37
1654292104, 819, 0, 1, 0, 0, 0.00%, 0, 0, 1, 444.30
1654292109, 828, 0, 1, 0, 0, 0.00%, 0, 0, 1, 442.15
1654292114, 837, 0, 1, 0, 0, 0.00%, 0, 0, 1, 442.68
1654292119, 846, 0, 1, 0, 0, 0.00%, 0, 0, 1, 444.99
1654292124, 855, 0, 1, 0, 0, 0.00%, 0, 0, 1, 445.70
1654292130, 864, 0, 1, 0, 0, 0.00%, 0, 0, 1, 446.59
1654292135, 873, 0, 1, 0, 0, 0.00%, 0, 0, 1, 444.40
1654292140, 881, 0, 1, 0, 0, 0.00%, 0, 0, 1, 438.73
1654292145, 890, 0, 1, 0, 0, 0.00%, 0, 0, 1, 439.46
1654292150, 899, 0, 1, 0, 0, 0.00%, 0, 0, 1, 443.40
1654292155, 908, 0, 1, 0, 0, 0.00%, 0, 0, 1, 445.43
1654292160, 917, 0, 1, 0, 0, 0.00%, 0, 0, 1, 446.83
1654292165, 925, 0, 1, 0, 0, 0.00%, 0, 0, 1, 445.61
1654292170, 934, 0, 1, 0, 0, 0.00%, 0, 0, 1, 446.44
1654292175, 943, 0, 1, 0, 0, 0.00%, 0, 0, 1, 447.18
1654292181, 952, 0, 1, 0, 0, 0.00%, 0, 0, 1, 446.41
1654292186, 961, 0, 1, 0, 0, 0.00%, 0, 0, 1, 446.00
1654292191, 970, 0, 1, 0, 0, 0.00%, 0, 0, 1, 446.93
1654292196, 979, 0, 1, 0, 0, 0.00%, 0, 0, 1, 444.72
1654292201, 988, 0, 1, 0, 0, 0.00%, 0, 0, 1, 444.69
1654292206, 997, 0, 1, 0, 0, 0.00%, 0, 0, 1, 446.06
1654292211, 1006, 0, 1, 0, 0, 0.00%, 0, 0, 1, 446.00
1654292217, 1015, 0, 1, 0, 0, 0.00%, 0, 0, 1, 446.92
1654292222, 1024, 0, 1, 0, 0, 0.00%, 0, 0, 1, 446.42
1654292227, 1033, 0, 1, 0, 0, 0.00%, 0, 0, 1, 445.88
1654292232, 1042, 0, 1, 0, 0, 0.00%, 0, 0, 1, 445.40
1654292237, 1051, 0, 1, 0, 0, 0.00%, 0, 0, 1, 444.35
1654292242, 1059, 0, 1, 0, 0, 0.00%, 0, 0, 1, 445.54
1654292247, 1068, 0, 1, 0, 0, 0.00%, 0, 0, 1, 445.60
1654292252, 1077, 0, 1, 0, 0, 0.00%, 0, 0, 1, 445.82
1654292257, 1086, 0, 1, 0, 0, 0.00%, 0, 0, 1, 445.37
1654292263, 1095, 0, 1, 0, 0, 0.00%, 0, 0, 1, 446.65
1654292268, 1104, 0, 1, 0, 0, 0.00%, 0, 0, 1, 447.48
1654292273, 1113, 0, 1, 0, 0, 0.00%, 0, 0, 1, 442.45
1654292278, 1122, 0, 1, 0, 0, 0.00%, 0, 0, 1, 439.27
1654292283, 1130, 0, 1, 0, 0, 0.00%, 0, 0, 1, 441.10
1654292290, 1133, 0, 1, 0, 0, 0.00%, 0, 1, 1, 3.18
1654292295, 1142, 0, 1, 0, 0, 0.00%, 0, 1, 1, 441.73
1654292300, 1151, 0, 1, 0, 0, 0.00%, 0, 1, 1, 437.91
1654292305, 1160, 0, 1, 0, 0, 0.00%, 0, 1, 1, 441.57
1654292310, 1168, 0, 1, 0, 0, 0.00%, 0, 1, 1, 441.16
1654292315, 1177, 0, 1, 0, 0, 0.00%, 0, 1, 1, 442.59
1654292320, 1186, 0, 1, 0, 0, 0.00%, 0, 1, 1, 443.29
1654292325, 1195, 0, 1, 0, 0, 0.00%, 0, 1, 1, 440.64
1654292330, 1204, 0, 1, 0, 0, 0.00%, 0, 1, 1, 441.99
1654292336, 1212, 0, 1, 0, 0, 0.00%, 0, 1, 1, 440.49
1654292341, 1221, 0, 1, 0, 0, 0.00%, 0, 1, 1, 442.15
1654292346, 1230, 0, 1, 0, 0, 0.00%, 0, 1, 1, 441.26
1654292351, 1239, 0, 1, 0, 0, 0.00%, 0, 1, 1, 442.38
1654292356, 1248, 0, 1, 0, 0, 0.00%, 0, 1, 1, 443.05
1654292361, 1257, 0, 1, 0, 0, 0.00%, 0, 1, 1, 442.49
1654292366, 1265, 0, 1, 0, 0, 0.00%, 0, 1, 1, 442.29
1654292371, 1274, 0, 1, 0, 0, 0.00%, 0, 1, 1, 443.85
1654292376, 1283, 0, 1, 0, 0, 0.00%, 0, 1, 1, 444.64
1654292382, 1292, 0, 1, 0, 0, 0.00%, 0, 1, 1, 445.79
1654292387, 1301, 0, 1, 0, 0, 0.00%, 0, 1, 1, 446.39
1654292392, 1310, 0, 1, 0, 0, 0.00%, 0, 1, 1, 446.50
1654292397, 1319, 0, 1, 0, 0, 0.00%, 0, 1, 1, 445.73
1654292402, 1328, 0, 1, 0, 0, 0.00%, 0, 1, 1, 444.91
1654292407, 1337, 0, 1, 0, 0, 0.00%, 0, 1, 1, 446.47
1654292412, 1346, 0, 1, 0, 0, 0.00%, 0, 1, 1, 445.97
1654292417, 1354, 0, 1, 0, 0, 0.00%, 0, 1, 1, 446.01
1654292423, 1363, 0, 1, 0, 0, 0.00%, 0, 1, 1, 447.52
1654292428, 1372, 0, 1, 0, 0, 0.00%, 0, 1, 1, 446.82
1654292433, 1381, 0, 1, 0, 0, 0.00%, 0, 1, 1, 446.40
1654292438, 1390, 0, 1, 0, 0, 0.00%, 0, 1, 1, 445.80
1654292443, 1399, 0, 1, 0, 0, 0.00%, 0, 1, 1, 446.79
1654292448, 1408, 0, 1, 0, 0, 0.00%, 0, 1, 1, 445.93
1654292453, 1417, 0, 1, 0, 0, 0.00%, 0, 1, 1, 445.53
1654292458, 1426, 0, 1, 0, 0, 0.00%, 0, 1, 1, 446.84
1654292463, 1435, 0, 1, 0, 0, 0.00%, 0, 1, 1, 446.34
1654292469, 1444, 0, 1, 0, 0, 0.00%, 0, 1, 1, 446.16
1654292474, 1453, 0, 1, 0, 0, 0.00%, 0, 1, 1, 447.39
1654292479, 1462, 0, 1, 0, 0, 0.00%, 0, 1, 1, 446.87
1654292484, 1471, 0, 1, 0, 0, 0.00%, 0, 1, 1, 447.34
1654292489, 1479, 0, 1, 0, 0, 0.00%, 0, 1, 1, 447.01
1654292494, 1488, 0, 1, 0, 0, 0.00%, 0, 1, 1, 445.08
1654292499, 1497, 0, 1, 0, 0, 0.00%, 0, 1, 1, 443.55
1654292504, 1506, 0, 1, 0, 0, 0.00%, 0, 1, 1, 446.37
1654292509, 1515, 0, 1, 0, 0, 0.00%, 0, 1, 1, 446.92
1654292515, 1524, 0, 1, 0, 0, 0.00%, 0, 1, 1, 446.99
1654292520, 1533, 0, 1, 0, 0, 0.00%, 0, 1, 1, 444.80
1654292525, 1542, 0, 1, 0, 0, 0.00%, 0, 1, 1, 444.85
1654292530, 1551, 0, 1, 0, 0, 0.00%, 0, 1, 1, 445.71
1654292535, 1559, 0, 1, 0, 0, 0.00%, 0, 1, 1, 445.11
1654292540, 1568, 0, 1, 0, 0, 0.00%, 0, 1, 1, 444.58
1654292545, 1577, 0, 1, 0, 0, 0.00%, 0, 1, 1, 445.00
1654292550, 1586, 0, 1, 0, 0, 0.00%, 0, 1, 1, 443.83
1654292555, 1595, 0, 1, 0, 0, 0.00%, 0, 1, 1, 437.45
1654292561, 1604, 0, 1, 0, 0, 0.00%, 0, 1, 1, 443.30
1654292566, 1612, 0, 1, 0, 0, 0.00%, 0, 1, 1, 444.35
1654292571, 1621, 0, 1, 0, 0, 0.00%, 0, 1, 1, 444.55
1654292576, 1630, 0, 1, 0, 0, 0.00%, 0, 1, 1, 440.83
1654292581, 1639, 0, 1, 0, 0, 0.00%, 0, 1, 1, 440.13
1654292586, 1648, 0, 1, 0, 0, 0.00%, 0, 1, 1, 444.14
1654292591, 1657, 0, 1, 0, 0, 0.00%, 0, 1, 1, 445.62
1654292596, 1666, 0, 1, 0, 0, 0.00%, 0, 1, 1, 445.75
1654292601, 1674, 0, 1, 0, 0, 0.00%, 0, 1, 1, 445.02
1654292606, 1683, 0, 1, 0, 0, 0.00%, 0, 1, 1, 445.89
1654292612, 1692, 0, 1, 0, 0, 0.00%, 0, 1, 1, 445.00
1654292617, 1701, 0, 1, 0, 0, 0.00%, 0, 1, 1, 438.93
1654292622, 1710, 0, 1, 0, 0, 0.00%, 0, 1, 1, 443.56
1654292627, 1719, 0, 1, 0, 0, 0.00%, 0, 1, 1, 445.12
1654292632, 1728, 0, 1, 0, 0, 0.00%, 0, 1, 1, 446.57
1654292637, 1737, 0, 1, 0, 0, 0.00%, 0, 1, 1, 446.71
1654292642, 1746, 0, 1, 0, 0, 0.00%, 0, 1, 1, 446.43
1654292647, 1754, 0, 1, 0, 0, 0.00%, 0, 1, 1, 446.47
1654292652, 1763, 0, 1, 0, 0, 0.00%, 0, 1, 1, 445.78
1654292658, 1772, 0, 1, 0, 0, 0.00%, 0, 1, 1, 446.07
1654292663, 1781, 0, 1, 0, 0, 0.00%, 0, 1, 1, 446.31
1654292668, 1790, 0, 1, 0, 0, 0.00%, 0, 1, 1, 446.81
1654292673, 1799, 0, 1, 0, 0, 0.00%, 0, 1, 1, 447.06
1654292678, 1808, 0, 1, 0, 0, 0.00%, 0, 1, 1, 445.91
1654292683, 1817, 0, 1, 0, 0, 0.00%, 0, 1, 1, 446.51
1654292688, 1826, 0, 1, 0, 0, 0.00%, 0, 1, 1, 446.46
1654292693, 1835, 0, 1, 0, 0, 0.00%, 0, 1, 1, 446.24
1654292699, 1844, 0, 1, 0, 0, 0.00%, 0, 1, 1, 446.29
1654292704, 1852, 0, 1, 0, 0, 0.00%, 0, 1, 1, 445.23
1654292709, 1861, 0, 1, 0, 0, 0.00%, 0, 1, 1, 445.16
1654292714, 1870, 0, 1, 0, 0, 0.00%, 0, 1, 1, 444.72
1654292719, 1879, 0, 1, 0, 0, 0.00%, 0, 1, 1, 446.11
1654292724, 1888, 0, 1, 0, 0, 0.00%, 0, 1, 1, 446.36
1654292729, 1897, 0, 1, 0, 0, 0.00%, 0, 1, 1, 446.47
1654292734, 1906, 0, 1, 0, 0, 0.00%, 0, 1, 1, 440.90
1654292740, 1915, 0, 1, 0, 0, 0.00%, 0, 1, 1, 444.42
1654292745, 1924, 0, 1, 0, 0, 0.00%, 0, 1, 1, 436.58
1654292750, 1932, 0, 1, 0, 0, 0.00%, 0, 1, 1, 442.87
1654292755, 1941, 0, 1, 0, 0, 0.00%, 0, 1, 1, 446.36
1654292760, 1950, 0, 1, 0, 0, 0.00%, 0, 1, 1, 447.07
1654292766, 1952, 0, 1, 0, 0, 0.00%, 0, 1, 1, 10.92
1654292771, 1961, 0, 1, 0, 0, 0.00%, 0, 1, 1, 445.66
1654292776, 1970, 0, 1, 0, 0, 0.00%, 0, 1, 1, 444.41
1654292781, 1979, 0, 1, 0, 0, 0.00%, 0, 1, 1, 444.48
1654292787, 1988, 0, 1, 0, 0, 0.00%, 0, 1, 1, 445.81
1654292792, 1997, 0, 1, 0, 0, 0.00%, 0, 1, 1, 446.27
1654292797, 2006, 0, 1, 0, 0, 0.00%, 0, 1, 1, 446.16
1654292802, 2015, 0, 1, 0, 0, 0.00%, 0, 1, 1, 445.90
1654292807, 2024, 0, 1, 0, 0, 0.00%, 0, 1, 1, 445.72
1654292812, 2032, 0, 1, 0, 0, 0.00%, 0, 1, 1, 446.70
1654292817, 2041, 0, 1, 0, 0, 0.00%, 0, 1, 1, 447.02
1654292822, 2050, 0, 1, 0, 0, 0.00%, 0, 1, 1, 445.39
1654292828, 2059, 0, 1, 0, 0, 0.00%, 0, 1, 1, 446.12
1654292833, 2068, 0, 1, 0, 0, 0.00%, 0, 1, 1, 445.74
