# unix_time, cycles_done, cur_path, paths_total, pending_total, pending_favs, map_size, unique_crashes, unique_hangs, max_depth, execs_per_sec
1621533716, 0, 0, 1, 1, 1, 0.16%, 0, 0, 1, 5.82
1621534308, 2, 0, 1, 0, 0, 0.16%, 0, 0, 1, 6.00
1621534314, 3, 0, 1, 0, 0, 0.16%, 0, 0, 1, 5.99
1621534319, 4, 0, 1, 0, 0, 0.16%, 0, 0, 1, 6.04
1621534324, 5, 0, 1, 0, 0, 0.16%, 0, 0, 1, 6.02
1621534329, 7, 0, 1, 0, 0, 0.16%, 0, 0, 1, 6.01
1621534334, 8, 0, 1, 0, 0, 0.16%, 0, 0, 1, 5.96
1621534339, 9, 0, 1, 0, 0, 0.16%, 0, 0, 1, 5.98
1621534345, 10, 0, 1, 0, 0, 0.16%, 0, 0, 1, 5.95
1621534350, 11, 0, 1, 0, 0, 0.16%, 0, 0, 1, 5.92
1621534355, 13, 0, 1, 0, 0, 0.16%, 0, 0, 1, 6.04
1621534360, 14, 0, 1, 0, 0, 0.16%, 0, 0, 1, 5.99
1621534365, 15, 0, 1, 0, 0, 0.16%, 0, 0, 1, 5.97
1621534370, 16, 0, 1, 0, 0, 0.16%, 0, 0, 1, 5.89
1621534375, 18, 0, 1, 0, 0, 0.16%, 0, 0, 1, 5.97
1621534381, 19, 0, 1, 0, 0, 0.16%, 0, 0, 1, 5.97
1621534386, 20, 0, 1, 0, 0, 0.16%, 0, 0, 1, 6.00
1621534391, 21, 0, 1, 0, 0, 0.16%, 0, 0, 1, 5.98
1621534396, 23, 0, 1, 0, 0, 0.16%, 0, 0, 1, 5.96
1621534401, 24, 0, 1, 0, 0, 0.16%, 0, 0, 1, 6.01
1621534406, 25, 0, 1, 0, 0, 0.16%, 0, 0, 1, 5.97
1621534411, 26, 0, 1, 0, 0, 0.16%, 0, 0, 1, 5.96
1621534416, 27, 0, 1, 0, 0, 0.16%, 0, 0, 1, 5.94
1621534422, 29, 0, 1, 0, 0, 0.16%, 0, 0, 1, 5.96
1621534427, 30, 0, 1, 0, 0, 0.16%, 0, 0, 1, 5.97
1621534432, 31, 0, 1, 0, 0, 0.16%, 0, 0, 1, 5.99
1621534437, 32, 0, 1, 0, 0, 0.16%, 0, 0, 1, 5.96
1621534442, 33, 0, 1, 0, 0, 0.16%, 0, 0, 1, 6.00
1621534447, 35, 0, 1, 0, 0, 0.16%, 0, 0, 1, 6.04
1621534452, 36, 0, 1, 0, 0, 0.16%, 0, 0, 1, 6.00
1621534457, 37, 0, 1, 0, 0, 0.16%, 0, 0, 1, 6.05
1621534462, 38, 0, 1, 0, 0, 0.16%, 0, 0, 1, 6.09
1621534467, 40, 0, 1, 0, 0, 0.16%, 0, 0, 1, 6.03
1621534472, 41, 0, 1, 0, 0, 0.16%, 0, 0, 1, 6.02
1621534478, 42, 0, 1, 0, 0, 0.16%, 0, 0, 1, 5.98
1621534483, 43, 0, 1, 0, 0, 0.16%, 0, 0, 1, 5.94
1621534488, 45, 0, 1, 0, 0, 0.16%, 0, 0, 1, 5.95
1621534493, 46, 0, 1, 0, 0, 0.16%, 0, 0, 1, 5.93
1621534498, 47, 0, 1, 0, 0, 0.16%, 0, 0, 1, 6.04
1621534503, 48, 0, 1, 0, 0, 0.16%, 0, 0, 1, 5.96
1621534508, 49, 0, 1, 0, 0, 0.16%, 0, 0, 1, 5.99
1621534513, 51, 0, 1, 0, 0, 0.16%, 0, 0, 1, 5.95
1621534519, 52, 0, 1, 0, 0, 0.16%, 0, 0, 1, 5.97
1621534524, 53, 0, 1, 0, 0, 0.16%, 0, 0, 1, 5.98
1621534529, 54, 0, 1, 0, 0, 0.16%, 0, 0, 1, 5.88
1621534534, 56, 0, 1, 0, 0, 0.16%, 0, 0, 1, 5.95
1621534539, 57, 0, 1, 0, 0, 0.16%, 0, 0, 1, 6.03
1621534544, 58, 0, 1, 0, 0, 0.16%, 0, 0, 1, 6.01
1621534550, 59, 0, 1, 0, 0, 0.16%, 0, 0, 1, 6.03
1621534555, 61, 0, 1, 0, 0, 0.16%, 0, 0, 1, 6.01
1621534560, 62, 0, 1, 0, 0, 0.16%, 0, 0, 1, 5.93
1621534565, 63, 0, 1, 0, 0, 0.16%, 0, 0, 1, 5.97
1621534570, 64, 0, 1, 0, 0, 0.16%, 0, 0, 1, 5.96
1621534575, 65, 0, 1, 0, 0, 0.16%, 0, 0, 1, 5.96
1621534580, 67, 0, 1, 0, 0, 0.16%, 0, 0, 1, 5.96
1621534585, 68, 0, 1, 0, 0, 0.16%, 0, 0, 1, 5.98
1621534591, 69, 0, 1, 0, 0, 0.16%, 0, 0, 1, 6.05
1621534596, 70, 0, 1, 0, 0, 0.16%, 0, 0, 1, 6.03
1621534601, 72, 0, 1, 0, 0, 0.16%, 0, 0, 1, 6.06
1621534606, 73, 0, 1, 0, 0, 0.16%, 0, 0, 1, 5.98
1621534611, 74, 0, 1, 0, 0, 0.16%, 0, 0, 1, 5.97
1621534616, 75, 0, 1, 0, 0, 0.16%, 0, 0, 1, 5.95
1621534622, 77, 0, 1, 0, 0, 0.16%, 0, 0, 1, 5.98
1621534628, 77, 0, 1, 0, 0, 0.16%, 0, 1, 1, 0.20
1621534633, 78, 0, 1, 0, 0, 0.16%, 0, 1, 1, 6.20
1621534638, 79, 0, 1, 0, 0, 0.16%, 0, 1, 1, 6.03
1621534643, 81, 0, 1, 0, 0, 0.16%, 0, 1, 1, 6.01
1621534648, 82, 0, 1, 0, 0, 0.16%, 0, 1, 1, 6.00
1621534654, 83, 0, 1, 0, 0, 0.16%, 0, 1, 1, 5.95
1621534659, 84, 0, 1, 0, 0, 0.16%, 0, 1, 1, 5.89
1621534664, 85, 0, 1, 0, 0, 0.16%, 0, 1, 1, 5.96
1621534669, 87, 0, 1, 0, 0, 0.16%, 0, 1, 1, 5.93
1621534674, 88, 0, 1, 0, 0, 0.16%, 0, 1, 1, 6.02
1621534679, 89, 0, 1, 0, 0, 0.16%, 0, 1, 1, 5.97
1621534684, 90, 0, 1, 0, 0, 0.16%, 0, 1, 1, 5.99
1621534689, 92, 0, 1, 0, 0, 0.16%, 0, 1, 1, 6.05
1621534695, 93, 0, 1, 0, 0, 0.16%, 0, 1, 1, 6.01
1621534700, 94, 0, 1, 0, 0, 0.16%, 0, 1, 1, 5.99
1621534705, 95, 0, 1, 0, 0, 0.16%, 0, 1, 1, 6.00
1621534710, 97, 0, 1, 0, 0, 0.16%, 0, 1, 1, 6.01
1621534715, 98, 0, 1, 0, 0, 0.16%, 0, 1, 1, 5.97
1621534721, 99, 0, 1, 0, 0, 0.16%, 0, 1, 1, 6.02
1621534726, 100, 0, 1, 0, 0, 0.16%, 0, 1, 1, 6.00
1621534731, 102, 0, 1, 0, 0, 0.16%, 0, 1, 1, 6.00
1621534736, 103, 0, 1, 0, 0, 0.16%, 0, 1, 1, 6.02
1621534741, 104, 0, 1, 0, 0, 0.16%, 0, 1, 1, 6.04
1621534747, 105, 0, 1, 0, 0, 0.16%, 0, 1, 1, 6.08
1621534752, 107, 0, 1, 0, 0, 0.16%, 0, 1, 1, 6.05
1621534757, 108, 0, 1, 0, 0, 0.16%, 0, 1, 1, 6.04
1621534763, 109, 0, 1, 0, 0, 0.16%, 0, 1, 1, 6.03
1621534768, 110, 0, 1, 0, 0, 0.16%, 0, 1, 1, 6.08
1621534773, 112, 0, 1, 0, 0, 0.16%, 0, 1, 1, 6.03
1621534778, 113, 0, 1, 0, 0, 0.16%, 0, 1, 1, 6.05
1621534783, 114, 0, 1, 0, 0, 0.16%, 0, 1, 1, 6.02
1621534789, 115, 0, 1, 0, 0, 0.16%, 0, 1, 1, 5.98
1621534794, 117, 0, 1, 0, 0, 0.16%, 0, 1, 1, 6.06
1621534799, 118, 0, 1, 0, 0, 0.16%, 0, 1, 1, 6.05
1621534804, 119, 0, 1, 0, 0, 0.16%, 0, 1, 1, 6.03
1621534810, 121, 0, 1, 0, 0, 0.16%, 0, 1, 1, 6.10
1621534815, 122, 0, 1, 0, 0, 0.16%, 0, 1, 1, 6.01
1621534820, 123, 0, 1, 0, 0, 0.16%, 0, 1, 1, 6.04
1621534825, 124, 0, 1, 0, 0, 0.16%, 0, 1, 1, 6.00
1621534831, 126, 0, 1, 0, 0, 0.16%, 0, 1, 1, 5.95
1621534836, 127, 0, 1, 0, 0, 0.16%, 0, 1, 1, 6.03
1621534841, 128, 0, 1, 0, 0, 0.16%, 0, 1, 1, 5.95
1621534846, 129, 0, 1, 0, 0, 0.16%, 0, 1, 1, 5.94
1621534851, 131, 0, 1, 0, 0, 0.16%, 0, 1, 1, 6.03
1621534857, 132, 0, 1, 0, 0, 0.16%, 0, 1, 1, 6.04
1621534862, 133, 0, 1, 0, 0, 0.16%, 0, 1, 1, 5.93
1621534867, 134, 0, 1, 0, 0, 0.16%, 0, 1, 1, 5.97
1621534872, 135, 0, 1, 0, 0, 0.16%, 0, 1, 1, 6.03
1621534877, 137, 0, 1, 0, 0, 0.16%, 0, 1, 1, 6.05
1621534882, 138, 0, 1, 0, 0, 0.16%, 0, 1, 1, 6.01
1621534888, 139, 0, 1, 0, 0, 0.16%, 0, 1, 1, 6.08
1621534893, 141, 0, 1, 0, 0, 0.16%, 0, 1, 1, 6.04
1621534898, 142, 0, 1, 0, 0, 0.16%, 0, 1, 1, 6.07
1621534904, 143, 0, 1, 0, 0, 0.16%, 0, 1, 1, 6.05
1621534909, 144, 0, 1, 0, 0, 0.16%, 0, 1, 1, 5.99
1621534914, 146, 0, 1, 0, 0, 0.16%, 0, 1, 1, 6.00
1621534919, 147, 0, 2, 1, 0, 0.16%, 0, 1, 2, 122.91
