# unix_time, cycles_done, cur_path, paths_total, pending_total, pending_favs, map_size, unique_crashes, unique_hangs, max_depth, execs_per_sec
1654326925, 0, 0, 2, 2, 1, 0.15%, 0, 0, 1, 43.48
1654326971, 0, 1, 2, 1, 0, 0.15%, 0, 0, 1, 51.02
1654327016, 2, 0, 2, 0, 0, 0.15%, 0, 0, 1, 50.22
1654327021, 4, 1, 2, 0, 0, 0.15%, 0, 0, 1, 50.47
1654327026, 7, 0, 2, 0, 0, 0.15%, 0, 0, 1, 50.32
1654327032, 9, 1, 2, 0, 0, 0.15%, 0, 0, 1, 49.75
1654327037, 12, 0, 2, 0, 0, 0.15%, 0, 0, 1, 50.37
1654327042, 14, 1, 2, 0, 0, 0.15%, 0, 0, 1, 50.10
1654327047, 17, 0, 2, 0, 0, 0.15%, 0, 0, 1, 49.60
1654327052, 19, 1, 2, 0, 0, 0.15%, 0, 0, 1, 50.32
1654327057, 22, 0, 2, 0, 0, 0.15%, 0, 0, 1, 49.60
1654327062, 24, 1, 2, 0, 0, 0.15%, 0, 0, 1, 49.48
1654327067, 27, 0, 2, 0, 0, 0.15%, 0, 0, 1, 49.98
1654327072, 29, 1, 2, 0, 0, 0.15%, 0, 0, 1, 49.94
1654327077, 32, 0, 2, 0, 0, 0.15%, 0, 0, 1, 51.09
1654327082, 34, 1, 2, 0, 0, 0.15%, 0, 0, 1, 50.36
1654327087, 37, 0, 2, 0, 0, 0.15%, 0, 0, 1, 50.74
1654327092, 39, 1, 2, 0, 0, 0.15%, 0, 0, 1, 50.79
1654327098, 42, 0, 2, 0, 0, 0.15%, 0, 0, 1, 50.60
1654327103, 44, 1, 2, 0, 0, 0.15%, 0, 0, 1, 50.42
1654327108, 47, 0, 2, 0, 0, 0.15%, 0, 0, 1, 48.87
1654327113, 49, 1, 2, 0, 0, 0.15%, 0, 0, 1, 50.21
1654327118, 52, 0, 2, 0, 0, 0.15%, 0, 0, 1, 49.68
1654327123, 54, 1, 2, 0, 0, 0.15%, 0, 0, 1, 49.83
1654327128, 57, 0, 2, 0, 0, 0.15%, 0, 0, 1, 49.25
1654327133, 59, 1, 2, 0, 0, 0.15%, 0, 0, 1, 49.69
1654327138, 62, 0, 2, 0, 0, 0.15%, 0, 0, 1, 50.30
1654327143, 64, 1, 2, 0, 0, 0.15%, 0, 0, 1, 50.65
1654327148, 67, 0, 2, 0, 0, 0.15%, 0, 0, 1, 50.19
1654327153, 69, 1, 2, 0, 0, 0.15%, 0, 0, 1, 51.35
1654327158, 72, 1, 2, 0, 0, 0.15%, 0, 0, 1, 58.43
1654327164, 75, 1, 2, 0, 0, 0.15%, 0, 0, 1, 60.23
1654327169, 78, 1, 2, 0, 0, 0.15%, 0, 0, 1, 57.93
1654327174, 81, 0, 2, 0, 0, 0.15%, 0, 0, 1, 56.34
1654327179, 84, 0, 2, 0, 0, 0.15%, 0, 0, 1, 54.57
1654327184, 86, 1, 2, 0, 0, 0.15%, 0, 0, 1, 58.30
1654327189, 89, 1, 2, 0, 0, 0.15%, 0, 0, 1, 58.60
1654327194, 92, 1, 2, 0, 0, 0.15%, 0, 0, 1, 57.16
1654327199, 95, 0, 2, 0, 0, 0.15%, 0, 0, 1, 56.20
1654327204, 98, 0, 2, 0, 0, 0.15%, 0, 0, 1, 56.89
1654327209, 100, 1, 2, 0, 0, 0.15%, 0, 0, 1, 54.86
1654327214, 103, 1, 2, 0, 0, 0.15%, 0, 0, 1, 52.59
1654327219, 106, 0, 2, 0, 0, 0.15%, 0, 0, 1, 51.11
1654327224, 108, 1, 2, 0, 0, 0.15%, 0, 0, 1, 50.44
1654327229, 111, 0, 2, 0, 0, 0.15%, 0, 0, 1, 50.91
1654327234, 113, 1, 2, 0, 0, 0.15%, 0, 0, 1, 50.97
1654327239, 116, 0, 2, 0, 0, 0.15%, 0, 0, 1, 50.46
1654327244, 118, 1, 2, 0, 0, 0.15%, 0, 0, 1, 50.96
1654327250, 121, 0, 2, 0, 0, 0.15%, 0, 0, 1, 50.98
1654327255, 123, 1, 2, 0, 0, 0.15%, 0, 0, 1, 50.57
1654327260, 126, 0, 2, 0, 0, 0.15%, 0, 0, 1, 50.02
1654327265, 128, 1, 2, 0, 0, 0.15%, 0, 0, 1, 51.23
1654327270, 131, 0, 2, 0, 0, 0.15%, 0, 0, 1, 51.74
1654327275, 133, 1, 2, 0, 0, 0.15%, 0, 0, 1, 52.21
1654327280, 136, 0, 2, 0, 0, 0.15%, 0, 0, 1, 52.28
1654327285, 138, 1, 2, 0, 0, 0.15%, 0, 0, 1, 51.20
1654327290, 141, 0, 2, 0, 0, 0.15%, 0, 0, 1, 51.67
1654327295, 144, 0, 2, 0, 0, 0.15%, 0, 0, 1, 52.03
1654327300, 146, 1, 2, 0, 0, 0.15%, 0, 0, 1, 51.15
1654327305, 149, 0, 2, 0, 0, 0.15%, 0, 0, 1, 50.39
1654327310, 151, 1, 2, 0, 0, 0.15%, 0, 0, 1, 50.99
1654327315, 154, 0, 2, 0, 0, 0.15%, 0, 0, 1, 49.91
1654327320, 156, 1, 2, 0, 0, 0.15%, 0, 0, 1, 49.94
1654327326, 159, 0, 2, 0, 0, 0.15%, 0, 0, 1, 50.05
1654327331, 161, 1, 2, 0, 0, 0.15%, 0, 0, 1, 51.51
1654327336, 164, 0, 2, 0, 0, 0.15%, 0, 0, 1, 51.58
1654327341, 166, 1, 2, 0, 0, 0.15%, 0, 0, 1, 51.23
1654327346, 169, 0, 2, 0, 0, 0.15%, 0, 0, 1, 50.53
1654327351, 171, 1, 2, 0, 0, 0.15%, 0, 0, 1, 50.09
1654327356, 174, 0, 2, 0, 0, 0.15%, 0, 0, 1, 50.55
1654327361, 176, 1, 2, 0, 0, 0.15%, 0, 0, 1, 51.23
1654327366, 179, 0, 2, 0, 0, 0.15%, 0, 0, 1, 50.23
1654327371, 181, 1, 2, 0, 0, 0.15%, 0, 0, 1, 50.72
1654327376, 184, 0, 2, 0, 0, 0.15%, 0, 0, 1, 49.40
1654327382, 186, 1, 2, 0, 0, 0.15%, 0, 0, 1, 49.25
1654327387, 189, 0, 2, 0, 0, 0.15%, 0, 0, 1, 50.97
1654327392, 191, 1, 2, 0, 0, 0.15%, 0, 0, 1, 49.55
1654327397, 194, 0, 2, 0, 0, 0.15%, 0, 0, 1, 49.70
1654327402, 196, 1, 2, 0, 0, 0.15%, 0, 0, 1, 50.74
1654327407, 199, 0, 2, 0, 0, 0.15%, 0, 0, 1, 50.09
1654327412, 201, 1, 2, 0, 0, 0.15%, 0, 0, 1, 50.18
1654327417, 204, 0, 2, 0, 0, 0.15%, 0, 0, 1, 50.55
1654327422, 206, 1, 2, 0, 0, 0.15%, 0, 0, 1, 51.43
1654327427, 209, 0, 2, 0, 0, 0.15%, 0, 0, 1, 49.41
1654327432, 211, 1, 2, 0, 0, 0.15%, 0, 0, 1, 50.26
1654327437, 214, 0, 2, 0, 0, 0.15%, 0, 0, 1, 51.06
1654327443, 216, 1, 2, 0, 0, 0.15%, 0, 0, 1, 50.77
1654327448, 219, 0, 2, 0, 0, 0.15%, 0, 0, 1, 50.31
1654327453, 221, 1, 2, 0, 0, 0.15%, 0, 0, 1, 49.68
1654327458, 224, 0, 2, 0, 0, 0.15%, 0, 0, 1, 49.43
1654327463, 226, 1, 2, 0, 0, 0.15%, 0, 0, 1, 50.88
1654327468, 229, 0, 2, 0, 0, 0.15%, 0, 0, 1, 50.71
1654327473, 232, 0, 2, 0, 0, 0.15%, 0, 0, 1, 51.25
1654327478, 234, 0, 2, 0, 0, 0.15%, 0, 0, 1, 50.35
1654327483, 236, 1, 2, 0, 0, 0.15%, 0, 0, 1, 51.06
1654327488, 239, 1, 2, 0, 0, 0.15%, 0, 0, 1, 50.76
1654327493, 242, 0, 2, 0, 0, 0.15%, 0, 0, 1, 49.70
1654327498, 244, 0, 2, 0, 0, 0.15%, 0, 0, 1, 49.12
1654327503, 247, 0, 2, 0, 0, 0.15%, 0, 0, 1, 50.82
1654327508, 249, 0, 2, 0, 0, 0.15%, 0, 0, 1, 50.06
1654327513, 251, 1, 2, 0, 0, 0.15%, 0, 0, 1, 49.53
1654327518, 254, 1, 2, 0, 0, 0.15%, 0, 0, 1, 50.45
1654327524, 257, 0, 2, 0, 0, 0.15%, 0, 0, 1, 51.17
1654327531, 258, 0, 2, 0, 0, 0.15%, 0, 1, 1, 1.75
1654327536, 261, 0, 2, 0, 0, 0.15%, 0, 1, 1, 51.80
1654327547, 263, 1, 2, 0, 0, 0.15%, 0, 1, 1, 49.30
1654327552, 266, 0, 2, 0, 0, 0.15%, 0, 1, 1, 51.06
1654327557, 268, 1, 2, 0, 0, 0.15%, 0, 1, 1, 50.85
1654327562, 271, 0, 2, 0, 0, 0.15%, 0, 1, 1, 49.45
1654327567, 273, 1, 2, 0, 0, 0.15%, 0, 1, 1, 50.99
1654327572, 276, 0, 2, 0, 0, 0.15%, 0, 1, 1, 49.84
1654327577, 278, 1, 2, 0, 0, 0.15%, 0, 1, 1, 50.56
1654327582, 281, 0, 2, 0, 0, 0.15%, 0, 1, 1, 50.68
1654327587, 283, 1, 2, 0, 0, 0.15%, 0, 1, 1, 50.73
1654327597, 286, 0, 2, 0, 0, 0.15%, 0, 1, 1, 0.98
1654327602, 288, 0, 2, 0, 0, 0.15%, 0, 1, 1, 49.79
1654327607, 290, 1, 2, 0, 0, 0.15%, 0, 1, 1, 51.04
1654327612, 293, 0, 2, 0, 0, 0.15%, 0, 1, 1, 50.78
1654327619, 294, 0, 2, 0, 0, 0.15%, 0, 2, 1, 0.98
1654327625, 294, 1, 2, 0, 0, 0.15%, 0, 2, 1, 2.11
1654327630, 297, 0, 2, 0, 0, 0.15%, 0, 2, 1, 48.48
1654327635, 299, 1, 2, 0, 0, 0.15%, 0, 2, 1, 50.23
1654327640, 302, 0, 2, 0, 0, 0.15%, 0, 2, 1, 50.63
1654327648, 303, 1, 2, 0, 0, 0.15%, 0, 2, 1, 1.55
1654327653, 306, 0, 2, 0, 0, 0.15%, 0, 2, 1, 51.33
1654327658, 308, 1, 2, 0, 0, 0.15%, 0, 2, 1, 49.52
1654327663, 311, 0, 2, 0, 0, 0.15%, 0, 2, 1, 50.33
1654327668, 313, 1, 2, 0, 0, 0.15%, 0, 2, 1, 50.27
1654327677, 315, 0, 2, 0, 0, 0.15%, 0, 2, 1, 1.73
1654327686, 317, 0, 2, 0, 0, 0.15%, 0, 2, 1, 1.37
1654327691, 319, 1, 2, 0, 0, 0.15%, 0, 2, 1, 50.54
1654327696, 322, 0, 2, 0, 0, 0.15%, 0, 2, 1, 50.34
1654327701, 325, 0, 2, 0, 0, 0.15%, 0, 2, 1, 51.10
1654327706, 327, 1, 2, 0, 0, 0.15%, 0, 2, 1, 51.48
1654327711, 330, 0, 2, 0, 0, 0.15%, 0, 2, 1, 50.48
1654327716, 332, 1, 2, 0, 0, 0.15%, 0, 2, 1, 49.73
1654327721, 335, 0, 2, 0, 0, 0.15%, 0, 2, 1, 49.95
1654327726, 337, 0, 2, 0, 0, 0.15%, 0, 2, 1, 50.12
1654327731, 340, 0, 2, 0, 0, 0.15%, 0, 2, 1, 52.16
1654327736, 342, 1, 2, 0, 0, 0.15%, 0, 2, 1, 50.82
1654327741, 345, 0, 2, 0, 0, 0.15%, 0, 2, 1, 52.31
1654327752, 347, 1, 2, 0, 0, 0.15%, 0, 2, 1, 49.53
1654327757, 350, 0, 2, 0, 0, 0.15%, 0, 2, 1, 49.17
1654327762, 352, 1, 2, 0, 0, 0.15%, 0, 2, 1, 49.55
1654327767, 355, 0, 2, 0, 0, 0.15%, 0, 2, 1, 49.30
1654327776, 357, 0, 2, 0, 0, 0.15%, 0, 2, 1, 0.40
1654327781, 359, 1, 2, 0, 0, 0.15%, 0, 2, 1, 50.24
1654327786, 362, 0, 2, 0, 0, 0.15%, 0, 2, 1, 50.33
1654327791, 364, 1, 2, 0, 0, 0.15%, 0, 2, 1, 50.57
1654327800, 366, 1, 2, 0, 0, 0.15%, 0, 2, 1, 0.98
1654327805, 369, 0, 2, 0, 0, 0.15%, 0, 2, 1, 50.56
1654327810, 371, 1, 2, 0, 0, 0.15%, 0, 2, 1, 49.85
1654327818, 372, 1, 2, 0, 0, 0.15%, 0, 2, 1, 0.98
1654327828, 375, 0, 2, 0, 0, 0.15%, 0, 2, 1, 0.98
1654327833, 377, 1, 2, 0, 0, 0.15%, 0, 2, 1, 51.20
1654327838, 380, 0, 2, 0, 0, 0.15%, 0, 2, 1, 49.48
1654327843, 382, 1, 2, 0, 0, 0.15%, 0, 2, 1, 50.16
1654327848, 385, 0, 2, 0, 0, 0.15%, 0, 2, 1, 48.82
1654327853, 387, 1, 2, 0, 0, 0.15%, 0, 2, 1, 50.24
1654327858, 390, 0, 2, 0, 0, 0.15%, 0, 2, 1, 50.15
1654327863, 392, 1, 2, 0, 0, 0.15%, 0, 2, 1, 50.12
1654327868, 395, 0, 2, 0, 0, 0.15%, 0, 2, 1, 50.90
1654327873, 397, 1, 2, 0, 0, 0.15%, 0, 2, 1, 50.15
1654327882, 399, 0, 2, 0, 0, 0.15%, 0, 2, 1, 1.74
1654327887, 402, 0, 2, 0, 0, 0.15%, 0, 2, 1, 53.06
1654327892, 404, 1, 2, 0, 0, 0.15%, 0, 2, 1, 50.48
1654327897, 407, 0, 2, 0, 0, 0.15%, 0, 2, 1, 50.10
1654327902, 409, 1, 2, 0, 0, 0.15%, 0, 2, 1, 51.60
1654327912, 412, 0, 2, 0, 0, 0.15%, 0, 2, 1, 0.98
1654327917, 414, 1, 2, 0, 0, 0.15%, 0, 2, 1, 50.38
1654327922, 417, 0, 2, 0, 0, 0.15%, 0, 2, 1, 51.18
1654327927, 419, 1, 2, 0, 0, 0.15%, 0, 2, 1, 50.75
1654327933, 420, 0, 2, 0, 0, 0.15%, 0, 2, 1, 1.18
1654327938, 422, 1, 2, 0, 0, 0.15%, 0, 2, 1, 50.24
1654327943, 425, 0, 2, 0, 0, 0.15%, 0, 2, 1, 51.83
1654327948, 427, 1, 2, 0, 0, 0.15%, 0, 2, 1, 49.81
1654327957, 429, 0, 2, 0, 0, 0.15%, 0, 2, 1, 0.40
1654327962, 431, 1, 2, 0, 0, 0.15%, 0, 2, 1, 51.50
1654327967, 434, 0, 2, 0, 0, 0.15%, 0, 2, 1, 50.26
1654327974, 435, 0, 2, 0, 0, 0.15%, 0, 2, 1, 1.36
1654327979, 437, 1, 2, 0, 0, 0.15%, 0, 2, 1, 50.63
1654327984, 440, 0, 2, 0, 0, 0.15%, 0, 2, 1, 50.75
1654327989, 442, 1, 2, 0, 0, 0.15%, 0, 2, 1, 49.69
1654327994, 445, 0, 2, 0, 0, 0.15%, 0, 2, 1, 49.80
1654327999, 447, 1, 2, 0, 0, 0.15%, 0, 2, 1, 50.53
1654328004, 450, 0, 2, 0, 0, 0.15%, 0, 2, 1, 50.82
1654328009, 452, 1, 2, 0, 0, 0.15%, 0, 2, 1, 50.00
1654328014, 455, 0, 2, 0, 0, 0.15%, 0, 2, 1, 50.62
1654328019, 457, 1, 2, 0, 0, 0.15%, 0, 2, 1, 50.38
1654328024, 460, 0, 2, 0, 0, 0.15%, 0, 2, 1, 50.32
1654328029, 462, 1, 2, 0, 0, 0.15%, 0, 2, 1, 50.01
1654328035, 465, 0, 2, 0, 0, 0.15%, 0, 2, 1, 52.54
1654328040, 467, 1, 2, 0, 0, 0.15%, 0, 2, 1, 50.60
1654328045, 470, 0, 2, 0, 0, 0.15%, 0, 2, 1, 51.29
1654328050, 472, 1, 2, 0, 0, 0.15%, 0, 2, 1, 49.69
1654328058, 474, 0, 2, 0, 0, 0.15%, 0, 2, 1, 0.20
1654328063, 476, 1, 2, 0, 0, 0.15%, 0, 2, 1, 50.63
1654328068, 479, 0, 2, 0, 0, 0.15%, 0, 2, 1, 50.22
1654328073, 481, 1, 2, 0, 0, 0.15%, 0, 2, 1, 50.45
1654328079, 484, 0, 2, 0, 0, 0.15%, 0, 2, 1, 49.87
1654328084, 486, 1, 2, 0, 0, 0.15%, 0, 2, 1, 49.11
1654328089, 489, 0, 2, 0, 0, 0.15%, 0, 2, 1, 50.82
1654328098, 491, 1, 2, 0, 0, 0.15%, 0, 2, 1, 1.74
1654328108, 493, 1, 2, 0, 0, 0.15%, 0, 2, 1, 0.98
1654328113, 496, 1, 2, 0, 0, 0.15%, 0, 2, 1, 51.90
1654328122, 498, 0, 2, 0, 0, 0.15%, 0, 2, 1, 0.98
1654328127, 500, 1, 2, 0, 0, 0.15%, 0, 2, 1, 52.01
