# unix_time, cycles_done, cur_path, paths_total, pending_total, pending_favs, map_size, unique_crashes, unique_hangs, max_depth, execs_per_sec
1619760534, 0, 0, 1, 1, 1, 13.99%, 0, 0, 1, 99.50
1619760540, 0, 0, 9, 9, 1, 14.81%, 0, 0, 2, 19.03
1619760545, 0, 0, 12, 12, 1, 15.77%, 0, 0, 2, 160.60
1619760550, 0, 0, 18, 18, 1, 15.78%, 0, 0, 2, 168.32
1619760555, 0, 0, 21, 21, 1, 15.78%, 0, 0, 2, 172.92
1619760560, 0, 0, 26, 26, 1, 15.78%, 0, 0, 2, 173.23
1619760565, 0, 0, 30, 30, 1, 15.78%, 0, 0, 2, 170.39
1619760570, 0, 0, 39, 39, 1, 15.84%, 0, 0, 2, 167.60
1619760575, 0, 0, 42, 42, 1, 15.84%, 0, 0, 2, 174.35
1619760586, 0, 0, 45, 45, 1, 15.84%, 0, 0, 2, 164.71
1619760601, 0, 0, 46, 46, 1, 15.84%, 0, 0, 2, 172.37
1619760606, 0, 0, 47, 47, 1, 15.84%, 0, 0, 2, 173.58
1619760611, 0, 0, 49, 49, 1, 15.84%, 0, 0, 2, 171.34
1619760616, 0, 0, 51, 51, 1, 15.84%, 0, 0, 2, 172.47
1619760622, 0, 0, 53, 53, 1, 15.84%, 0, 0, 2, 170.72
1619760627, 0, 0, 55, 55, 1, 15.84%, 0, 0, 2, 174.28
1619760632, 0, 0, 56, 56, 1, 15.84%, 0, 0, 2, 172.18
1619760637, 0, 0, 58, 58, 1, 15.85%, 0, 0, 2, 175.47
1619760642, 0, 0, 59, 59, 1, 15.85%, 0, 0, 2, 172.98
1619760663, 0, 0, 60, 60, 1, 15.85%, 0, 0, 2, 173.56
1619760668, 0, 0, 62, 62, 1, 15.85%, 0, 0, 2, 174.69
1619760689, 0, 0, 63, 63, 1, 15.85%, 0, 0, 2, 173.28
1619760699, 0, 0, 64, 64, 1, 15.85%, 0, 0, 2, 173.24
1619760704, 0, 0, 65, 65, 1, 15.85%, 0, 0, 2, 173.89
1619760714, 0, 0, 68, 68, 1, 15.85%, 0, 0, 2, 166.88
1619760719, 0, 0, 84, 84, 1, 15.85%, 0, 0, 2, 177.81
1619760730, 0, 0, 86, 86, 1, 15.85%, 0, 0, 2, 174.62
1619760761, 0, 0, 87, 87, 1, 15.85%, 0, 0, 2, 173.33
1619760766, 0, 0, 88, 88, 1, 15.85%, 0, 0, 2, 172.37
1619760776, 0, 0, 90, 90, 1, 15.85%, 0, 0, 2, 173.72
1619760797, 0, 0, 91, 91, 1, 15.85%, 0, 0, 2, 173.66
1619760812, 0, 0, 92, 92, 1, 15.85%, 0, 0, 2, 172.84
1619760822, 0, 0, 93, 93, 1, 15.85%, 0, 0, 2, 173.14
1619760838, 0, 0, 96, 96, 1, 15.85%, 0, 0, 2, 172.10
1619760843, 0, 0, 97, 97, 1, 15.85%, 0, 0, 2, 172.40
1619760853, 0, 0, 99, 99, 1, 15.85%, 0, 0, 2, 173.62
1619760859, 0, 0, 100, 100, 1, 15.85%, 0, 0, 2, 172.22
1619760869, 0, 0, 101, 101, 1, 15.85%, 0, 0, 2, 172.54
1619760874, 0, 0, 103, 103, 1, 15.85%, 0, 0, 2, 174.52
1619760900, 0, 0, 104, 104, 1, 15.85%, 0, 0, 2, 174.56
1619760910, 0, 0, 107, 107, 1, 15.85%, 0, 0, 2, 173.22
1619760922, 0, 0, 108, 108, 1, 15.85%, 0, 0, 2, 0.33
1619760927, 0, 0, 110, 110, 1, 16.37%, 0, 0, 2, 533.71
1619760932, 0, 0, 117, 117, 1, 16.37%, 0, 0, 2, 745.09
1619760938, 0, 0, 120, 120, 1, 16.37%, 0, 0, 2, 819.86
1619760943, 0, 0, 124, 124, 1, 16.37%, 0, 0, 2, 830.17
1619760948, 0, 0, 127, 127, 1, 16.37%, 0, 0, 2, 843.53
1619760953, 0, 0, 128, 128, 1, 16.37%, 0, 0, 2, 851.28
1619760958, 0, 0, 130, 130, 1, 16.37%, 0, 0, 2, 855.67
1619760963, 0, 0, 132, 132, 1, 16.37%, 0, 0, 2, 855.84
1619760968, 0, 0, 133, 133, 1, 16.37%, 0, 0, 2, 844.11
1619760973, 0, 0, 134, 134, 1, 16.37%, 0, 0, 2, 838.43
1619760994, 0, 0, 135, 135, 1, 16.37%, 0, 0, 2, 851.47
1619761009, 0, 0, 137, 137, 1, 16.37%, 0, 0, 2, 855.77
1619761025, 0, 0, 140, 140, 1, 16.37%, 0, 0, 2, 827.13
1619761030, 0, 0, 141, 141, 1, 16.37%, 0, 0, 2, 824.52
1619761035, 0, 0, 142, 142, 1, 16.37%, 0, 0, 2, 807.24
1619761040, 0, 0, 143, 143, 1, 16.37%, 0, 0, 2, 833.00
1619761045, 0, 4, 144, 143, 9, 16.37%, 0, 0, 3, 856.94
1619761060, 0, 4, 145, 144, 9, 16.37%, 0, 0, 3, 858.94
1619761070, 0, 4, 146, 145, 9, 16.37%, 0, 0, 3, 843.08
1619761075, 0, 4, 147, 146, 9, 16.37%, 0, 0, 3, 833.00
1619761081, 0, 4, 148, 147, 9, 16.37%, 0, 0, 3, 833.18
1619761096, 0, 4, 149, 148, 9, 16.37%, 0, 0, 3, 851.73
1619761101, 0, 4, 150, 149, 9, 16.37%, 0, 0, 3, 865.32
1619761111, 0, 4, 151, 150, 9, 16.37%, 0, 0, 3, 697.68
1619761132, 0, 4, 152, 151, 9, 16.37%, 0, 0, 3, 850.52
1619761147, 0, 4, 153, 152, 9, 16.37%, 0, 0, 3, 866.90
1619761157, 0, 4, 154, 153, 9, 16.37%, 0, 0, 3, 828.95
1619761188, 0, 4, 155, 154, 9, 16.37%, 0, 0, 3, 818.74
1619761199, 0, 4, 156, 155, 9, 16.37%, 0, 0, 3, 837.62
1619761214, 0, 34, 156, 154, 8, 16.37%, 0, 0, 3, 845.95
1619761229, 0, 34, 157, 155, 8, 16.37%, 0, 0, 3, 860.51
1619761270, 0, 34, 158, 156, 8, 16.37%, 0, 0, 3, 862.46
1619761275, 0, 34, 159, 157, 8, 16.37%, 0, 0, 3, 852.65
1619761377, 0, 35, 159, 156, 7, 16.37%, 0, 0, 3, 848.41
1619761495, 0, 35, 160, 157, 7, 16.37%, 0, 0, 3, 846.98
1619761520, 0, 35, 161, 158, 7, 16.37%, 0, 0, 3, 850.50
1619761541, 0, 42, 161, 157, 6, 16.37%, 0, 0, 3, 1052.25
1619761653, 0, 42, 162, 158, 6, 16.37%, 0, 0, 3, 835.90
1619761704, 0, 54, 162, 157, 6, 16.37%, 0, 0, 3, 816.09
1619761715, 0, 54, 163, 158, 6, 16.37%, 0, 0, 3, 824.30
1619761735, 0, 54, 164, 159, 6, 16.43%, 0, 0, 3, 811.75
