# unix_time, cycles_done, cur_path, paths_total, pending_total, pending_favs, map_size, unique_crashes, unique_hangs, max_depth, execs_per_sec
1654294062, 0, 0, 1, 1, 1, 0.15%, 0, 0, 1, 97.56
1654294083, 3, 0, 1, 0, 0, 0.15%, 0, 0, 1, 197.36
1654294088, 7, 0, 1, 0, 0, 0.15%, 0, 0, 1, 173.32
1654294093, 11, 0, 1, 0, 0, 0.15%, 0, 0, 1, 202.34
1654294098, 16, 0, 1, 0, 0, 0.15%, 0, 0, 1, 230.56
1654294103, 20, 0, 1, 0, 0, 0.15%, 0, 0, 1, 229.27
1654294108, 25, 0, 1, 0, 0, 0.15%, 0, 0, 1, 255.98
1654294113, 31, 0, 1, 0, 0, 0.15%, 0, 0, 1, 281.89
1654294118, 37, 0, 1, 0, 0, 0.15%, 0, 0, 1, 306.77
1654294124, 43, 0, 1, 0, 0, 0.15%, 0, 0, 1, 266.98
1654294129, 49, 0, 1, 0, 0, 0.15%, 0, 0, 1, 313.02
1654294134, 53, 0, 1, 0, 0, 0.15%, 0, 0, 1, 231.48
1654294139, 59, 0, 1, 0, 0, 0.15%, 0, 0, 1, 301.57
1654294144, 66, 0, 1, 0, 0, 0.15%, 0, 0, 1, 328.73
1654294149, 71, 0, 1, 0, 0, 0.15%, 0, 0, 1, 277.84
1654294154, 78, 0, 1, 0, 0, 0.15%, 0, 0, 1, 308.62
1654294159, 84, 0, 1, 0, 0, 0.15%, 0, 0, 1, 301.26
1654294164, 88, 0, 1, 0, 0, 0.15%, 0, 0, 1, 213.50
1654294170, 93, 0, 1, 0, 0, 0.15%, 0, 0, 1, 268.13
1654294175, 98, 0, 1, 0, 0, 0.15%, 0, 0, 1, 242.39
1654294180, 105, 0, 1, 0, 0, 0.15%, 0, 0, 1, 318.43
1654294185, 112, 0, 1, 0, 0, 0.15%, 0, 0, 1, 338.68
1654294190, 116, 0, 1, 0, 0, 0.15%, 0, 0, 1, 230.84
1654294195, 120, 0, 1, 0, 0, 0.15%, 0, 0, 1, 254.50
1654294200, 126, 0, 1, 0, 0, 0.15%, 0, 0, 1, 273.07
1654294205, 132, 0, 1, 0, 0, 0.15%, 0, 0, 1, 314.82
1654294210, 138, 0, 1, 0, 0, 0.15%, 0, 0, 1, 320.94
1654294215, 144, 0, 1, 0, 0, 0.15%, 0, 0, 1, 248.71
1654294220, 150, 0, 1, 0, 0, 0.15%, 0, 0, 1, 317.48
1654294225, 155, 0, 1, 0, 0, 0.15%, 0, 0, 1, 278.29
1654294230, 161, 0, 1, 0, 0, 0.15%, 0, 0, 1, 274.40
1654294235, 164, 0, 1, 0, 0, 0.15%, 0, 0, 1, 209.52
1654294241, 168, 0, 1, 0, 0, 0.15%, 0, 0, 1, 188.90
1654294246, 172, 0, 1, 0, 0, 0.15%, 0, 0, 1, 190.79
1654294251, 176, 0, 1, 0, 0, 0.15%, 0, 0, 1, 211.07
1654294256, 183, 0, 1, 0, 0, 0.15%, 0, 0, 1, 314.36
1654294261, 190, 0, 1, 0, 0, 0.15%, 0, 0, 1, 314.52
1654294266, 194, 0, 1, 0, 0, 0.15%, 0, 0, 1, 257.08
1654294271, 200, 0, 1, 0, 0, 0.15%, 0, 0, 1, 295.66
1654294276, 205, 0, 1, 0, 0, 0.15%, 0, 0, 1, 288.18
1654294281, 211, 0, 1, 0, 0, 0.15%, 0, 0, 1, 260.51
1654294286, 215, 0, 1, 0, 0, 0.15%, 0, 0, 1, 227.20
1654294292, 222, 0, 1, 0, 0, 0.15%, 0, 0, 1, 293.73
1654294297, 225, 0, 1, 0, 0, 0.15%, 0, 0, 1, 207.59
1654294302, 229, 0, 1, 0, 0, 0.15%, 0, 0, 1, 192.83
1654294307, 235, 0, 1, 0, 0, 0.15%, 0, 0, 1, 284.12
1654294312, 241, 0, 1, 0, 0, 0.15%, 0, 0, 1, 300.32
1654294317, 247, 0, 1, 0, 0, 0.15%, 0, 0, 1, 284.84
1654294322, 253, 0, 1, 0, 0, 0.15%, 0, 0, 1, 322.44
1654294327, 257, 0, 1, 0, 0, 0.15%, 0, 0, 1, 250.76
1654294332, 264, 0, 1, 0, 0, 0.15%, 0, 0, 1, 295.85
1654294337, 268, 0, 1, 0, 0, 0.15%, 0, 0, 1, 213.80
1654294342, 271, 0, 1, 0, 0, 0.15%, 0, 0, 1, 191.90
1654294348, 277, 0, 1, 0, 0, 0.15%, 0, 0, 1, 283.24
1654294353, 282, 0, 1, 0, 0, 0.15%, 0, 0, 1, 245.39
1654294358, 286, 0, 1, 0, 0, 0.15%, 0, 0, 1, 198.89
1654294363, 290, 0, 1, 0, 0, 0.15%, 0, 0, 1, 193.82
1654294368, 296, 0, 1, 0, 0, 0.15%, 0, 0, 1, 310.14
1654294373, 301, 0, 1, 0, 0, 0.15%, 0, 0, 1, 275.99
1654294378, 307, 0, 1, 0, 0, 0.15%, 0, 0, 1, 277.48
1654294383, 311, 0, 1, 0, 0, 0.15%, 0, 0, 1, 209.98
1654294388, 314, 0, 1, 0, 0, 0.15%, 0, 0, 1, 186.69
1654294393, 318, 0, 1, 0, 0, 0.15%, 0, 0, 1, 191.00
1654294399, 325, 0, 1, 0, 0, 0.15%, 0, 0, 1, 303.46
1654294404, 332, 0, 1, 0, 0, 0.15%, 0, 0, 1, 339.29
1654294409, 336, 0, 1, 0, 0, 0.15%, 0, 0, 1, 226.14
1654294414, 339, 0, 1, 0, 0, 0.15%, 0, 0, 1, 198.09
1654294419, 345, 0, 1, 0, 0, 0.15%, 0, 0, 1, 266.96
1654294424, 350, 0, 1, 0, 0, 0.15%, 0, 0, 1, 255.50
1654294429, 354, 0, 1, 0, 0, 0.15%, 0, 0, 1, 234.07
1654294434, 360, 0, 1, 0, 0, 0.15%, 0, 0, 1, 294.99
1654294439, 365, 0, 1, 0, 0, 0.15%, 0, 0, 1, 264.00
1654294444, 371, 0, 1, 0, 0, 0.15%, 0, 0, 1, 273.26
1654294449, 375, 0, 1, 0, 0, 0.15%, 0, 0, 1, 209.65
1654294454, 379, 0, 1, 0, 0, 0.15%, 0, 0, 1, 188.69
1654294460, 382, 0, 1, 0, 0, 0.15%, 0, 0, 1, 194.66
1654294465, 389, 0, 1, 0, 0, 0.15%, 0, 0, 1, 301.87
1654294470, 393, 0, 1, 0, 0, 0.15%, 0, 0, 1, 212.31
1654294475, 397, 0, 1, 0, 0, 0.15%, 0, 0, 1, 191.89
1654294480, 403, 0, 1, 0, 0, 0.15%, 0, 0, 1, 293.40
1654294485, 408, 0, 1, 0, 0, 0.15%, 0, 0, 1, 239.73
1654294490, 413, 0, 1, 0, 0, 0.15%, 0, 0, 1, 273.00
1654294495, 418, 0, 1, 0, 0, 0.15%, 0, 0, 1, 264.09
1654294501, 425, 0, 1, 0, 0, 0.15%, 0, 0, 1, 321.83
1654294506, 432, 0, 1, 0, 0, 0.15%, 0, 0, 1, 339.02
1654294511, 436, 0, 1, 0, 0, 0.15%, 0, 0, 1, 222.20
1654294516, 439, 0, 1, 0, 0, 0.15%, 0, 0, 1, 201.42
1654294521, 446, 0, 1, 0, 0, 0.15%, 0, 0, 1, 299.86
1654294526, 452, 0, 1, 0, 0, 0.15%, 0, 0, 1, 302.37
1654294531, 459, 0, 1, 0, 0, 0.15%, 0, 0, 1, 343.67
1654294536, 464, 0, 1, 0, 0, 0.15%, 0, 0, 1, 251.04
1654294541, 469, 0, 1, 0, 0, 0.15%, 0, 0, 1, 293.66
1654294546, 474, 0, 1, 0, 0, 0.15%, 0, 0, 1, 244.98
1654294552, 481, 0, 1, 0, 0, 0.15%, 0, 0, 1, 319.55
1654294557, 485, 0, 1, 0, 0, 0.15%, 0, 0, 1, 211.48
1654294562, 489, 0, 1, 0, 0, 0.15%, 0, 0, 1, 192.90
1654294567, 493, 0, 1, 0, 0, 0.15%, 0, 0, 1, 249.89
1654294572, 499, 0, 1, 0, 0, 0.15%, 0, 0, 1, 264.46
1654294577, 504, 0, 1, 0, 0, 0.15%, 0, 0, 1, 283.56
1654294582, 509, 0, 1, 0, 0, 0.15%, 0, 0, 1, 253.00
1654294587, 516, 0, 1, 0, 0, 0.15%, 0, 0, 1, 318.31
1654294592, 521, 0, 1, 0, 0, 0.15%, 0, 0, 1, 279.74
1654294597, 527, 0, 1, 0, 0, 0.15%, 0, 0, 1, 275.46
1654294602, 531, 0, 1, 0, 0, 0.15%, 0, 0, 1, 201.81
1654294608, 536, 0, 1, 0, 0, 0.15%, 0, 0, 1, 294.74
1654294613, 541, 0, 1, 0, 0, 0.15%, 0, 0, 1, 239.28
1654294618, 546, 0, 1, 0, 0, 0.15%, 0, 0, 1, 249.90
1654294623, 552, 0, 1, 0, 0, 0.15%, 0, 0, 1, 283.54
1654294628, 556, 0, 1, 0, 0, 0.15%, 0, 0, 1, 205.05
1654294633, 560, 0, 1, 0, 0, 0.15%, 0, 0, 1, 207.71
1654294638, 566, 0, 1, 0, 0, 0.15%, 0, 0, 1, 295.70
1654294643, 573, 0, 1, 0, 0, 0.15%, 0, 0, 1, 337.89
1654294648, 577, 0, 1, 0, 0, 0.15%, 0, 0, 1, 222.01
1654294653, 581, 0, 1, 0, 0, 0.15%, 0, 0, 1, 196.71
1654294659, 586, 0, 1, 0, 0, 0.15%, 0, 0, 1, 284.32
1654294664, 591, 0, 1, 0, 0, 0.15%, 0, 0, 1, 239.72
1654294671, 593, 0, 1, 0, 0, 0.15%, 0, 1, 1, 0.80
1654294676, 599, 0, 1, 0, 0, 0.15%, 0, 1, 1, 313.48
1654294685, 604, 0, 1, 0, 0, 0.15%, 0, 1, 1, 6.56
1654294691, 605, 0, 1, 0, 0, 0.15%, 0, 1, 1, 5.51
1654294696, 609, 0, 1, 0, 0, 0.15%, 0, 1, 1, 190.67
1654294701, 614, 0, 1, 0, 0, 0.15%, 0, 1, 1, 282.51
1654294710, 619, 0, 1, 0, 0, 0.15%, 0, 2, 1, 4.87
1654294723, 622, 0, 1, 0, 0, 0.15%, 0, 2, 1, 2.37
1654294728, 627, 0, 1, 0, 0, 0.15%, 0, 2, 1, 254.96
1654294733, 633, 0, 1, 0, 0, 0.15%, 0, 2, 1, 320.54
1654294742, 637, 0, 1, 0, 0, 0.15%, 0, 2, 1, 3.91
1654294747, 644, 0, 1, 0, 0, 0.15%, 0, 2, 1, 356.26
1654294753, 645, 0, 1, 0, 0, 0.15%, 0, 2, 1, 5.51
1654294760, 648, 0, 1, 0, 0, 0.15%, 0, 2, 1, 5.70
1654294776, 652, 0, 1, 0, 0, 0.15%, 0, 2, 1, 190.82
1654294786, 656, 0, 1, 0, 0, 0.15%, 0, 2, 1, 0.60
1654294792, 657, 0, 1, 0, 0, 0.15%, 0, 2, 1, 3.95
1654294797, 661, 0, 1, 0, 0, 0.15%, 0, 2, 1, 191.27
1654294803, 665, 0, 1, 0, 0, 0.15%, 0, 2, 1, 189.43
1654294811, 667, 0, 1, 0, 0, 0.15%, 0, 2, 1, 4.69
1654294816, 673, 0, 1, 0, 0, 0.15%, 0, 2, 1, 292.92
1654294822, 674, 0, 1, 0, 0, 0.15%, 0, 2, 1, 4.73
1654294828, 675, 0, 1, 0, 0, 0.15%, 0, 2, 1, 3.56
1654294836, 677, 0, 1, 0, 0, 0.15%, 0, 2, 1, 6.95
1654294841, 682, 0, 1, 0, 0, 0.15%, 0, 2, 1, 237.98
1654294849, 686, 0, 1, 0, 0, 0.15%, 0, 2, 1, 9.35
1654294854, 691, 0, 1, 0, 0, 0.15%, 0, 2, 1, 228.31
1654294874, 694, 0, 1, 0, 0, 0.15%, 0, 2, 1, 3.53
1654294882, 697, 0, 1, 0, 0, 0.15%, 0, 2, 1, 1.98
1654294896, 701, 0, 1, 0, 0, 0.15%, 0, 2, 1, 7.83
1654294902, 702, 0, 1, 0, 0, 0.15%, 0, 2, 1, 10.83
1654294908, 704, 0, 1, 0, 0, 0.15%, 0, 2, 1, 8.57
1654294915, 706, 0, 1, 0, 0, 0.15%, 0, 2, 1, 13.85
1654294922, 709, 0, 1, 0, 0, 0.15%, 0, 2, 1, 10.86
1654294930, 713, 0, 1, 0, 0, 0.15%, 0, 2, 1, 10.86
1654294937, 715, 0, 1, 0, 0, 0.15%, 0, 2, 1, 5.89
1654294947, 720, 0, 1, 0, 0, 0.15%, 0, 2, 1, 250.97
1654294954, 722, 0, 1, 0, 0, 0.15%, 0, 2, 1, 7.15
1654294959, 726, 0, 1, 0, 0, 0.15%, 0, 2, 1, 211.05
1654294966, 728, 0, 1, 0, 0, 0.15%, 0, 2, 1, 1.00
1654294974, 733, 0, 1, 0, 0, 0.15%, 0, 2, 1, 8.21
1654294982, 736, 0, 1, 0, 0, 0.15%, 0, 2, 1, 7.66
1654294989, 737, 0, 1, 0, 0, 0.15%, 0, 2, 1, 6.77
1654294996, 741, 0, 1, 0, 0, 0.15%, 0, 2, 1, 8.97
1654295001, 745, 0, 1, 0, 0, 0.15%, 0, 2, 1, 237.39
1654295006, 749, 0, 1, 0, 0, 0.15%, 0, 2, 1, 196.99
1654295016, 752, 0, 1, 0, 0, 0.15%, 0, 2, 1, 1.79
1654295029, 754, 0, 1, 0, 0, 0.15%, 0, 2, 1, 5.25
1654295034, 755, 0, 1, 0, 0, 0.15%, 0, 2, 1, 1.39
1654295044, 761, 0, 1, 0, 0, 0.15%, 0, 2, 1, 13.84
1654295049, 767, 0, 1, 0, 0, 0.15%, 0, 2, 1, 281.95
1654295055, 768, 0, 1, 0, 0, 0.15%, 0, 2, 1, 11.59
1654295064, 773, 0, 1, 0, 0, 0.15%, 0, 2, 1, 10.85
1654295070, 775, 0, 1, 0, 0, 0.15%, 0, 2, 1, 9.53
1654295075, 779, 0, 1, 0, 0, 0.15%, 0, 2, 1, 187.04
1654295087, 781, 0, 1, 0, 0, 0.15%, 0, 2, 1, 1.39
1654295092, 785, 0, 1, 0, 0, 0.15%, 0, 2, 1, 229.73
1654295102, 790, 0, 1, 0, 0, 0.15%, 0, 2, 1, 248.76
1654295112, 794, 0, 1, 0, 0, 0.15%, 0, 2, 1, 4.93
1654295117, 800, 0, 1, 0, 0, 0.15%, 0, 2, 1, 294.23
1654295122, 801, 0, 1, 0, 0, 0.15%, 0, 2, 1, 4.92
1654295129, 802, 0, 1, 0, 0, 0.15%, 0, 2, 1, 4.68
1654295134, 808, 0, 1, 0, 0, 0.15%, 0, 2, 1, 307.52
1654295139, 812, 0, 1, 0, 0, 0.15%, 0, 2, 1, 214.78
1654295148, 818, 0, 1, 0, 0, 0.15%, 0, 2, 1, 7.82
1654295157, 822, 0, 1, 0, 0, 0.15%, 0, 2, 1, 13.66
1654295164, 825, 0, 1, 0, 0, 0.15%, 0, 2, 1, 2.98
1654295172, 829, 0, 1, 0, 0, 0.15%, 0, 2, 1, 11.61
1654295177, 835, 0, 1, 0, 0, 0.15%, 0, 2, 1, 298.66
1654295185, 839, 0, 1, 0, 0, 0.15%, 0, 2, 1, 9.35
1654295194, 844, 0, 1, 0, 0, 0.15%, 0, 2, 1, 1.39
1654295203, 848, 0, 1, 0, 0, 0.15%, 0, 2, 1, 2.95
1654295210, 851, 0, 1, 0, 0, 0.15%, 0, 2, 1, 4.74
1654295215, 858, 0, 1, 0, 0, 0.15%, 0, 2, 1, 302.23
1654295220, 863, 0, 1, 0, 0, 0.15%, 0, 2, 1, 309.11
1654295225, 870, 0, 1, 0, 0, 0.15%, 0, 2, 1, 327.77
1654295232, 872, 0, 1, 0, 0, 0.15%, 0, 2, 1, 6.68
1654295237, 877, 0, 1, 0, 0, 0.15%, 0, 2, 1, 287.05
1654295243, 879, 0, 1, 0, 0, 0.15%, 0, 2, 1, 7.06
1654295248, 883, 0, 1, 0, 0, 0.15%, 0, 2, 1, 188.63
1654295254, 887, 0, 1, 0, 0, 0.15%, 0, 2, 1, 186.67
1654295260, 888, 0, 1, 0, 0, 0.15%, 0, 2, 1, 4.15
1654295266, 889, 0, 2, 1, 0, 0.15%, 0, 2, 2, 3.92
