# unix_time, cycles_done, cur_path, paths_total, pending_total, pending_favs, map_size, unique_crashes, unique_hangs, max_depth, execs_per_sec
1654297715, 0, 0, 1, 1, 1, 0.15%, 0, 0, 1, 307.69
1654297735, 2, 0, 1, 0, 0, 0.15%, 0, 0, 1, 140.15
1654297740, 5, 0, 1, 0, 0, 0.15%, 0, 0, 1, 152.17
1654297745, 10, 0, 1, 0, 0, 0.15%, 0, 0, 1, 265.67
1654297750, 17, 0, 1, 0, 0, 0.15%, 0, 0, 1, 287.03
1654297755, 23, 0, 1, 0, 0, 0.15%, 0, 0, 1, 313.85
1654297760, 27, 0, 1, 0, 0, 0.15%, 0, 0, 1, 217.12
1654297765, 31, 0, 1, 0, 0, 0.15%, 0, 0, 1, 196.92
1654297770, 37, 0, 1, 0, 0, 0.15%, 0, 0, 1, 310.06
1654297775, 42, 0, 1, 0, 0, 0.15%, 0, 0, 1, 233.59
1654297781, 48, 0, 1, 0, 0, 0.15%, 0, 0, 1, 316.62
1654297786, 53, 0, 1, 0, 0, 0.15%, 0, 0, 1, 231.72
1654297791, 57, 0, 1, 0, 0, 0.15%, 0, 0, 1, 202.18
1654297796, 61, 0, 1, 0, 0, 0.15%, 0, 0, 1, 239.83
1654297801, 68, 0, 1, 0, 0, 0.15%, 0, 0, 1, 282.85
1654297806, 73, 0, 1, 0, 0, 0.15%, 0, 0, 1, 278.21
1654297811, 78, 0, 1, 0, 0, 0.15%, 0, 0, 1, 272.22
1654297817, 84, 0, 1, 0, 0, 0.15%, 0, 0, 1, 301.53
1654297822, 90, 0, 1, 0, 0, 0.15%, 0, 0, 1, 322.34
1654297827, 96, 0, 1, 0, 0, 0.15%, 0, 0, 1, 289.39
1654297832, 103, 0, 1, 0, 0, 0.15%, 0, 0, 1, 317.14
1654297837, 107, 0, 1, 0, 0, 0.15%, 0, 0, 1, 255.98
1654297842, 114, 0, 1, 0, 0, 0.15%, 0, 0, 1, 311.93
1654297847, 121, 0, 1, 0, 0, 0.15%, 0, 0, 1, 332.79
1654297852, 127, 0, 1, 0, 0, 0.15%, 0, 0, 1, 349.70
1654297857, 133, 0, 1, 0, 0, 0.15%, 0, 0, 1, 282.48
1654297862, 139, 0, 1, 0, 0, 0.15%, 0, 0, 1, 303.94
1654297867, 143, 0, 1, 0, 0, 0.15%, 0, 0, 1, 221.15
1654297873, 150, 0, 1, 0, 0, 0.15%, 0, 0, 1, 321.46
1654297878, 158, 0, 1, 0, 0, 0.15%, 0, 0, 1, 354.29
1654297883, 161, 0, 1, 0, 0, 0.15%, 0, 0, 1, 218.55
1654297888, 166, 0, 1, 0, 0, 0.15%, 0, 0, 1, 230.34
1654297893, 172, 0, 1, 0, 0, 0.15%, 0, 0, 1, 312.15
1654297898, 179, 0, 1, 0, 0, 0.15%, 0, 0, 1, 332.99
1654297903, 183, 0, 1, 0, 0, 0.15%, 0, 0, 1, 223.09
1654297908, 187, 0, 1, 0, 0, 0.15%, 0, 0, 1, 195.85
1654297913, 191, 0, 1, 0, 0, 0.15%, 0, 0, 1, 216.63
1654297919, 198, 0, 1, 0, 0, 0.15%, 0, 0, 1, 297.39
1654297924, 202, 0, 1, 0, 0, 0.15%, 0, 0, 1, 225.77
1654297929, 209, 0, 1, 0, 0, 0.15%, 0, 0, 1, 303.47
1654297934, 215, 0, 1, 0, 0, 0.15%, 0, 0, 1, 343.34
1654297939, 221, 0, 1, 0, 0, 0.15%, 0, 0, 1, 308.23
1654297944, 226, 0, 1, 0, 0, 0.15%, 0, 0, 1, 268.26
1654297949, 234, 0, 1, 0, 0, 0.15%, 0, 0, 1, 339.13
1654297954, 240, 0, 1, 0, 0, 0.15%, 0, 0, 1, 332.60
1654297959, 246, 0, 1, 0, 0, 0.15%, 0, 0, 1, 332.56
1654297964, 251, 0, 1, 0, 0, 0.15%, 0, 0, 1, 240.58
1654297969, 255, 0, 1, 0, 0, 0.15%, 0, 0, 1, 199.08
1654297975, 259, 0, 1, 0, 0, 0.15%, 0, 0, 1, 191.60
1654297980, 263, 0, 1, 0, 0, 0.15%, 0, 0, 1, 188.20
1654297985, 270, 0, 1, 0, 0, 0.15%, 0, 0, 1, 327.61
1654297990, 273, 0, 1, 0, 0, 0.15%, 0, 0, 1, 218.20
1654297995, 277, 0, 1, 0, 0, 0.15%, 0, 0, 1, 199.14
1654298000, 281, 0, 1, 0, 0, 0.15%, 0, 0, 1, 188.79
1654298005, 286, 0, 1, 0, 0, 0.15%, 0, 0, 1, 245.90
1654298011, 292, 0, 1, 0, 0, 0.15%, 0, 0, 1, 272.30
1654298016, 296, 0, 1, 0, 0, 0.15%, 0, 0, 1, 209.52
1654298021, 301, 0, 1, 0, 0, 0.15%, 0, 0, 1, 288.45
1654298026, 306, 0, 1, 0, 0, 0.15%, 0, 0, 1, 237.12
1654298031, 313, 0, 1, 0, 0, 0.15%, 0, 0, 1, 327.26
1654298036, 319, 0, 1, 0, 0, 0.15%, 0, 0, 1, 301.22
1654298041, 325, 0, 1, 0, 0, 0.15%, 0, 0, 1, 323.99
1654298046, 331, 0, 1, 0, 0, 0.15%, 0, 0, 1, 286.49
1654298051, 335, 0, 1, 0, 0, 0.15%, 0, 0, 1, 213.30
1654298056, 339, 0, 1, 0, 0, 0.15%, 0, 0, 1, 189.56
1654298062, 342, 0, 1, 0, 0, 0.15%, 0, 0, 1, 189.90
1654298067, 346, 0, 1, 0, 0, 0.15%, 0, 0, 1, 187.40
1654298072, 351, 0, 1, 0, 0, 0.15%, 0, 0, 1, 259.05
1654298077, 357, 0, 1, 0, 0, 0.15%, 0, 0, 1, 270.12
1654298082, 361, 0, 1, 0, 0, 0.15%, 0, 0, 1, 209.63
1654298087, 365, 0, 1, 0, 0, 0.15%, 0, 0, 1, 196.58
1654298092, 369, 0, 1, 0, 0, 0.15%, 0, 0, 1, 191.01
1654298097, 373, 0, 1, 0, 0, 0.15%, 0, 0, 1, 245.98
1654298102, 379, 0, 1, 0, 0, 0.15%, 0, 0, 1, 279.41
1654298108, 386, 0, 1, 0, 0, 0.15%, 0, 0, 1, 343.25
1654298113, 390, 0, 1, 0, 0, 0.15%, 0, 0, 1, 220.98
1654298118, 397, 0, 1, 0, 0, 0.15%, 0, 0, 1, 320.55
1654298123, 403, 0, 1, 0, 0, 0.15%, 0, 0, 1, 303.17
1654298128, 408, 0, 1, 0, 0, 0.15%, 0, 0, 1, 267.01
1654298133, 412, 0, 1, 0, 0, 0.15%, 0, 0, 1, 206.69
1654298138, 416, 0, 1, 0, 0, 0.15%, 0, 0, 1, 184.07
1654298144, 419, 0, 1, 0, 0, 0.15%, 0, 0, 1, 181.68
1654298149, 422, 0, 1, 0, 0, 0.15%, 0, 0, 1, 169.98
1654298154, 428, 0, 1, 0, 0, 0.15%, 0, 0, 1, 268.62
1654298159, 434, 0, 1, 0, 0, 0.15%, 0, 0, 1, 292.91
1654298164, 440, 0, 1, 0, 0, 0.15%, 0, 0, 1, 282.30
1654298169, 445, 0, 1, 0, 0, 0.15%, 0, 0, 1, 294.18
1654298174, 452, 0, 1, 0, 0, 0.15%, 0, 0, 1, 336.67
1654298179, 458, 0, 1, 0, 0, 0.15%, 0, 0, 1, 266.57
1654298184, 461, 0, 1, 0, 0, 0.15%, 0, 0, 1, 209.03
1654298189, 468, 0, 1, 0, 0, 0.15%, 0, 0, 1, 326.35
1654298195, 475, 0, 1, 0, 0, 0.15%, 0, 0, 1, 338.39
1654298200, 481, 0, 1, 0, 0, 0.15%, 0, 0, 1, 346.39
1654298205, 487, 0, 1, 0, 0, 0.15%, 0, 0, 1, 314.25
1654298210, 493, 0, 1, 0, 0, 0.15%, 0, 0, 1, 281.56
1654298215, 497, 0, 1, 0, 0, 0.15%, 0, 0, 1, 208.63
1654298220, 504, 0, 1, 0, 0, 0.15%, 0, 0, 1, 324.62
1654298225, 508, 0, 1, 0, 0, 0.15%, 0, 0, 1, 226.39
1654298230, 514, 0, 1, 0, 0, 0.15%, 0, 0, 1, 299.62
1654298235, 519, 0, 1, 0, 0, 0.15%, 0, 0, 1, 243.36
1654298240, 523, 0, 1, 0, 0, 0.15%, 0, 0, 1, 208.84
1654298245, 530, 0, 1, 0, 0, 0.15%, 0, 0, 1, 315.54
1654298250, 536, 0, 1, 0, 0, 0.15%, 0, 0, 1, 332.67
1654298256, 541, 0, 1, 0, 0, 0.15%, 0, 0, 1, 234.63
1654298261, 547, 0, 1, 0, 0, 0.15%, 0, 0, 1, 328.01
1654298266, 553, 0, 1, 0, 0, 0.15%, 0, 0, 1, 296.66
1654298271, 559, 0, 1, 0, 0, 0.15%, 0, 0, 1, 275.53
1654298276, 563, 0, 1, 0, 0, 0.15%, 0, 0, 1, 258.58
1654298281, 570, 0, 1, 0, 0, 0.15%, 0, 0, 1, 335.02
1654298286, 577, 0, 1, 0, 0, 0.15%, 0, 0, 1, 304.79
1654298291, 581, 0, 1, 0, 0, 0.15%, 0, 0, 1, 241.62
1654298296, 588, 0, 1, 0, 0, 0.15%, 0, 0, 1, 309.80
1654298302, 592, 0, 1, 0, 0, 0.15%, 0, 0, 1, 209.58
1654298307, 595, 0, 1, 0, 0, 0.15%, 0, 0, 1, 196.51
1654298312, 599, 0, 1, 0, 0, 0.15%, 0, 0, 1, 190.10
1654298321, 602, 0, 1, 0, 0, 0.15%, 0, 1, 1, 3.54
1654298326, 606, 0, 1, 0, 0, 0.15%, 0, 1, 1, 228.73
1654298337, 607, 0, 1, 0, 0, 0.15%, 0, 2, 1, 12.19
1654298342, 613, 0, 1, 0, 0, 0.15%, 0, 2, 1, 293.92
1654298349, 617, 0, 1, 0, 0, 0.15%, 0, 2, 1, 12.35
1654298356, 618, 0, 1, 0, 0, 0.15%, 0, 2, 1, 5.25
1654298363, 620, 0, 1, 0, 0, 0.15%, 0, 2, 1, 1.79
1654298373, 624, 0, 1, 0, 0, 0.15%, 0, 2, 1, 190.79
1654298383, 627, 0, 1, 0, 0, 0.15%, 0, 2, 1, 6.39
1654298389, 628, 0, 1, 0, 0, 0.15%, 0, 2, 1, 1.39
1654298396, 631, 0, 1, 0, 0, 0.15%, 0, 2, 1, 6.59
1654298403, 634, 0, 1, 0, 0, 0.15%, 0, 2, 1, 7.83
1654298413, 639, 0, 1, 0, 0, 0.15%, 0, 2, 1, 5.91
1654298423, 645, 0, 1, 0, 0, 0.15%, 0, 2, 1, 13.86
1654298428, 651, 0, 1, 0, 0, 0.15%, 0, 2, 1, 296.65
1654298433, 652, 0, 1, 0, 0, 0.15%, 0, 2, 1, 1.00
1654298440, 655, 0, 1, 0, 0, 0.15%, 0, 2, 1, 6.86
1654298447, 656, 0, 1, 0, 0, 0.15%, 0, 2, 1, 1.78
1654298452, 657, 0, 1, 0, 0, 0.15%, 0, 2, 1, 8.22
1654298459, 660, 0, 1, 0, 0, 0.15%, 0, 2, 1, 8.22
1654298466, 661, 0, 1, 0, 0, 0.15%, 0, 2, 1, 2.39
1654298471, 662, 0, 1, 0, 0, 0.15%, 0, 2, 1, 6.20
1654298483, 665, 0, 1, 0, 0, 0.15%, 0, 2, 1, 9.55
1654298496, 668, 0, 1, 0, 0, 0.15%, 0, 2, 1, 13.46
1654298503, 670, 0, 1, 0, 0, 0.15%, 0, 2, 1, 6.93
1654298517, 673, 0, 1, 0, 0, 0.15%, 0, 2, 1, 13.11
1654298526, 677, 0, 1, 0, 0, 0.15%, 0, 2, 1, 1.59
1654298534, 681, 0, 1, 0, 0, 0.15%, 0, 2, 1, 4.15
1654298542, 684, 0, 1, 0, 0, 0.15%, 0, 2, 1, 14.79
1654298547, 689, 0, 1, 0, 0, 0.15%, 0, 2, 1, 249.03
1654298554, 691, 0, 1, 0, 0, 0.15%, 0, 2, 1, 1.59
1654298562, 693, 0, 1, 0, 0, 0.15%, 0, 2, 1, 0.80
1654298569, 695, 0, 1, 0, 0, 0.15%, 0, 2, 1, 2.37
1654298574, 696, 0, 1, 0, 0, 0.15%, 0, 2, 1, 2.76
1654298581, 699, 0, 1, 0, 0, 0.15%, 0, 2, 1, 10.88
1654298587, 702, 0, 1, 0, 0, 0.15%, 0, 2, 1, 193.12
1654298593, 703, 0, 1, 0, 0, 0.15%, 0, 2, 1, 6.95
1654298598, 708, 0, 1, 0, 0, 0.15%, 0, 2, 1, 238.96
1654298612, 713, 0, 1, 0, 0, 0.15%, 0, 2, 1, 4.15
1654298617, 719, 0, 1, 0, 0, 0.15%, 0, 2, 1, 310.83
1654298622, 720, 0, 1, 0, 0, 0.15%, 0, 2, 1, 9.35
1654298633, 724, 0, 1, 0, 0, 0.15%, 0, 2, 1, 196.91
1654298638, 729, 0, 1, 0, 0, 0.15%, 0, 2, 1, 253.61
1654298643, 735, 0, 1, 0, 0, 0.15%, 0, 2, 1, 273.34
1654298650, 737, 0, 1, 0, 0, 0.15%, 0, 2, 1, 6.76
1654298655, 741, 0, 1, 0, 0, 0.15%, 0, 2, 1, 248.61
1654298660, 745, 0, 1, 0, 0, 0.15%, 0, 2, 1, 204.29
1654298669, 748, 0, 1, 0, 0, 0.15%, 0, 2, 1, 2.95
1654298674, 749, 0, 1, 0, 0, 0.15%, 0, 2, 1, 1.99
1654298681, 750, 0, 1, 0, 0, 0.15%, 0, 2, 1, 6.86
1654298687, 751, 0, 1, 0, 0, 0.15%, 0, 2, 1, 5.82
1654298695, 755, 0, 1, 0, 0, 0.15%, 0, 2, 1, 1.19
1654298700, 759, 0, 1, 0, 0, 0.15%, 0, 2, 1, 192.83
1654298705, 765, 0, 1, 0, 0, 0.15%, 0, 2, 1, 294.34
1654298712, 768, 0, 1, 0, 0, 0.15%, 0, 2, 1, 1.19
1654298723, 772, 0, 1, 0, 0, 0.15%, 0, 2, 1, 215.89
1654298731, 774, 0, 1, 0, 0, 0.15%, 0, 2, 1, 3.92
1654298744, 779, 0, 1, 0, 0, 0.15%, 0, 2, 1, 1.19
1654298757, 782, 0, 1, 0, 0, 0.15%, 0, 2, 1, 1.39
1654298770, 786, 0, 1, 0, 0, 0.15%, 0, 2, 1, 6.76
1654298779, 790, 0, 1, 0, 0, 0.15%, 0, 2, 1, 11.60
1654298786, 792, 0, 1, 0, 0, 0.15%, 0, 2, 1, 1.20
1654298791, 796, 0, 1, 0, 0, 0.15%, 0, 2, 1, 191.01
1654298796, 800, 0, 1, 0, 0, 0.15%, 0, 2, 1, 194.94
1654298802, 801, 0, 1, 0, 0, 0.15%, 0, 2, 1, 5.24
1654298814, 803, 0, 1, 0, 0, 0.15%, 0, 2, 1, 1.59
1654298819, 809, 0, 1, 0, 0, 0.15%, 0, 2, 1, 318.54
1654298824, 813, 0, 1, 0, 0, 0.15%, 0, 2, 1, 228.08
1654298834, 819, 0, 1, 0, 0, 0.15%, 0, 2, 1, 1.79
1654298840, 821, 0, 1, 0, 0, 0.15%, 0, 2, 1, 14.77
1654298845, 825, 0, 1, 0, 0, 0.15%, 0, 2, 1, 191.17
1654298852, 827, 0, 1, 0, 0, 0.15%, 0, 2, 1, 5.25
1654298861, 832, 0, 1, 0, 0, 0.15%, 0, 2, 1, 5.63
1654298867, 833, 0, 1, 0, 0, 0.15%, 0, 2, 1, 12.52
1654298873, 835, 0, 1, 0, 0, 0.15%, 0, 2, 1, 2.78
1654298882, 839, 0, 1, 0, 0, 0.15%, 0, 2, 1, 6.95
1654298892, 845, 0, 1, 0, 0, 0.15%, 0, 2, 1, 305.87
1654298898, 846, 0, 1, 0, 0, 0.15%, 0, 2, 1, 7.07
1654298906, 851, 0, 1, 0, 0, 0.15%, 0, 2, 1, 12.15
1654298912, 852, 0, 1, 0, 0, 0.15%, 0, 2, 1, 12.71
1654298920, 855, 0, 2, 1, 0, 0.15%, 0, 2, 2, 13.48
