# unix_time, cycles_done, cur_path, paths_total, pending_total, pending_favs, map_size, unique_crashes, unique_hangs, max_depth, execs_per_sec
1621250335, 0, 0, 1, 1, 1, 1.08%, 0, 0, 1, 14.33
1621250567, 4, 0, 1, 0, 0, 1.08%, 0, 0, 1, 27.60
1621250572, 9, 0, 1, 0, 0, 1.08%, 0, 0, 1, 27.51
1621250577, 15, 0, 1, 0, 0, 1.08%, 0, 0, 1, 27.14
1621250582, 21, 0, 1, 0, 0, 1.08%, 0, 0, 1, 27.10
1621250587, 26, 0, 1, 0, 0, 1.08%, 0, 0, 1, 27.27
1621250593, 32, 0, 1, 0, 0, 1.08%, 0, 0, 1, 27.35
1621250598, 38, 0, 1, 0, 0, 1.08%, 0, 0, 1, 27.77
1621250603, 44, 0, 1, 0, 0, 1.08%, 0, 0, 1, 27.83
1621250608, 49, 0, 1, 0, 0, 1.08%, 0, 0, 1, 27.82
1621250613, 55, 0, 1, 0, 0, 1.08%, 0, 0, 1, 27.87
1621250618, 61, 0, 1, 0, 0, 1.08%, 0, 0, 1, 27.89
1621250624, 67, 0, 1, 0, 0, 1.08%, 0, 0, 1, 27.88
1621250629, 72, 0, 1, 0, 0, 1.08%, 0, 0, 1, 27.84
1621250634, 78, 0, 1, 0, 0, 1.08%, 0, 0, 1, 27.79
1621250639, 84, 0, 1, 0, 0, 1.08%, 0, 0, 1, 27.76
1621250644, 90, 0, 1, 0, 0, 1.08%, 0, 0, 1, 27.83
1621250649, 95, 0, 1, 0, 0, 1.08%, 0, 0, 1, 27.84
1621250655, 101, 0, 1, 0, 0, 1.08%, 0, 0, 1, 27.84
1621250660, 107, 0, 1, 0, 0, 1.08%, 0, 0, 1, 27.87
1621250665, 113, 0, 1, 0, 0, 1.08%, 0, 0, 1, 27.84
1621250670, 118, 0, 1, 0, 0, 1.08%, 0, 0, 1, 27.79
1621250675, 124, 0, 1, 0, 0, 1.08%, 0, 0, 1, 27.83
1621250681, 130, 0, 1, 0, 0, 1.08%, 0, 0, 1, 27.82
1621250686, 136, 0, 1, 0, 0, 1.08%, 0, 0, 1, 27.86
1621250691, 142, 0, 1, 0, 0, 1.08%, 0, 0, 1, 27.85
1621250696, 147, 0, 1, 0, 0, 1.08%, 0, 0, 1, 27.73
1621250701, 153, 0, 1, 0, 0, 1.08%, 0, 0, 1, 27.79
1621250706, 159, 0, 1, 0, 0, 1.08%, 0, 0, 1, 27.78
1621250712, 165, 0, 1, 0, 0, 1.08%, 0, 0, 1, 27.74
1621250717, 170, 0, 1, 0, 0, 1.08%, 0, 0, 1, 27.77
1621250722, 176, 0, 1, 0, 0, 1.08%, 0, 0, 1, 27.68
1621250727, 182, 0, 1, 0, 0, 1.08%, 0, 0, 1, 27.70
1621250732, 188, 0, 1, 0, 0, 1.08%, 0, 0, 1, 27.67
1621250738, 193, 0, 1, 0, 0, 1.08%, 0, 0, 1, 27.71
1621250743, 199, 0, 1, 0, 0, 1.08%, 0, 0, 1, 27.75
1621250748, 205, 0, 1, 0, 0, 1.08%, 0, 0, 1, 27.72
1621250753, 211, 0, 1, 0, 0, 1.08%, 0, 0, 1, 27.61
1621250758, 216, 0, 1, 0, 0, 1.08%, 0, 0, 1, 27.65
1621250763, 222, 0, 1, 0, 0, 1.08%, 0, 0, 1, 27.41
1621250768, 227, 0, 1, 0, 0, 1.08%, 0, 0, 1, 27.48
1621250773, 233, 0, 1, 0, 0, 1.08%, 0, 0, 1, 27.51
1621250779, 238, 0, 1, 0, 0, 1.08%, 0, 0, 1, 27.55
1621250784, 244, 0, 1, 0, 0, 1.08%, 0, 0, 1, 27.58
1621250789, 250, 0, 1, 0, 0, 1.08%, 0, 0, 1, 27.57
1621250794, 255, 0, 1, 0, 0, 1.08%, 0, 0, 1, 27.58
1621250799, 261, 0, 1, 0, 0, 1.08%, 0, 0, 1, 27.58
1621250804, 266, 0, 1, 0, 0, 1.08%, 0, 0, 1, 27.58
1621250809, 272, 0, 1, 0, 0, 1.08%, 0, 0, 1, 27.59
1621250814, 277, 0, 1, 0, 0, 1.08%, 0, 0, 1, 27.55
1621250819, 283, 0, 1, 0, 0, 1.08%, 0, 0, 1, 27.64
1621250824, 289, 0, 1, 0, 0, 1.08%, 0, 0, 1, 27.85
1621250829, 294, 0, 1, 0, 0, 1.08%, 0, 0, 1, 27.84
1621250834, 300, 0, 1, 0, 0, 1.08%, 0, 0, 1, 27.86
1621250839, 306, 0, 1, 0, 0, 1.08%, 0, 0, 1, 27.85
1621250845, 312, 0, 1, 0, 0, 1.08%, 0, 0, 1, 27.80
1621250850, 317, 0, 1, 0, 0, 1.08%, 0, 0, 1, 27.87
1621250855, 323, 0, 1, 0, 0, 1.08%, 0, 0, 1, 27.84
1621250860, 329, 0, 1, 0, 0, 1.08%, 0, 0, 1, 27.87
1621250865, 335, 0, 1, 0, 0, 1.08%, 0, 0, 1, 27.88
1621250870, 340, 0, 1, 0, 0, 1.08%, 0, 0, 1, 27.85
1621250876, 346, 0, 1, 0, 0, 1.08%, 0, 0, 1, 27.85
1621250881, 352, 0, 1, 0, 0, 1.08%, 0, 0, 1, 27.81
1621250886, 358, 0, 1, 0, 0, 1.08%, 0, 0, 1, 27.85
1621250891, 364, 0, 1, 0, 0, 1.08%, 0, 0, 1, 27.84
1621250896, 369, 0, 1, 0, 0, 1.08%, 0, 0, 1, 27.82
1621250901, 375, 0, 1, 0, 0, 1.08%, 0, 0, 1, 27.84
1621250907, 381, 0, 1, 0, 0, 1.08%, 0, 0, 1, 27.85
1621250912, 387, 0, 1, 0, 0, 1.08%, 0, 0, 1, 27.81
1621250917, 392, 0, 1, 0, 0, 1.08%, 0, 0, 1, 27.87
1621250922, 398, 0, 1, 0, 0, 1.08%, 0, 0, 1, 27.86
1621250927, 404, 0, 1, 0, 0, 1.08%, 0, 0, 1, 27.81
1621250933, 410, 0, 1, 0, 0, 1.08%, 0, 0, 1, 27.81
1621250938, 415, 0, 1, 0, 0, 1.08%, 0, 0, 1, 27.80
1621250943, 421, 0, 1, 0, 0, 1.08%, 0, 0, 1, 27.84
1621250948, 427, 0, 1, 0, 0, 1.08%, 0, 0, 1, 27.74
1621250953, 433, 0, 1, 0, 0, 1.08%, 0, 0, 1, 27.79
1621250958, 438, 0, 1, 0, 0, 1.08%, 0, 0, 1, 27.80
1621250964, 444, 0, 1, 0, 0, 1.08%, 0, 0, 1, 27.82
1621250969, 450, 0, 1, 0, 0, 1.08%, 0, 0, 1, 27.77
1621250974, 456, 0, 1, 0, 0, 1.08%, 0, 0, 1, 27.74
1621250979, 461, 0, 1, 0, 0, 1.08%, 0, 0, 1, 27.84
1621250984, 467, 0, 1, 0, 0, 1.08%, 0, 0, 1, 27.87
1621250990, 473, 0, 1, 0, 0, 1.08%, 0, 0, 1, 27.65
1621250995, 479, 0, 1, 0, 0, 1.08%, 0, 0, 1, 27.81
1621251000, 484, 0, 1, 0, 0, 1.08%, 0, 0, 1, 27.84
1621251005, 490, 0, 1, 0, 0, 1.08%, 0, 0, 1, 27.87
1621251010, 496, 0, 1, 0, 0, 1.08%, 0, 0, 1, 27.81
1621251015, 502, 0, 1, 0, 0, 1.08%, 0, 0, 1, 27.87
1621251021, 508, 0, 1, 0, 0, 1.08%, 0, 0, 1, 27.73
1621251026, 513, 0, 1, 0, 0, 1.08%, 0, 0, 1, 27.85
1621251031, 519, 0, 1, 0, 0, 1.08%, 0, 0, 1, 27.87
1621251036, 525, 0, 1, 0, 0, 1.08%, 0, 0, 1, 27.86
1621251041, 531, 0, 1, 0, 0, 1.08%, 0, 0, 1, 27.82
1621251046, 536, 0, 1, 0, 0, 1.08%, 0, 0, 1, 27.84
1621251052, 542, 0, 1, 0, 0, 1.08%, 0, 0, 1, 27.81
1621251057, 548, 0, 1, 0, 0, 1.08%, 0, 0, 1, 27.76
1621251062, 554, 0, 1, 0, 0, 1.08%, 0, 0, 1, 27.76
1621251067, 559, 0, 1, 0, 0, 1.08%, 0, 0, 1, 27.69
1621251072, 565, 0, 1, 0, 0, 1.08%, 0, 0, 1, 27.70
1621251078, 571, 0, 1, 0, 0, 1.08%, 0, 0, 1, 27.69
1621251083, 577, 0, 1, 0, 0, 1.08%, 0, 0, 1, 27.65
1621251088, 582, 0, 1, 0, 0, 1.08%, 0, 0, 1, 27.71
1621251093, 588, 0, 1, 0, 0, 1.08%, 0, 0, 1, 27.64
1621251098, 594, 0, 1, 0, 0, 1.08%, 0, 0, 1, 27.70
1621251104, 600, 0, 1, 0, 0, 1.08%, 0, 0, 1, 27.69
1621251109, 605, 0, 1, 0, 0, 1.08%, 0, 0, 1, 27.76
1621251114, 611, 0, 1, 0, 0, 1.08%, 0, 0, 1, 27.67
1621251119, 617, 0, 1, 0, 0, 1.08%, 0, 0, 1, 27.72
1621251124, 623, 0, 1, 0, 0, 1.08%, 0, 0, 1, 27.72
1621251130, 628, 0, 1, 0, 0, 1.08%, 0, 0, 1, 27.70
1621251135, 634, 0, 1, 0, 0, 1.08%, 0, 0, 1, 27.72
1621251140, 640, 0, 1, 0, 0, 1.08%, 0, 0, 1, 27.71
1621251145, 646, 0, 1, 0, 0, 1.08%, 0, 0, 1, 27.70
1621251150, 652, 0, 1, 0, 0, 1.08%, 0, 0, 1, 27.71
1621251156, 657, 0, 1, 0, 0, 1.08%, 0, 0, 1, 27.74
1621251161, 663, 0, 1, 0, 0, 1.08%, 0, 0, 1, 27.76
1621251166, 669, 0, 1, 0, 0, 1.08%, 0, 0, 1, 27.76
1621251171, 675, 0, 1, 0, 0, 1.08%, 0, 0, 1, 27.79
1621251176, 680, 0, 1, 0, 0, 1.08%, 0, 0, 1, 27.78
1621251181, 686, 0, 1, 0, 0, 1.08%, 0, 0, 1, 27.76
1621251187, 692, 0, 1, 0, 0, 1.08%, 0, 0, 1, 27.75
1621251192, 698, 0, 1, 0, 0, 1.08%, 0, 0, 1, 27.69
1621251197, 703, 0, 1, 0, 0, 1.08%, 0, 0, 1, 27.71
1621251202, 709, 0, 1, 0, 0, 1.08%, 0, 0, 1, 27.71
1621251207, 715, 0, 1, 0, 0, 1.08%, 0, 0, 1, 27.70
1621251213, 721, 0, 1, 0, 0, 1.08%, 0, 0, 1, 27.66
1621251218, 726, 0, 1, 0, 0, 1.08%, 0, 0, 1, 27.70
1621251223, 732, 0, 1, 0, 0, 1.08%, 0, 0, 1, 27.70
1621251228, 738, 0, 1, 0, 0, 1.08%, 0, 0, 1, 27.71
1621251233, 744, 0, 1, 0, 0, 1.08%, 0, 0, 1, 27.66
1621251239, 749, 0, 1, 0, 0, 1.08%, 0, 0, 1, 27.66
1621251244, 755, 0, 1, 0, 0, 1.08%, 0, 0, 1, 27.71
1621251249, 761, 0, 1, 0, 0, 1.08%, 0, 0, 1, 27.74
1621251254, 767, 0, 1, 0, 0, 1.08%, 0, 0, 1, 27.76
1621251259, 772, 0, 1, 0, 0, 1.08%, 0, 0, 1, 27.79
1621251265, 778, 0, 1, 0, 0, 1.08%, 0, 0, 1, 27.71
1621251270, 784, 0, 1, 0, 0, 1.08%, 0, 0, 1, 27.73
1621251275, 790, 0, 1, 0, 0, 1.08%, 0, 0, 1, 27.81
1621251280, 796, 0, 1, 0, 0, 1.08%, 0, 0, 1, 27.78
1621251285, 801, 0, 1, 0, 0, 1.08%, 0, 0, 1, 27.82
1621251291, 807, 0, 1, 0, 0, 1.08%, 0, 0, 1, 27.86
1621251296, 813, 0, 1, 0, 0, 1.08%, 0, 0, 1, 27.84
1621251301, 819, 0, 1, 0, 0, 1.08%, 0, 0, 1, 27.85
1621251306, 824, 0, 1, 0, 0, 1.08%, 0, 0, 1, 27.81
1621251311, 830, 0, 1, 0, 0, 1.08%, 0, 0, 1, 27.83
1621251316, 836, 0, 1, 0, 0, 1.08%, 0, 0, 1, 27.85
1621251322, 842, 0, 1, 0, 0, 1.08%, 0, 0, 1, 27.79
1621251327, 847, 0, 1, 0, 0, 1.08%, 0, 0, 1, 27.80
1621251332, 853, 0, 1, 0, 0, 1.08%, 0, 0, 1, 27.79
1621251337, 859, 0, 1, 0, 0, 1.08%, 0, 0, 1, 27.83
1621251342, 865, 0, 1, 0, 0, 1.08%, 0, 0, 1, 27.83
1621251347, 870, 0, 1, 0, 0, 1.08%, 0, 0, 1, 27.76
1621251353, 876, 0, 1, 0, 0, 1.08%, 0, 0, 1, 27.76
1621251358, 882, 0, 1, 0, 0, 1.08%, 0, 0, 1, 27.77
1621251363, 888, 0, 1, 0, 0, 1.08%, 0, 0, 1, 27.75
1621251368, 893, 0, 1, 0, 0, 1.08%, 0, 0, 1, 27.76
1621251373, 899, 0, 1, 0, 0, 1.08%, 0, 0, 1, 27.75
1621251379, 905, 0, 1, 0, 0, 1.08%, 0, 0, 1, 27.81
1621251384, 911, 0, 1, 0, 0, 1.08%, 0, 0, 1, 27.68
1621251389, 916, 0, 1, 0, 0, 1.08%, 0, 0, 1, 27.84
1621251394, 922, 0, 1, 0, 0, 1.08%, 0, 0, 1, 27.84
1621251399, 928, 0, 1, 0, 0, 1.08%, 0, 0, 1, 27.90
1621251404, 934, 0, 1, 0, 0, 1.08%, 0, 0, 1, 27.83
1621251410, 940, 0, 1, 0, 0, 1.08%, 0, 0, 1, 27.85
1621251415, 945, 0, 1, 0, 0, 1.08%, 0, 0, 1, 27.83
1621251420, 951, 0, 1, 0, 0, 1.08%, 0, 0, 1, 27.82
1621251425, 957, 0, 1, 0, 0, 1.08%, 0, 0, 1, 27.75
1621251430, 963, 0, 1, 0, 0, 1.08%, 0, 0, 1, 27.75
1621251436, 968, 0, 1, 0, 0, 1.08%, 0, 0, 1, 27.88
1621251441, 974, 0, 1, 0, 0, 1.08%, 0, 0, 1, 27.82
1621251446, 980, 0, 1, 0, 0, 1.08%, 0, 0, 1, 27.83
1621251451, 986, 0, 1, 0, 0, 1.08%, 0, 0, 1, 27.83
1621251456, 991, 0, 1, 0, 0, 1.08%, 0, 0, 1, 27.80
1621251461, 997, 0, 1, 0, 0, 1.08%, 0, 0, 1, 27.85
1621251467, 1003, 0, 1, 0, 0, 1.08%, 0, 0, 1, 27.81
1621251472, 1009, 0, 1, 0, 0, 1.08%, 0, 0, 1, 27.82
1621251477, 1014, 0, 1, 0, 0, 1.08%, 0, 0, 1, 27.83
1621251482, 1020, 0, 1, 0, 0, 1.08%, 0, 0, 1, 27.85
1621251487, 1026, 0, 1, 0, 0, 1.08%, 0, 0, 1, 27.73
1621251492, 1032, 0, 1, 0, 0, 1.08%, 0, 0, 1, 27.80
1621251498, 1037, 0, 1, 0, 0, 1.08%, 0, 0, 1, 27.80
1621251503, 1043, 0, 1, 0, 0, 1.08%, 0, 0, 1, 27.88
1621251508, 1049, 0, 1, 0, 0, 1.08%, 0, 0, 1, 27.83
1621251513, 1055, 0, 1, 0, 0, 1.08%, 0, 0, 1, 27.76
1621251518, 1060, 0, 1, 0, 0, 1.08%, 0, 0, 1, 27.75
1621251524, 1066, 0, 1, 0, 0, 1.08%, 0, 0, 1, 27.75
1621251529, 1072, 0, 1, 0, 0, 1.08%, 0, 0, 1, 27.82
1621251534, 1078, 0, 1, 0, 0, 1.08%, 0, 0, 1, 27.83
