# unix_time, cycles_done, cur_path, paths_total, pending_total, pending_favs, map_size, unique_crashes, unique_hangs, max_depth, execs_per_sec
1621126161, 0, 0, 10, 10, 5, 2.04%, 0, 0, 1, 7.90
1621126166, 0, 0, 13, 13, 5, 2.06%, 0, 0, 2, 8.07
1621126171, 0, 0, 14, 14, 5, 2.06%, 0, 0, 2, 8.50
1621126176, 0, 0, 17, 17, 5, 2.06%, 0, 0, 2, 10.67
1621126192, 0, 0, 18, 18, 5, 2.06%, 0, 0, 2, 8.63
1621126197, 0, 0, 19, 19, 5, 2.06%, 0, 0, 2, 8.56
1621126243, 0, 0, 20, 20, 5, 2.06%, 0, 0, 2, 8.13
1621126248, 0, 0, 21, 21, 5, 2.07%, 0, 0, 2, 8.12
1621126350, 0, 0, 23, 23, 5, 2.09%, 0, 0, 2, 7.95
1621126355, 0, 0, 25, 25, 5, 2.09%, 0, 0, 2, 7.75
1621126396, 0, 0, 26, 26, 5, 2.09%, 0, 0, 2, 7.87
1621126401, 0, 0, 28, 28, 5, 2.09%, 0, 0, 2, 7.80
1621126406, 0, 0, 31, 31, 5, 2.14%, 0, 0, 2, 7.86
1621126411, 0, 0, 32, 32, 5, 2.15%, 0, 0, 2, 7.86
1621126421, 0, 0, 35, 35, 5, 2.17%, 0, 0, 2, 7.78
1621126426, 0, 0, 38, 38, 5, 2.17%, 0, 0, 2, 8.40
1621126432, 0, 0, 39, 39, 5, 2.17%, 0, 0, 2, 8.26
1621126437, 0, 0, 40, 40, 5, 2.17%, 0, 0, 2, 8.21
1621126699, 0, 0, 41, 41, 5, 2.17%, 0, 0, 2, 7.67
1621126710, 0, 0, 42, 42, 5, 2.17%, 0, 0, 2, 7.68
1621126761, 0, 0, 45, 45, 5, 2.17%, 0, 0, 2, 8.68
1621126772, 0, 0, 47, 47, 5, 2.17%, 0, 0, 2, 9.61
1621126777, 0, 0, 48, 48, 5, 2.17%, 0, 0, 2, 8.46
1621126782, 0, 0, 52, 52, 5, 2.17%, 0, 0, 2, 8.20
1621126787, 0, 0, 54, 54, 5, 2.17%, 0, 0, 2, 8.30
1621126792, 0, 0, 59, 59, 5, 2.17%, 0, 0, 2, 12.86
1621126797, 0, 0, 64, 64, 5, 2.17%, 0, 0, 2, 13.92
1621126802, 0, 0, 68, 68, 5, 2.17%, 0, 0, 2, 10.22
1621126807, 0, 0, 70, 70, 5, 2.17%, 0, 0, 2, 8.44
1621126812, 0, 0, 74, 74, 5, 2.17%, 0, 0, 2, 8.71
1621126817, 0, 0, 79, 79, 5, 2.17%, 0, 0, 2, 10.12
1621126828, 0, 0, 81, 81, 5, 2.17%, 0, 0, 2, 12.09
1621126833, 0, 0, 83, 83, 5, 2.20%, 0, 0, 2, 13.48
1621126838, 0, 0, 84, 84, 5, 2.20%, 0, 0, 2, 12.44
1621126843, 0, 0, 88, 88, 5, 2.20%, 0, 0, 2, 12.53
1621126848, 0, 0, 91, 91, 5, 2.20%, 0, 0, 2, 13.88
1621126853, 0, 0, 93, 93, 5, 2.20%, 0, 0, 2, 11.88
1621126858, 0, 0, 95, 95, 5, 2.20%, 0, 0, 2, 9.42
1621126868, 0, 0, 99, 99, 5, 2.20%, 0, 0, 2, 9.12
1621126873, 0, 0, 104, 104, 5, 2.20%, 0, 0, 2, 8.01
1621126878, 0, 0, 107, 107, 5, 2.20%, 0, 0, 2, 7.88
1621126884, 0, 0, 111, 111, 5, 2.20%, 0, 0, 2, 8.68
1621126889, 0, 0, 114, 114, 5, 2.20%, 0, 0, 2, 8.71
1621126894, 0, 0, 117, 117, 5, 2.21%, 0, 0, 2, 9.17
1621126899, 0, 0, 118, 118, 5, 2.21%, 0, 0, 2, 8.69
1621126904, 0, 0, 120, 120, 5, 2.21%, 0, 0, 2, 11.47
1621126909, 0, 0, 124, 124, 5, 2.21%, 0, 0, 2, 10.08
1621126914, 0, 0, 125, 125, 5, 2.21%, 0, 0, 2, 8.87
1621126919, 0, 0, 129, 129, 5, 2.21%, 0, 0, 2, 9.08
1621126925, 0, 0, 131, 131, 5, 2.21%, 0, 0, 2, 9.33
1621126930, 0, 0, 132, 132, 5, 2.21%, 0, 0, 2, 8.69
1621126935, 0, 0, 133, 133, 5, 2.21%, 0, 0, 2, 7.89
1621126940, 0, 0, 136, 136, 5, 2.21%, 0, 0, 2, 8.18
1621126945, 0, 0, 138, 138, 5, 2.21%, 0, 0, 2, 8.06
1621126950, 0, 0, 141, 141, 5, 2.21%, 0, 0, 2, 8.64
1621126956, 0, 0, 142, 142, 5, 2.21%, 0, 0, 2, 9.40
1621126961, 0, 0, 145, 145, 5, 2.21%, 0, 0, 2, 8.51
1621126966, 0, 0, 146, 146, 5, 2.21%, 0, 0, 2, 7.67
1621126971, 0, 0, 148, 148, 5, 2.21%, 0, 0, 2, 8.02
1621126976, 0, 0, 149, 149, 5, 2.21%, 0, 0, 2, 7.86
1621126981, 0, 0, 150, 150, 5, 2.21%, 0, 0, 2, 9.07
1621126987, 0, 0, 151, 151, 5, 2.21%, 0, 0, 2, 8.05
1621126992, 0, 0, 153, 153, 5, 2.21%, 0, 0, 2, 9.30
1621127002, 0, 0, 155, 155, 5, 2.21%, 0, 0, 2, 9.02
1621127007, 0, 0, 157, 157, 5, 2.21%, 0, 0, 2, 8.55
1621127013, 0, 0, 160, 160, 5, 2.22%, 0, 0, 2, 11.47
1621127018, 0, 0, 165, 165, 5, 2.22%, 0, 0, 2, 11.93
1621127023, 0, 0, 168, 168, 5, 2.22%, 0, 0, 2, 10.75
1621127028, 0, 0, 170, 170, 5, 2.22%, 0, 0, 2, 9.91
1621127033, 0, 0, 173, 173, 5, 2.22%, 0, 0, 2, 10.07
1621127038, 0, 0, 176, 176, 5, 2.22%, 0, 0, 2, 11.90
1621127044, 0, 0, 178, 178, 5, 2.22%, 0, 0, 2, 10.46
1621127049, 0, 0, 179, 179, 5, 2.22%, 0, 0, 2, 10.21
1621127054, 0, 0, 180, 180, 5, 2.22%, 0, 0, 2, 9.73
1621127064, 0, 0, 181, 181, 5, 2.22%, 0, 0, 2, 10.92
1621127074, 0, 0, 182, 182, 5, 2.22%, 0, 0, 2, 10.46
1621127085, 0, 0, 183, 183, 5, 2.22%, 0, 0, 2, 10.13
1621127090, 0, 0, 184, 184, 5, 2.22%, 0, 0, 2, 9.99
1621127100, 0, 0, 185, 185, 5, 2.22%, 0, 0, 2, 9.68
1621127111, 0, 0, 186, 186, 5, 2.22%, 0, 0, 2, 10.19
1621127121, 0, 0, 187, 187, 5, 2.22%, 0, 0, 2, 9.33
1621127131, 0, 0, 189, 189, 5, 2.22%, 0, 0, 2, 9.72
1621127141, 0, 0, 190, 190, 5, 2.22%, 0, 0, 2, 9.63
1621127152, 0, 0, 191, 191, 5, 2.22%, 0, 0, 2, 9.89
1621127167, 0, 0, 192, 192, 5, 2.22%, 0, 0, 2, 10.01
1621127172, 0, 0, 193, 193, 5, 2.22%, 0, 0, 2, 9.74
1621127177, 0, 0, 194, 194, 5, 2.22%, 0, 0, 2, 8.88
1621127187, 0, 0, 195, 195, 5, 2.22%, 0, 0, 2, 9.25
1621127223, 0, 0, 196, 196, 5, 2.22%, 0, 0, 2, 8.90
1621127228, 0, 0, 200, 200, 5, 2.22%, 0, 0, 2, 11.31
1621127234, 0, 0, 201, 201, 5, 2.22%, 0, 0, 2, 13.97
1621127239, 0, 0, 204, 204, 5, 2.22%, 0, 0, 2, 12.08
1621127264, 0, 0, 205, 205, 5, 2.22%, 0, 0, 2, 8.90
1621127269, 0, 0, 206, 206, 5, 2.22%, 0, 0, 2, 8.83
1621127274, 0, 0, 207, 207, 5, 2.22%, 0, 0, 2, 9.35
1621127280, 0, 0, 208, 208, 5, 2.22%, 0, 0, 2, 13.07
1621127290, 0, 0, 209, 209, 5, 2.22%, 0, 0, 2, 10.71
1621127300, 0, 0, 213, 213, 5, 2.22%, 0, 0, 2, 14.54
1621127310, 0, 0, 214, 214, 5, 2.22%, 0, 0, 2, 12.21
1621127315, 0, 0, 215, 215, 5, 2.22%, 0, 0, 2, 12.42
1621127331, 0, 0, 218, 218, 5, 2.23%, 0, 0, 2, 12.74
