# unix_time, cycles_done, cur_path, paths_total, pending_total, pending_favs, map_size, unique_crashes, unique_hangs, max_depth, execs_per_sec
1621249120, 0, 0, 5, 5, 1, 1.08%, 0, 0, 1, 12.72
1621249402, 0, 1, 5, 4, 0, 1.08%, 0, 0, 1, 25.57
1621249458, 0, 2, 5, 3, 0, 1.08%, 0, 0, 1, 25.73
1621249515, 0, 3, 5, 2, 0, 1.08%, 0, 0, 1, 25.75
1621249571, 0, 4, 5, 1, 0, 1.08%, 0, 0, 1, 25.78
1621249627, 1, 0, 5, 0, 0, 1.08%, 0, 0, 1, 25.69
1621249637, 1, 1, 5, 0, 0, 1.08%, 0, 0, 1, 25.69
1621249643, 1, 2, 5, 0, 0, 1.08%, 0, 0, 1, 25.68
1621249648, 2, 0, 5, 0, 0, 1.08%, 0, 0, 1, 25.72
1621249658, 2, 1, 5, 0, 0, 1.08%, 0, 0, 1, 25.73
1621249663, 2, 2, 5, 0, 0, 1.08%, 0, 0, 1, 25.71
1621249668, 2, 3, 5, 0, 0, 1.08%, 0, 0, 1, 25.63
1621249673, 2, 4, 5, 0, 0, 1.08%, 0, 0, 1, 25.67
1621249678, 3, 0, 5, 0, 0, 1.08%, 0, 0, 1, 25.69
1621249689, 3, 2, 5, 0, 0, 1.08%, 0, 0, 1, 25.74
1621249694, 3, 4, 5, 0, 0, 1.08%, 0, 0, 1, 22.65
1621249699, 4, 0, 5, 0, 0, 1.08%, 0, 0, 1, 24.97
1621249709, 4, 1, 5, 0, 0, 1.08%, 0, 0, 1, 25.75
1621249714, 4, 3, 5, 0, 0, 1.08%, 0, 0, 1, 25.72
1621249719, 5, 0, 5, 0, 0, 1.08%, 0, 0, 1, 25.69
1621249729, 5, 1, 5, 0, 0, 1.08%, 0, 0, 1, 25.76
1621249735, 5, 3, 5, 0, 0, 1.08%, 0, 0, 1, 25.78
1621249740, 6, 0, 5, 0, 0, 1.08%, 0, 0, 1, 25.77
1621249750, 6, 1, 5, 0, 0, 1.08%, 0, 0, 1, 25.71
1621249755, 6, 2, 5, 0, 0, 1.08%, 0, 0, 1, 25.68
1621249760, 6, 4, 5, 0, 0, 1.08%, 0, 0, 1, 25.69
1621249765, 7, 0, 5, 0, 0, 1.08%, 0, 0, 1, 25.80
1621249775, 7, 2, 5, 0, 0, 1.08%, 0, 0, 1, 25.77
1621249781, 7, 3, 5, 0, 0, 1.08%, 0, 0, 1, 25.78
1621249786, 7, 4, 5, 0, 0, 1.08%, 0, 0, 1, 25.75
1621249791, 8, 0, 5, 0, 0, 1.08%, 0, 0, 1, 25.69
1621249801, 8, 2, 5, 0, 0, 1.08%, 0, 0, 1, 25.75
1621249806, 8, 3, 5, 0, 0, 1.08%, 0, 0, 1, 25.70
1621249811, 9, 0, 5, 0, 0, 1.08%, 0, 0, 1, 25.73
1621249822, 9, 1, 5, 0, 0, 1.08%, 0, 0, 1, 25.73
1621249827, 9, 2, 5, 0, 0, 1.08%, 0, 0, 1, 25.77
1621249832, 9, 3, 5, 0, 0, 1.08%, 0, 0, 1, 25.77
1621249837, 9, 4, 5, 0, 0, 1.08%, 0, 0, 1, 25.73
1621249842, 10, 0, 5, 0, 0, 1.08%, 0, 0, 1, 25.76
1621249852, 10, 3, 5, 0, 0, 1.08%, 0, 0, 1, 25.65
1621249857, 11, 0, 5, 0, 0, 1.08%, 0, 0, 1, 25.74
1621249868, 11, 1, 5, 0, 0, 1.08%, 0, 0, 1, 25.72
1621249873, 11, 3, 5, 0, 0, 1.08%, 0, 0, 1, 25.68
1621249878, 11, 4, 5, 0, 0, 1.08%, 0, 0, 1, 25.74
1621249883, 12, 0, 5, 0, 0, 1.08%, 0, 0, 1, 25.66
1621249893, 12, 2, 5, 0, 0, 1.08%, 0, 0, 1, 25.71
1621249898, 12, 4, 5, 0, 0, 1.08%, 0, 0, 1, 25.68
1621249903, 13, 0, 5, 0, 0, 1.08%, 0, 0, 1, 25.75
1621249914, 13, 2, 5, 0, 0, 1.08%, 0, 0, 1, 25.75
1621249919, 13, 3, 5, 0, 0, 1.08%, 0, 0, 1, 25.69
1621249924, 14, 0, 5, 0, 0, 1.08%, 0, 0, 1, 25.76
1621249934, 14, 1, 5, 0, 0, 1.08%, 0, 0, 1, 25.76
1621249939, 14, 3, 5, 0, 0, 1.08%, 0, 0, 1, 25.76
1621249944, 14, 4, 5, 0, 0, 1.08%, 0, 0, 1, 25.78
1621249949, 15, 0, 5, 0, 0, 1.08%, 0, 0, 1, 25.83
1621249960, 15, 1, 5, 0, 0, 1.08%, 0, 0, 1, 25.76
1621249965, 15, 2, 5, 0, 0, 1.08%, 0, 0, 1, 25.74
1621249970, 15, 3, 5, 0, 0, 1.08%, 0, 0, 1, 25.68
1621249975, 16, 0, 5, 0, 0, 1.08%, 0, 0, 1, 25.73
1621249985, 16, 1, 5, 0, 0, 1.08%, 0, 0, 1, 25.72
1621249991, 16, 3, 5, 0, 0, 1.08%, 0, 0, 1, 25.74
1621249996, 17, 0, 5, 0, 0, 1.08%, 0, 0, 1, 25.69
1621250006, 17, 1, 5, 0, 0, 1.08%, 0, 0, 1, 25.72
1621250011, 17, 3, 5, 0, 0, 1.08%, 0, 0, 1, 25.71
1621250021, 17, 4, 5, 0, 0, 1.08%, 0, 0, 1, 25.73
1621250026, 18, 0, 5, 0, 0, 1.08%, 0, 0, 1, 25.78
1621250037, 18, 2, 5, 0, 0, 1.08%, 0, 0, 1, 25.75
1621250042, 18, 4, 5, 0, 0, 1.08%, 0, 0, 1, 25.75
1621250047, 19, 0, 5, 0, 0, 1.08%, 0, 0, 1, 25.75
1621250057, 19, 2, 5, 0, 0, 1.08%, 0, 0, 1, 25.75
1621250062, 19, 3, 5, 0, 0, 1.08%, 0, 0, 1, 25.77
1621250067, 20, 0, 5, 0, 0, 1.08%, 0, 0, 1, 25.68
1621250083, 20, 2, 5, 0, 0, 1.08%, 0, 0, 1, 25.77
1621250088, 20, 4, 5, 0, 0, 1.08%, 0, 0, 1, 25.73
1621250093, 21, 0, 5, 0, 0, 1.08%, 0, 0, 1, 25.65
1621250103, 21, 2, 5, 0, 0, 1.08%, 0, 0, 1, 25.61
1621250108, 21, 3, 5, 0, 0, 1.08%, 0, 0, 1, 25.66
1621250113, 22, 0, 5, 0, 0, 1.08%, 0, 0, 1, 25.77
1621250124, 22, 1, 5, 0, 0, 1.08%, 0, 0, 1, 25.80
1621250129, 22, 2, 5, 0, 0, 1.08%, 0, 0, 1, 25.78
1621250134, 22, 3, 5, 0, 0, 1.08%, 0, 0, 1, 25.65
1621250139, 23, 0, 5, 0, 0, 1.08%, 0, 0, 1, 25.73
1621250149, 23, 1, 5, 0, 0, 1.08%, 0, 0, 1, 25.62
1621250154, 23, 2, 5, 0, 0, 1.08%, 0, 0, 1, 25.70
1621250159, 24, 0, 5, 0, 0, 1.08%, 0, 0, 1, 25.75
1621250170, 24, 1, 5, 0, 0, 1.08%, 0, 0, 1, 25.75
1621250175, 24, 2, 5, 0, 0, 1.08%, 0, 0, 1, 25.71
1621250180, 24, 3, 5, 0, 0, 1.08%, 0, 0, 1, 25.67
1621250185, 25, 0, 5, 0, 0, 1.08%, 0, 0, 1, 25.72
1621250195, 25, 2, 5, 0, 0, 1.08%, 0, 0, 1, 25.71
1621250200, 25, 3, 5, 0, 0, 1.08%, 0, 0, 1, 25.68
1621250205, 26, 0, 5, 0, 0, 1.08%, 0, 0, 1, 25.72
1621250216, 26, 1, 5, 0, 0, 1.08%, 0, 0, 1, 25.67
1621250221, 26, 3, 5, 0, 0, 1.08%, 0, 0, 1, 25.70
1621250226, 26, 4, 5, 0, 0, 1.08%, 0, 0, 1, 25.65
1621250231, 27, 0, 5, 0, 0, 1.08%, 0, 0, 1, 25.68
1621250241, 27, 1, 5, 0, 0, 1.08%, 0, 0, 1, 25.73
1621250246, 27, 3, 5, 0, 0, 1.08%, 0, 0, 1, 25.74
1621250251, 27, 4, 5, 0, 0, 1.08%, 0, 0, 1, 25.74
1621250257, 28, 0, 5, 0, 0, 1.08%, 0, 0, 1, 25.70
1621250267, 28, 2, 5, 0, 0, 1.08%, 0, 0, 1, 25.69
1621250272, 28, 3, 5, 0, 0, 1.08%, 0, 0, 1, 25.72
1621250277, 29, 0, 5, 0, 0, 1.08%, 0, 0, 1, 25.71
1621250287, 29, 1, 5, 0, 0, 1.08%, 0, 0, 1, 25.73
1621250292, 29, 3, 5, 0, 0, 1.08%, 0, 0, 1, 25.75
1621250298, 29, 4, 5, 0, 0, 1.08%, 0, 0, 1, 25.74
1621250303, 30, 0, 5, 0, 0, 1.08%, 0, 0, 1, 25.81
1621250313, 30, 1, 5, 0, 0, 1.08%, 0, 0, 1, 25.76
1621250318, 30, 4, 5, 0, 0, 1.08%, 0, 0, 1, 25.72
