# unix_time, cycles_done, cur_path, paths_total, pending_total, pending_favs, map_size, unique_crashes, unique_hangs, max_depth, execs_per_sec
1654314755, 0, 0, 1, 1, 1, 0.23%, 0, 0, 1, 65.04
1654314781, 0, 0, 2, 2, 1, 3.37%, 0, 0, 2, 50.72
1654314791, 0, 1, 2, 1, 1, 3.37%, 0, 0, 2, 9.79
1654314801, 0, 1, 4, 3, 1, 3.37%, 0, 0, 3, 8.92
1654315296, 0, 1, 5, 4, 1, 3.38%, 0, 0, 3, 8.23
1654315301, 0, 1, 6, 5, 1, 3.38%, 0, 0, 3, 8.36
1654315332, 0, 2, 6, 4, 2, 3.38%, 0, 0, 3, 149.05
1654315368, 0, 2, 7, 5, 2, 3.38%, 0, 0, 4, 12.58
1654315379, 0, 3, 7, 4, 1, 3.38%, 0, 0, 4, 149.88
1654315414, 0, 4, 7, 3, 1, 3.38%, 0, 0, 4, 16.61
1654315440, 0, 4, 8, 4, 1, 3.40%, 0, 0, 4, 9.28
1654315960, 0, 4, 9, 5, 1, 3.41%, 0, 0, 4, 11.64
