# unix_time, cycles_done, cur_path, paths_total, pending_total, pending_favs, map_size, unique_crashes, unique_hangs, max_depth, execs_per_sec
1619744674, 0, 0, 1, 1, 1, 32.28%, 0, 0, 1, 24.18
1619744679, 0, 0, 4, 4, 1, 32.53%, 0, 0, 2, 24.12
1619744684, 0, 0, 6, 6, 1, 33.07%, 0, 0, 2, 26.11
1619744690, 0, 0, 13, 13, 1, 33.07%, 0, 0, 2, 22.36
1619744695, 0, 0, 18, 18, 1, 33.07%, 0, 0, 2, 25.61
1619744700, 0, 0, 23, 23, 1, 33.09%, 0, 0, 2, 24.73
1619744710, 0, 0, 27, 27, 1, 33.09%, 0, 0, 2, 25.15
1619744715, 0, 0, 34, 34, 1, 33.09%, 0, 0, 2, 28.87
1619744720, 0, 0, 36, 36, 1, 33.09%, 0, 0, 2, 27.86
1619744726, 0, 0, 37, 37, 1, 33.09%, 0, 0, 2, 25.49
1619744731, 0, 0, 39, 39, 1, 33.09%, 0, 0, 2, 25.38
1619744736, 0, 0, 40, 40, 1, 33.09%, 0, 0, 2, 31.72
1619744741, 0, 0, 41, 41, 1, 33.09%, 0, 0, 2, 31.23
1619744746, 0, 0, 42, 42, 1, 33.09%, 0, 0, 2, 31.27
1619744756, 0, 0, 43, 43, 1, 33.09%, 0, 0, 2, 25.52
1619744762, 0, 0, 47, 47, 1, 33.09%, 0, 0, 2, 25.36
1619744767, 0, 0, 48, 48, 1, 33.10%, 0, 0, 2, 24.90
1619744772, 0, 0, 49, 49, 1, 33.10%, 0, 0, 2, 25.20
1619744777, 0, 0, 50, 50, 1, 33.10%, 0, 0, 2, 24.75
1619744793, 0, 0, 51, 51, 1, 33.10%, 0, 0, 2, 25.15
1619744803, 0, 0, 52, 52, 1, 33.10%, 0, 0, 2, 24.95
1619744808, 0, 0, 54, 54, 1, 33.10%, 0, 0, 2, 25.88
1619744813, 0, 0, 56, 56, 1, 33.10%, 0, 0, 2, 25.24
1619744818, 0, 0, 58, 58, 1, 33.10%, 0, 0, 2, 24.45
1619744828, 0, 0, 59, 59, 1, 33.10%, 0, 0, 2, 25.50
1619744834, 0, 0, 60, 60, 1, 33.10%, 0, 0, 2, 25.17
1619744839, 0, 0, 61, 61, 1, 33.10%, 0, 0, 2, 26.09
1619744854, 0, 0, 63, 63, 1, 33.10%, 0, 0, 2, 25.05
1619744859, 0, 0, 65, 65, 1, 33.10%, 0, 0, 2, 24.92
1619744874, 0, 0, 66, 66, 1, 33.10%, 0, 0, 2, 24.77
1619744884, 0, 0, 67, 67, 1, 33.10%, 0, 0, 2, 25.05
1619744890, 0, 0, 68, 68, 1, 33.10%, 0, 0, 2, 25.04
1619744895, 0, 0, 69, 69, 1, 33.10%, 0, 0, 2, 25.94
1619744900, 0, 0, 71, 71, 1, 33.10%, 0, 0, 2, 25.56
1619744905, 0, 0, 72, 72, 1, 33.10%, 0, 0, 2, 25.39
1619744910, 0, 0, 75, 75, 1, 33.10%, 0, 0, 2, 25.07
1619744915, 0, 0, 76, 76, 1, 33.10%, 0, 0, 2, 25.48
1619744920, 0, 0, 79, 79, 1, 33.10%, 0, 0, 2, 25.45
1619744931, 0, 0, 80, 80, 1, 33.10%, 0, 0, 2, 25.54
1619744936, 0, 0, 83, 83, 1, 33.10%, 0, 0, 2, 24.90
1619744946, 0, 0, 84, 84, 1, 33.10%, 0, 0, 2, 25.76
1619744951, 0, 0, 85, 85, 1, 33.10%, 0, 0, 2, 25.30
1619744956, 0, 0, 86, 86, 1, 33.10%, 0, 0, 2, 25.23
1619744972, 0, 0, 87, 87, 1, 33.10%, 0, 0, 2, 25.29
1619744982, 0, 0, 88, 88, 1, 33.10%, 0, 0, 2, 24.99
1619744992, 0, 0, 89, 89, 1, 33.10%, 0, 0, 2, 25.52
1619745008, 0, 0, 90, 90, 1, 33.10%, 0, 0, 2, 25.32
1619745029, 0, 0, 91, 91, 1, 33.10%, 0, 0, 2, 24.76
1619745034, 0, 0, 92, 92, 1, 33.10%, 0, 0, 2, 25.09
1619745039, 0, 0, 93, 93, 1, 33.10%, 0, 0, 2, 25.36
1619745059, 0, 0, 95, 95, 1, 33.10%, 0, 0, 2, 25.28
1619745064, 0, 0, 98, 98, 1, 33.10%, 0, 0, 2, 25.61
1619745070, 0, 0, 101, 101, 1, 33.10%, 0, 0, 2, 25.42
1619745075, 0, 0, 107, 107, 1, 33.10%, 0, 0, 2, 25.05
1619745080, 0, 0, 111, 111, 1, 33.10%, 0, 0, 2, 26.29
1619745090, 0, 0, 112, 112, 1, 33.10%, 0, 0, 2, 173.38
1619745095, 0, 0, 114, 114, 1, 33.10%, 0, 0, 2, 24.66
1619745111, 0, 0, 117, 117, 1, 33.10%, 0, 0, 2, 27.12
1619745116, 0, 0, 122, 122, 1, 33.10%, 0, 0, 2, 26.64
1619745121, 0, 0, 128, 128, 1, 33.10%, 0, 0, 2, 28.18
1619745126, 0, 0, 129, 129, 1, 33.10%, 0, 0, 2, 28.93
1619745131, 0, 0, 130, 130, 1, 33.10%, 0, 0, 2, 31.37
1619745146, 0, 0, 132, 132, 1, 33.10%, 0, 0, 2, 30.00
1619745157, 0, 0, 133, 133, 1, 33.10%, 0, 0, 2, 31.74
1619745162, 0, 0, 135, 135, 1, 33.10%, 0, 0, 2, 34.56
1619745167, 0, 0, 136, 136, 1, 33.10%, 0, 0, 2, 31.54
1619745177, 0, 0, 137, 137, 1, 33.10%, 0, 0, 2, 30.32
1619745182, 0, 0, 138, 138, 1, 33.10%, 0, 0, 2, 32.70
1619745187, 0, 0, 140, 140, 1, 33.11%, 0, 0, 2, 31.76
1619745192, 0, 0, 143, 143, 1, 33.12%, 0, 0, 2, 29.98
1619745203, 0, 0, 144, 144, 1, 33.12%, 0, 0, 2, 32.48
1619745208, 0, 0, 145, 145, 1, 33.12%, 0, 0, 2, 29.73
1619745213, 0, 0, 146, 146, 1, 33.12%, 0, 0, 2, 30.60
1619745218, 0, 0, 147, 147, 1, 33.12%, 0, 0, 2, 31.43
1619745243, 0, 0, 149, 149, 1, 33.12%, 0, 0, 2, 31.54
1619745254, 0, 0, 151, 151, 1, 33.12%, 0, 0, 2, 29.67
1619745259, 0, 0, 152, 152, 1, 33.12%, 0, 0, 2, 29.46
1619745279, 0, 0, 153, 153, 1, 33.12%, 0, 0, 2, 29.90
1619745284, 0, 0, 154, 154, 1, 33.12%, 0, 0, 2, 29.01
1619745305, 0, 0, 155, 155, 1, 33.12%, 0, 0, 2, 29.75
1619745330, 0, 0, 156, 156, 1, 33.12%, 0, 0, 2, 28.68
1619745346, 0, 0, 158, 158, 1, 33.12%, 0, 0, 2, 30.79
1619745351, 0, 18, 158, 157, 14, 33.12%, 0, 0, 2, 27.00
1619745366, 0, 18, 159, 158, 14, 33.12%, 0, 0, 3, 24.85
1619745382, 0, 18, 161, 160, 14, 33.12%, 0, 0, 3, 24.89
1619745387, 0, 18, 162, 161, 14, 33.12%, 0, 0, 3, 28.55
1619745397, 0, 18, 163, 162, 14, 33.12%, 0, 0, 3, 28.10
1619745412, 0, 18, 164, 163, 14, 33.12%, 0, 0, 3, 25.69
1619745433, 0, 18, 166, 165, 14, 33.12%, 0, 0, 3, 25.28
1619745443, 0, 18, 167, 166, 14, 33.12%, 0, 0, 3, 25.06
1619745453, 0, 18, 168, 167, 14, 33.12%, 0, 0, 3, 25.13
1619745463, 0, 18, 169, 168, 14, 33.12%, 0, 0, 3, 25.42
1619745469, 0, 18, 170, 169, 14, 33.12%, 0, 0, 3, 25.42
1619745484, 0, 18, 172, 171, 14, 33.12%, 0, 0, 3, 24.98
1619745499, 0, 18, 173, 172, 14, 33.12%, 0, 0, 3, 24.99
1619745515, 0, 18, 174, 173, 14, 33.12%, 0, 0, 3, 24.86
1619745577, 0, 18, 176, 175, 14, 33.12%, 0, 0, 3, 27.34
1619745582, 0, 18, 178, 177, 14, 33.12%, 0, 0, 3, 26.19
1619745597, 0, 18, 179, 178, 14, 33.12%, 0, 0, 3, 25.41
1619745602, 0, 18, 180, 179, 14, 33.12%, 0, 0, 3, 26.78
1619745618, 0, 18, 181, 180, 14, 33.12%, 0, 0, 3, 27.02
1619745638, 0, 18, 182, 181, 14, 33.12%, 0, 0, 3, 26.99
1619745644, 0, 18, 184, 183, 14, 33.12%, 0, 0, 3, 26.48
1619745654, 0, 18, 185, 184, 14, 33.12%, 0, 0, 3, 26.20
1619745659, 0, 18, 186, 185, 14, 33.12%, 0, 0, 3, 25.74
1619745710, 0, 18, 187, 186, 14, 33.12%, 0, 0, 3, 26.16
1619745736, 0, 18, 188, 187, 14, 33.12%, 0, 0, 3, 26.53
1619745746, 0, 18, 189, 188, 14, 33.12%, 0, 0, 3, 27.18
1619745751, 0, 18, 190, 189, 14, 33.12%, 0, 0, 3, 27.15
1619745777, 0, 18, 191, 190, 14, 33.12%, 0, 0, 3, 26.99
1619745787, 0, 18, 197, 196, 14, 33.12%, 0, 0, 3, 26.93
1619745797, 0, 18, 198, 197, 14, 33.12%, 0, 0, 3, 26.91
1619745808, 0, 18, 199, 198, 14, 33.12%, 0, 0, 3, 26.90
1619745823, 0, 18, 200, 199, 14, 33.12%, 0, 0, 3, 26.96
1619745828, 0, 18, 201, 200, 14, 33.12%, 0, 0, 3, 27.44
1619745833, 0, 18, 202, 201, 14, 33.12%, 0, 0, 3, 26.80
1619745849, 0, 18, 203, 202, 14, 33.12%, 0, 0, 3, 26.70
1619745854, 0, 18, 204, 203, 14, 33.12%, 0, 0, 3, 26.60
1619745859, 0, 18, 206, 205, 14, 33.12%, 0, 0, 3, 26.40
1619745874, 0, 18, 210, 209, 14, 33.55%, 0, 0, 3, 25.57
