# unix_time, cycles_done, cur_path, paths_total, pending_total, pending_favs, map_size, unique_crashes, unique_hangs, max_depth, execs_per_sec
1619731244, 0, 0, 9, 9, 2, 14.68%, 0, 0, 1, 154.70
1619731249, 0, 0, 21, 21, 2, 15.37%, 0, 0, 2, 157.59
1619731254, 0, 0, 31, 31, 2, 16.15%, 0, 0, 2, 155.75
1619731259, 0, 0, 38, 38, 2, 16.15%, 0, 0, 2, 144.73
1619731264, 0, 0, 40, 40, 2, 16.15%, 0, 0, 2, 153.20
1619731269, 0, 0, 42, 42, 2, 16.16%, 0, 0, 2, 157.89
1619731275, 0, 0, 43, 43, 2, 16.16%, 0, 0, 2, 155.46
1619731280, 0, 0, 47, 47, 2, 16.16%, 0, 0, 2, 155.15
1619731285, 0, 0, 48, 48, 2, 16.16%, 0, 0, 2, 156.14
1619731290, 0, 0, 57, 57, 2, 16.16%, 0, 0, 2, 151.83
1619731295, 0, 0, 59, 59, 2, 16.16%, 0, 0, 2, 157.07
1619731300, 0, 0, 61, 61, 2, 16.16%, 0, 0, 2, 161.66
1619731305, 0, 0, 63, 63, 2, 16.16%, 0, 0, 2, 162.62
1619731310, 0, 0, 65, 65, 2, 16.16%, 0, 0, 2, 163.73
1619731315, 0, 0, 66, 66, 2, 16.16%, 0, 0, 2, 158.59
1619731320, 0, 0, 67, 67, 2, 16.16%, 0, 0, 2, 154.23
1619731325, 0, 0, 74, 74, 2, 16.16%, 0, 0, 2, 161.89
1619731330, 0, 0, 76, 76, 2, 16.16%, 0, 0, 2, 157.15
1619731335, 0, 0, 77, 77, 2, 16.16%, 0, 0, 2, 156.15
1619731340, 0, 0, 78, 78, 2, 16.16%, 0, 0, 2, 155.02
1619731350, 0, 0, 80, 80, 2, 16.16%, 0, 0, 2, 158.04
1619731355, 0, 0, 81, 81, 2, 16.16%, 0, 0, 2, 157.13
1619731360, 0, 0, 82, 82, 2, 16.16%, 0, 0, 2, 155.77
1619731370, 0, 0, 84, 84, 2, 16.16%, 0, 0, 2, 156.83
1619731381, 0, 0, 85, 85, 2, 16.16%, 0, 0, 2, 153.14
1619731391, 0, 0, 93, 93, 2, 16.16%, 0, 0, 2, 152.72
1619731396, 0, 0, 115, 115, 2, 16.16%, 0, 0, 2, 147.36
1619731401, 0, 0, 131, 131, 2, 16.16%, 0, 0, 2, 149.46
1619731406, 0, 0, 140, 140, 2, 17.21%, 0, 0, 2, 155.76
1619731411, 0, 0, 147, 147, 2, 17.21%, 0, 0, 2, 152.21
1619731416, 0, 0, 149, 149, 2, 17.21%, 0, 0, 2, 154.01
1619731421, 0, 0, 152, 152, 2, 17.21%, 0, 0, 2, 145.53
1619731427, 0, 0, 153, 153, 2, 17.21%, 0, 0, 2, 146.89
1619731432, 0, 0, 155, 155, 2, 17.21%, 0, 0, 2, 174.79
1619731442, 0, 0, 157, 157, 2, 17.21%, 0, 0, 2, 161.48
1619731452, 0, 0, 159, 159, 2, 17.21%, 0, 0, 2, 150.07
1619731462, 0, 0, 163, 163, 2, 17.21%, 0, 0, 2, 168.32
1619731477, 0, 0, 164, 164, 2, 17.21%, 0, 0, 2, 188.17
1619731483, 0, 0, 167, 167, 2, 17.23%, 0, 0, 2, 183.48
1619731488, 0, 0, 168, 168, 2, 17.23%, 0, 0, 2, 184.24
1619731498, 0, 0, 169, 169, 2, 17.23%, 0, 0, 2, 186.10
1619731503, 0, 0, 172, 172, 2, 17.25%, 0, 0, 2, 186.36
1619731508, 0, 0, 175, 175, 2, 17.25%, 0, 0, 2, 184.84
1619731513, 0, 0, 176, 176, 2, 17.28%, 0, 0, 2, 183.56
1619731528, 0, 0, 178, 178, 2, 17.28%, 0, 0, 2, 184.70
1619731538, 0, 0, 179, 179, 2, 17.28%, 0, 0, 2, 169.81
1619731554, 0, 0, 180, 180, 2, 17.28%, 0, 0, 2, 182.90
1619731559, 0, 0, 183, 183, 2, 17.28%, 0, 0, 2, 188.60
1619731569, 0, 0, 184, 184, 2, 17.28%, 0, 0, 2, 180.71
1619731574, 0, 0, 185, 185, 2, 17.28%, 0, 0, 2, 180.01
1619731584, 0, 0, 186, 186, 2, 17.28%, 0, 0, 2, 184.39
1619731590, 0, 0, 187, 187, 2, 17.28%, 0, 0, 2, 179.17
1619731600, 0, 0, 188, 188, 2, 17.28%, 0, 0, 2, 182.13
1619731605, 0, 0, 190, 190, 2, 17.28%, 0, 0, 2, 179.58
1619731610, 0, 0, 192, 192, 2, 17.28%, 0, 0, 2, 188.19
1619731625, 0, 0, 193, 193, 2, 17.28%, 0, 0, 2, 191.40
1619731635, 0, 0, 194, 194, 2, 17.28%, 0, 0, 2, 183.45
1619731650, 0, 0, 196, 196, 2, 17.28%, 0, 0, 2, 178.58
1619731655, 0, 12, 199, 198, 11, 17.28%, 0, 0, 3, 287.02
1619731661, 0, 12, 200, 199, 11, 17.28%, 0, 0, 3, 438.11
1619731667, 0, 12, 202, 201, 11, 17.28%, 0, 0, 3, 7.56
1619731677, 0, 12, 203, 202, 11, 17.79%, 0, 0, 3, 570.30
1619731682, 0, 12, 205, 204, 11, 17.79%, 0, 0, 3, 89.11
1619731692, 0, 12, 206, 205, 11, 17.79%, 0, 0, 3, 714.26
1619731702, 0, 12, 207, 206, 11, 17.79%, 0, 0, 3, 780.95
1619731707, 0, 12, 209, 208, 11, 17.79%, 0, 0, 3, 767.97
1619731713, 0, 24, 209, 207, 11, 17.79%, 0, 0, 3, 784.98
1619731733, 0, 24, 211, 209, 11, 17.79%, 0, 0, 3, 820.92
1619731738, 0, 24, 212, 210, 11, 17.79%, 0, 0, 3, 796.98
1619731743, 0, 25, 213, 210, 10, 17.79%, 0, 0, 3, 797.22
1619731768, 0, 60, 213, 209, 9, 17.79%, 0, 0, 3, 800.46
1619731773, 0, 60, 214, 210, 9, 17.79%, 0, 0, 3, 827.94
1619731784, 0, 60, 215, 211, 9, 17.79%, 0, 0, 3, 818.37
1619731799, 0, 78, 215, 210, 9, 17.79%, 0, 0, 3, 781.66
1619731824, 0, 78, 216, 211, 9, 17.79%, 0, 0, 3, 814.07
1619731829, 0, 78, 217, 212, 9, 17.79%, 0, 0, 3, 788.95
1619731834, 0, 78, 218, 213, 9, 17.79%, 0, 0, 3, 791.59
1619731845, 0, 78, 219, 214, 9, 17.79%, 0, 0, 3, 789.75
1619731850, 0, 104, 220, 214, 9, 17.79%, 0, 0, 3, 805.92
1619731875, 0, 104, 221, 215, 9, 17.79%, 0, 0, 3, 797.14
1619731885, 0, 104, 222, 216, 9, 17.79%, 0, 0, 3, 808.95
1619731895, 0, 104, 223, 217, 9, 17.79%, 0, 0, 3, 785.76
1619731900, 0, 104, 225, 219, 9, 17.79%, 0, 0, 3, 807.30
1619731916, 0, 104, 226, 220, 9, 17.79%, 0, 0, 3, 792.78
1619731941, 0, 104, 227, 221, 9, 17.79%, 0, 0, 3, 824.62
1619731956, 0, 104, 228, 222, 9, 17.79%, 0, 0, 3, 794.06
1619731976, 0, 104, 229, 223, 9, 17.79%, 0, 0, 3, 783.72
1619731992, 0, 104, 230, 224, 9, 17.79%, 0, 0, 3, 783.83
1619731997, 0, 104, 231, 225, 9, 17.79%, 0, 0, 3, 803.49
1619732022, 0, 104, 232, 226, 9, 17.79%, 0, 0, 3, 786.59
1619732088, 0, 104, 233, 227, 9, 17.79%, 0, 0, 3, 788.62
1619732098, 0, 104, 234, 228, 9, 17.79%, 0, 0, 3, 805.64
1619732119, 0, 164, 234, 227, 8, 17.79%, 0, 0, 3, 782.63
1619732159, 0, 164, 235, 228, 8, 17.79%, 0, 0, 3, 787.95
1619732164, 0, 164, 237, 230, 8, 17.79%, 0, 0, 3, 789.07
1619732220, 0, 170, 237, 229, 7, 17.79%, 0, 0, 3, 785.00
1619732255, 0, 170, 238, 230, 7, 17.79%, 0, 0, 3, 781.30
1619732291, 0, 170, 239, 231, 7, 17.79%, 0, 0, 3, 741.90
1619732377, 0, 175, 239, 230, 6, 17.79%, 0, 0, 3, 798.84
1619732382, 0, 175, 240, 231, 6, 17.79%, 0, 0, 3, 800.88
1619732403, 0, 176, 240, 230, 5, 17.79%, 0, 0, 3, 808.78
