# unix_time, cycles_done, cur_path, paths_total, pending_total, pending_favs, map_size, unique_crashes, unique_hangs, max_depth, execs_per_sec
1621219940, 0, 0, 8, 8, 5, 2.15%, 0, 0, 1, 6.39
1621219945, 0, 0, 9, 9, 5, 2.15%, 0, 0, 2, 6.10
1621219950, 0, 0, 11, 11, 5, 2.15%, 0, 0, 2, 6.39
1621219961, 0, 0, 12, 12, 5, 2.15%, 0, 0, 2, 6.09
1621219971, 0, 0, 13, 13, 5, 2.15%, 0, 0, 2, 6.10
1621219981, 0, 0, 17, 17, 5, 2.16%, 0, 0, 2, 6.52
1621219987, 0, 0, 18, 18, 5, 2.16%, 0, 0, 2, 6.28
1621220012, 0, 0, 20, 20, 5, 2.16%, 0, 0, 2, 6.27
1621220043, 0, 0, 21, 21, 5, 2.16%, 0, 0, 2, 6.99
1621220048, 0, 0, 22, 22, 5, 2.16%, 0, 0, 2, 7.29
1621220171, 0, 0, 24, 24, 5, 2.17%, 0, 0, 2, 9.78
1621220176, 0, 0, 26, 26, 5, 2.17%, 0, 0, 2, 9.88
1621220181, 0, 0, 27, 27, 5, 2.17%, 0, 0, 2, 9.90
1621220356, 0, 0, 28, 28, 5, 2.17%, 0, 0, 2, 9.22
1621220361, 0, 0, 29, 29, 5, 2.17%, 0, 0, 2, 9.32
1621220366, 0, 0, 30, 30, 5, 2.18%, 0, 0, 2, 9.56
1621220371, 0, 0, 33, 33, 5, 2.20%, 0, 0, 2, 9.66
1621220376, 0, 0, 38, 38, 5, 2.20%, 0, 0, 2, 10.01
1621220381, 0, 0, 40, 40, 5, 2.20%, 0, 0, 2, 9.82
1621220519, 0, 0, 42, 42, 5, 2.20%, 0, 0, 2, 9.73
1621220524, 0, 0, 44, 44, 5, 2.20%, 0, 0, 2, 9.52
1621220786, 0, 0, 46, 46, 5, 2.20%, 0, 0, 2, 9.93
1621220796, 0, 0, 48, 48, 5, 2.20%, 0, 0, 2, 9.83
1621220822, 0, 0, 51, 51, 5, 2.20%, 0, 0, 2, 11.37
1621220827, 0, 0, 55, 55, 5, 2.20%, 0, 0, 2, 9.56
1621220832, 0, 0, 60, 60, 5, 2.20%, 0, 0, 2, 9.76
1621220838, 0, 0, 63, 63, 5, 2.20%, 0, 0, 2, 10.07
1621220843, 0, 0, 68, 68, 5, 2.20%, 0, 0, 2, 9.87
1621220848, 0, 0, 71, 71, 5, 2.20%, 0, 0, 2, 9.50
1621220853, 0, 0, 73, 73, 5, 2.20%, 0, 0, 2, 9.66
1621220858, 0, 0, 77, 77, 5, 2.20%, 0, 0, 2, 10.31
1621220863, 0, 0, 82, 82, 5, 2.20%, 0, 0, 2, 9.81
1621220868, 0, 0, 86, 86, 5, 2.20%, 0, 0, 2, 9.75
1621220873, 0, 0, 89, 89, 5, 2.20%, 0, 0, 2, 9.91
1621220878, 0, 0, 91, 91, 5, 2.20%, 0, 0, 2, 12.02
1621220884, 0, 0, 93, 93, 5, 2.20%, 0, 0, 2, 10.52
1621220889, 0, 0, 95, 95, 5, 2.20%, 0, 0, 2, 9.99
1621220894, 0, 0, 100, 100, 5, 2.20%, 0, 0, 2, 9.85
1621220899, 0, 0, 101, 101, 5, 2.20%, 0, 0, 2, 10.51
1621220909, 0, 0, 103, 103, 5, 2.20%, 0, 0, 2, 10.05
1621220914, 0, 0, 104, 104, 5, 2.20%, 0, 0, 2, 10.27
1621220919, 0, 0, 106, 106, 5, 2.20%, 0, 0, 2, 10.10
1621220955, 0, 0, 107, 107, 5, 2.20%, 0, 0, 2, 10.02
1621220965, 0, 0, 108, 108, 5, 2.20%, 0, 0, 2, 10.11
1621220975, 0, 0, 109, 109, 5, 2.20%, 0, 0, 2, 10.32
1621220985, 0, 0, 111, 111, 5, 2.20%, 0, 0, 2, 10.36
1621220990, 0, 0, 112, 112, 5, 2.20%, 0, 0, 2, 11.08
1621221026, 0, 0, 114, 114, 5, 2.20%, 0, 0, 2, 10.73
1621221031, 0, 0, 119, 119, 5, 2.20%, 0, 0, 2, 10.08
1621221036, 0, 0, 120, 120, 5, 2.20%, 0, 0, 2, 10.15
1621221041, 0, 0, 123, 123, 5, 2.20%, 0, 0, 2, 10.30
1621221062, 0, 0, 125, 125, 5, 2.20%, 0, 0, 2, 9.72
1621221072, 0, 0, 126, 126, 5, 2.20%, 0, 0, 2, 9.40
1621221077, 0, 0, 130, 130, 5, 2.20%, 0, 0, 2, 10.26
1621221082, 0, 0, 131, 131, 5, 2.20%, 0, 0, 2, 10.02
1621221087, 0, 0, 132, 132, 5, 2.20%, 0, 0, 2, 10.04
1621221093, 0, 0, 135, 135, 5, 2.20%, 0, 0, 2, 10.42
1621221103, 0, 0, 136, 136, 5, 2.20%, 0, 0, 2, 9.66
