# unix_time, cycles_done, cur_path, paths_total, pending_total, pending_favs, map_size, unique_crashes, unique_hangs, max_depth, execs_per_sec
1621118838, 0, 0, 10, 10, 4, 2.00%, 0, 0, 1, 8.02
1621118843, 0, 0, 12, 12, 4, 2.00%, 0, 0, 2, 8.47
1621118863, 0, 0, 13, 13, 4, 2.00%, 0, 0, 2, 8.71
1621118982, 0, 0, 14, 14, 4, 2.00%, 0, 0, 2, 8.89
1621119079, 0, 0, 16, 16, 4, 2.00%, 0, 0, 2, 8.20
1621119084, 0, 0, 19, 19, 4, 2.02%, 0, 0, 2, 8.09
1621119090, 0, 0, 20, 20, 4, 2.02%, 0, 0, 2, 8.15
1621119156, 0, 0, 21, 21, 4, 2.02%, 0, 0, 2, 7.96
1621119161, 0, 0, 23, 23, 4, 2.02%, 0, 0, 2, 7.71
1621119171, 0, 0, 24, 24, 4, 2.03%, 0, 0, 2, 8.00
1621119176, 0, 0, 25, 25, 4, 2.05%, 0, 0, 2, 8.02
1621119182, 0, 0, 30, 30, 4, 2.06%, 0, 0, 2, 8.69
1621119187, 0, 0, 31, 31, 4, 2.06%, 0, 0, 2, 8.06
1621119192, 0, 0, 32, 32, 4, 2.06%, 0, 0, 2, 8.75
1621119541, 0, 0, 33, 33, 4, 2.07%, 0, 0, 2, 7.93
1621119556, 0, 0, 34, 34, 4, 2.07%, 0, 0, 2, 7.97
1621119566, 0, 0, 35, 35, 4, 2.07%, 0, 0, 2, 7.87
1621119618, 0, 0, 42, 42, 4, 2.07%, 0, 0, 2, 14.29
1621119623, 0, 0, 44, 44, 4, 2.07%, 0, 0, 2, 10.65
1621119628, 0, 0, 47, 47, 4, 2.07%, 0, 0, 2, 11.36
1621119633, 0, 0, 50, 50, 4, 2.11%, 0, 0, 2, 13.91
1621119639, 0, 0, 52, 52, 4, 2.12%, 0, 0, 2, 14.79
1621119644, 0, 0, 55, 55, 4, 2.12%, 0, 0, 2, 11.99
1621119649, 0, 0, 60, 60, 4, 2.12%, 0, 0, 2, 8.94
1621119654, 0, 0, 64, 64, 4, 2.12%, 0, 0, 2, 8.39
1621119659, 0, 0, 68, 68, 4, 2.12%, 0, 0, 2, 7.93
1621119664, 0, 0, 71, 71, 4, 2.13%, 0, 0, 2, 7.89
1621119670, 0, 0, 73, 73, 4, 2.13%, 0, 0, 2, 9.93
1621119675, 0, 0, 76, 76, 4, 2.13%, 0, 0, 2, 13.06
1621119680, 0, 0, 78, 78, 4, 2.13%, 0, 0, 2, 12.97
1621119685, 0, 0, 79, 79, 4, 2.13%, 0, 0, 2, 9.77
1621119690, 0, 0, 82, 82, 4, 2.13%, 0, 0, 2, 9.45
1621119695, 0, 0, 83, 83, 4, 2.13%, 0, 0, 2, 8.80
1621119700, 0, 0, 84, 84, 4, 2.13%, 0, 0, 2, 8.08
1621119705, 0, 0, 86, 86, 4, 2.13%, 0, 0, 2, 8.05
1621119711, 0, 0, 87, 87, 4, 2.13%, 0, 0, 2, 9.41
1621119716, 0, 0, 88, 88, 4, 2.13%, 0, 0, 2, 8.41
1621119721, 0, 0, 90, 90, 4, 2.13%, 0, 0, 2, 10.21
1621119726, 0, 0, 92, 92, 4, 2.13%, 0, 0, 2, 9.63
1621119731, 0, 0, 96, 96, 4, 2.13%, 0, 0, 2, 8.99
1621119736, 0, 0, 98, 98, 4, 2.13%, 0, 0, 2, 8.22
1621119741, 0, 0, 101, 101, 4, 2.13%, 0, 0, 2, 8.37
1621119746, 0, 0, 102, 102, 4, 2.13%, 0, 0, 2, 8.07
1621119752, 0, 0, 103, 103, 4, 2.13%, 0, 0, 2, 7.65
1621119757, 0, 0, 104, 104, 4, 2.13%, 0, 0, 2, 9.19
1621119762, 0, 0, 106, 106, 4, 2.13%, 0, 0, 2, 8.93
1621119767, 0, 0, 107, 107, 4, 2.13%, 0, 0, 2, 8.71
1621119772, 0, 0, 108, 108, 4, 2.13%, 0, 0, 2, 9.37
1621119777, 0, 0, 110, 110, 4, 2.13%, 0, 0, 2, 9.22
1621119782, 0, 0, 111, 111, 4, 2.13%, 0, 0, 2, 8.24
1621119793, 0, 0, 113, 113, 4, 2.13%, 0, 0, 2, 8.12
1621119798, 0, 0, 114, 114, 4, 2.13%, 0, 0, 2, 8.53
1621119834, 0, 0, 115, 115, 4, 2.13%, 0, 0, 2, 8.68
1621119839, 0, 0, 116, 116, 4, 2.13%, 0, 0, 2, 10.79
1621119844, 0, 0, 117, 117, 4, 2.13%, 0, 0, 2, 9.66
1621119849, 0, 0, 119, 119, 4, 2.13%, 0, 0, 2, 8.47
1621119870, 0, 0, 120, 120, 4, 2.13%, 0, 0, 2, 10.00
1621119875, 0, 0, 121, 121, 4, 2.13%, 0, 0, 2, 9.34
1621119885, 0, 0, 125, 125, 4, 2.13%, 0, 0, 2, 10.73
1621119890, 0, 0, 128, 128, 4, 2.13%, 0, 0, 2, 12.59
1621119895, 0, 0, 129, 129, 4, 2.13%, 0, 0, 2, 12.13
1621119906, 0, 0, 130, 130, 4, 2.13%, 0, 0, 2, 10.66
1621119911, 0, 0, 132, 132, 4, 2.13%, 0, 0, 2, 9.58
1621119921, 0, 0, 133, 133, 4, 2.13%, 0, 0, 2, 9.48
1621119931, 0, 0, 134, 134, 4, 2.13%, 0, 0, 2, 9.18
1621119936, 0, 0, 136, 136, 4, 2.13%, 0, 0, 2, 9.55
1621120029, 0, 0, 140, 140, 4, 2.14%, 0, 0, 2, 11.52
