# unix_time, cycles_done, cur_path, paths_total, pending_total, pending_favs, map_size, unique_crashes, unique_hangs, max_depth, execs_per_sec
1654302583, 0, 0, 1, 1, 1, 0.15%, 0, 0, 1, 156.86
1654302604, 1, 0, 1, 0, 0, 0.15%, 0, 0, 1, 149.53
1654302609, 9, 0, 1, 0, 0, 0.15%, 0, 0, 1, 318.79
1654302614, 16, 0, 1, 0, 0, 0.15%, 0, 0, 1, 344.61
1654302619, 20, 0, 1, 0, 0, 0.15%, 0, 0, 1, 226.46
1654302624, 26, 0, 1, 0, 0, 0.15%, 0, 0, 1, 314.68
1654302629, 31, 0, 1, 0, 0, 0.15%, 0, 0, 1, 238.65
1654302634, 36, 0, 1, 0, 0, 0.15%, 0, 0, 1, 267.10
1654302639, 42, 0, 1, 0, 0, 0.15%, 0, 0, 1, 278.23
1654302645, 48, 0, 1, 0, 0, 0.15%, 0, 0, 1, 327.54
1654302650, 53, 0, 1, 0, 0, 0.15%, 0, 0, 1, 243.30
1654302655, 58, 0, 1, 0, 0, 0.15%, 0, 0, 1, 299.83
1654302660, 64, 0, 1, 0, 0, 0.15%, 0, 0, 1, 259.08
1654302665, 68, 0, 1, 0, 0, 0.15%, 0, 0, 1, 202.37
1654302670, 74, 0, 1, 0, 0, 0.15%, 0, 0, 1, 306.38
1654302675, 79, 0, 1, 0, 0, 0.15%, 0, 0, 1, 288.22
1654302680, 86, 0, 1, 0, 0, 0.15%, 0, 0, 1, 301.02
1654302685, 93, 0, 1, 0, 0, 0.15%, 0, 0, 1, 336.52
1654302690, 98, 0, 1, 0, 0, 0.15%, 0, 0, 1, 294.33
1654302696, 104, 0, 1, 0, 0, 0.15%, 0, 0, 1, 283.58
1654302701, 108, 0, 1, 0, 0, 0.15%, 0, 0, 1, 206.61
1654302706, 113, 0, 1, 0, 0, 0.15%, 0, 0, 1, 289.11
1654302711, 119, 0, 1, 0, 0, 0.15%, 0, 0, 1, 257.36
1654302716, 126, 0, 1, 0, 0, 0.15%, 0, 0, 1, 337.14
1654302721, 130, 0, 1, 0, 0, 0.15%, 0, 0, 1, 220.87
1654302726, 135, 0, 1, 0, 0, 0.15%, 0, 0, 1, 287.27
1654302731, 141, 0, 1, 0, 0, 0.15%, 0, 0, 1, 266.32
1654302736, 145, 0, 1, 0, 0, 0.15%, 0, 0, 1, 206.17
1654302741, 151, 0, 1, 0, 0, 0.15%, 0, 0, 1, 325.28
1654302747, 158, 0, 1, 0, 0, 0.15%, 0, 0, 1, 337.31
1654302752, 164, 0, 1, 0, 0, 0.15%, 0, 0, 1, 319.25
1654302757, 170, 0, 1, 0, 0, 0.15%, 0, 0, 1, 278.90
1654302762, 174, 0, 1, 0, 0, 0.15%, 0, 0, 1, 210.49
1654302767, 181, 0, 1, 0, 0, 0.15%, 0, 0, 1, 326.47
1654302772, 185, 0, 1, 0, 0, 0.15%, 0, 0, 1, 232.16
1654302777, 192, 0, 1, 0, 0, 0.15%, 0, 0, 1, 324.76
1654302782, 198, 0, 1, 0, 0, 0.15%, 0, 0, 1, 318.34
1654302787, 203, 0, 1, 0, 0, 0.15%, 0, 0, 1, 251.45
1654302792, 210, 0, 1, 0, 0, 0.15%, 0, 0, 1, 323.13
1654302798, 214, 0, 1, 0, 0, 0.15%, 0, 0, 1, 220.40
1654302803, 218, 0, 1, 0, 0, 0.15%, 0, 0, 1, 201.93
1654302808, 224, 0, 1, 0, 0, 0.15%, 0, 0, 1, 314.49
1654302813, 229, 0, 1, 0, 0, 0.15%, 0, 0, 1, 229.46
1654302818, 232, 0, 1, 0, 0, 0.15%, 0, 0, 1, 193.82
1654302823, 236, 0, 1, 0, 0, 0.15%, 0, 0, 1, 194.88
1654302828, 240, 0, 1, 0, 0, 0.15%, 0, 0, 1, 186.01
1654302833, 247, 0, 1, 0, 0, 0.15%, 0, 0, 1, 323.95
1654302839, 252, 0, 1, 0, 0, 0.15%, 0, 0, 1, 304.31
1654302844, 258, 0, 1, 0, 0, 0.15%, 0, 0, 1, 264.62
1654302849, 262, 0, 1, 0, 0, 0.15%, 0, 0, 1, 205.06
1654302854, 268, 0, 1, 0, 0, 0.15%, 0, 0, 1, 318.03
1654302859, 273, 0, 1, 0, 0, 0.15%, 0, 0, 1, 234.20
1654302864, 278, 0, 1, 0, 0, 0.15%, 0, 0, 1, 267.44
1654302869, 284, 0, 1, 0, 0, 0.15%, 0, 0, 1, 284.88
1654302875, 291, 0, 1, 0, 0, 0.15%, 0, 0, 1, 320.91
1654302880, 295, 0, 1, 0, 0, 0.15%, 0, 0, 1, 241.83
1654302885, 302, 0, 1, 0, 0, 0.15%, 0, 0, 1, 305.64
1654302890, 309, 0, 1, 0, 0, 0.15%, 0, 0, 1, 352.25
1654302895, 313, 0, 1, 0, 0, 0.15%, 0, 0, 1, 226.96
1654302900, 317, 0, 1, 0, 0, 0.15%, 0, 0, 1, 196.27
1654302905, 321, 0, 1, 0, 0, 0.15%, 0, 0, 1, 194.53
1654302910, 327, 0, 1, 0, 0, 0.15%, 0, 0, 1, 313.99
1654302916, 332, 0, 1, 0, 0, 0.15%, 0, 0, 1, 231.70
1654302921, 338, 0, 1, 0, 0, 0.15%, 0, 0, 1, 300.17
1654302926, 344, 0, 1, 0, 0, 0.15%, 0, 0, 1, 320.05
1654302931, 350, 0, 1, 0, 0, 0.15%, 0, 0, 1, 282.48
1654302936, 354, 0, 1, 0, 0, 0.15%, 0, 0, 1, 210.71
1654302941, 358, 0, 1, 0, 0, 0.15%, 0, 0, 1, 203.95
1654302946, 365, 0, 1, 0, 0, 0.15%, 0, 0, 1, 314.91
1654302951, 368, 0, 1, 0, 0, 0.15%, 0, 0, 1, 221.63
1654302956, 372, 0, 1, 0, 0, 0.15%, 0, 0, 1, 193.98
1654302961, 377, 0, 1, 0, 0, 0.15%, 0, 0, 1, 276.68
1654302966, 383, 0, 1, 0, 0, 0.15%, 0, 0, 1, 259.01
1654302971, 387, 0, 1, 0, 0, 0.15%, 0, 0, 1, 244.15
1654302976, 394, 0, 1, 0, 0, 0.15%, 0, 0, 1, 300.53
1654302981, 400, 0, 1, 0, 0, 0.15%, 0, 0, 1, 327.64
1654302986, 407, 0, 1, 0, 0, 0.15%, 0, 0, 1, 340.88
1654302991, 412, 0, 1, 0, 0, 0.15%, 0, 0, 1, 246.94
1654302996, 417, 0, 1, 0, 0, 0.15%, 0, 0, 1, 290.22
1654303002, 423, 0, 1, 0, 0, 0.15%, 0, 0, 1, 319.61
1654303007, 430, 0, 1, 0, 0, 0.15%, 0, 0, 1, 345.39
1654303012, 437, 0, 1, 0, 0, 0.15%, 0, 0, 1, 302.10
1654303017, 441, 0, 1, 0, 0, 0.15%, 0, 0, 1, 214.82
1654303022, 447, 0, 1, 0, 0, 0.15%, 0, 0, 1, 320.15
1654303027, 452, 0, 1, 0, 0, 0.15%, 0, 0, 1, 234.41
1654303032, 456, 0, 1, 0, 0, 0.15%, 0, 0, 1, 202.19
1654303037, 460, 0, 1, 0, 0, 0.15%, 0, 0, 1, 234.81
1654303043, 467, 0, 1, 0, 0, 0.15%, 0, 0, 1, 316.18
1654303048, 474, 0, 1, 0, 0, 0.15%, 0, 0, 1, 319.12
1654303053, 478, 0, 1, 0, 0, 0.15%, 0, 0, 1, 285.73
1654303058, 484, 0, 1, 0, 0, 0.15%, 0, 0, 1, 287.29
1654303063, 488, 0, 1, 0, 0, 0.15%, 0, 0, 1, 208.82
1654303068, 493, 0, 1, 0, 0, 0.15%, 0, 0, 1, 248.30
1654303073, 499, 0, 1, 0, 0, 0.15%, 0, 0, 1, 285.20
1654303078, 503, 0, 1, 0, 0, 0.15%, 0, 0, 1, 213.80
1654303083, 507, 0, 1, 0, 0, 0.15%, 0, 0, 1, 193.23
1654303088, 513, 0, 1, 0, 0, 0.15%, 0, 0, 1, 311.50
1654303093, 520, 0, 1, 0, 0, 0.15%, 0, 0, 1, 347.74
1654303098, 527, 0, 1, 0, 0, 0.15%, 0, 0, 1, 350.94
1654303104, 534, 0, 1, 0, 0, 0.15%, 0, 0, 1, 335.00
1654303109, 540, 0, 1, 0, 0, 0.15%, 0, 0, 1, 307.44
1654303114, 547, 0, 1, 0, 0, 0.15%, 0, 0, 1, 330.29
1654303119, 553, 0, 1, 0, 0, 0.15%, 0, 0, 1, 329.10
1654303124, 557, 0, 1, 0, 0, 0.15%, 0, 0, 1, 213.89
1654303129, 563, 0, 1, 0, 0, 0.15%, 0, 0, 1, 310.59
1654303134, 569, 0, 1, 0, 0, 0.15%, 0, 0, 1, 315.72
1654303139, 575, 0, 1, 0, 0, 0.15%, 0, 0, 1, 276.22
1654303144, 582, 0, 1, 0, 0, 0.15%, 0, 0, 1, 315.86
1654303149, 588, 0, 1, 0, 0, 0.15%, 0, 0, 1, 331.75
1654303154, 593, 0, 1, 0, 0, 0.15%, 0, 0, 1, 249.82
1654303159, 597, 0, 1, 0, 0, 0.15%, 0, 0, 1, 200.37
1654303165, 604, 0, 1, 0, 0, 0.15%, 0, 0, 1, 331.23
1654303170, 608, 0, 1, 0, 0, 0.15%, 0, 0, 1, 212.67
1654303175, 612, 0, 1, 0, 0, 0.15%, 0, 0, 1, 256.13
1654303180, 619, 0, 1, 0, 0, 0.15%, 0, 0, 1, 272.86
1654303185, 623, 0, 1, 0, 0, 0.15%, 0, 0, 1, 234.46
1654303191, 624, 0, 1, 0, 0, 0.15%, 0, 1, 1, 7.82
1654303199, 628, 0, 1, 0, 0, 0.15%, 0, 1, 1, 1.99
1654303204, 634, 0, 1, 0, 0, 0.15%, 0, 1, 1, 285.95
1654303210, 635, 0, 1, 0, 0, 0.15%, 0, 1, 1, 9.79
1654303215, 638, 0, 1, 0, 0, 0.15%, 0, 1, 1, 190.41
1654303221, 639, 0, 1, 0, 0, 0.15%, 0, 1, 1, 2.37
1654303227, 640, 0, 1, 0, 0, 0.15%, 0, 1, 1, 10.87
1654303232, 647, 0, 1, 0, 0, 0.15%, 0, 1, 1, 368.67
1654303237, 654, 0, 1, 0, 0, 0.15%, 0, 1, 1, 367.60
1654303242, 659, 0, 1, 0, 0, 0.15%, 0, 1, 1, 239.01
1654303251, 664, 0, 1, 0, 0, 0.15%, 0, 1, 1, 14.97
1654303257, 666, 0, 1, 0, 0, 0.15%, 0, 2, 1, 11.61
1654303262, 670, 0, 1, 0, 0, 0.15%, 0, 2, 1, 237.81
1654303269, 672, 0, 1, 0, 0, 0.15%, 0, 2, 1, 5.90
1654303274, 676, 0, 1, 0, 0, 0.15%, 0, 2, 1, 198.39
1654303279, 680, 0, 1, 0, 0, 0.15%, 0, 2, 1, 197.37
1654303288, 683, 0, 1, 0, 0, 0.15%, 0, 2, 1, 10.88
1654303293, 688, 0, 1, 0, 0, 0.15%, 0, 2, 1, 245.62
1654303305, 689, 0, 1, 0, 0, 0.15%, 0, 2, 1, 5.25
1654303313, 694, 0, 1, 0, 0, 0.15%, 0, 2, 1, 1.39
1654303319, 696, 0, 1, 0, 0, 0.15%, 0, 2, 1, 1.39
1654303325, 703, 0, 1, 0, 0, 0.15%, 0, 2, 1, 369.37
1654303330, 711, 0, 1, 0, 0, 0.15%, 0, 2, 1, 358.91
1654303340, 718, 0, 1, 0, 0, 0.15%, 0, 2, 1, 322.24
1654303349, 723, 0, 1, 0, 0, 0.15%, 0, 2, 1, 4.74
1654303354, 724, 0, 1, 0, 0, 0.15%, 0, 2, 1, 1.20
1654303359, 729, 0, 1, 0, 0, 0.15%, 0, 2, 1, 279.20
1654303368, 732, 0, 1, 0, 0, 0.15%, 0, 2, 1, 3.15
1654303374, 733, 0, 1, 0, 0, 0.15%, 0, 2, 1, 12.72
1654303379, 739, 0, 1, 0, 0, 0.15%, 0, 2, 1, 284.42
1654303384, 743, 0, 1, 0, 0, 0.15%, 0, 2, 1, 213.70
1654303393, 746, 0, 1, 0, 0, 0.15%, 0, 2, 1, 13.08
1654303399, 748, 0, 1, 0, 0, 0.15%, 0, 2, 1, 9.55
1654303405, 750, 0, 1, 0, 0, 0.15%, 0, 2, 1, 6.30
1654303412, 751, 0, 1, 0, 0, 0.15%, 0, 2, 1, 3.54
1654303418, 753, 0, 1, 0, 0, 0.15%, 0, 2, 1, 6.78
1654303437, 757, 0, 1, 0, 0, 0.15%, 0, 2, 1, 2.38
1654303445, 761, 0, 1, 0, 0, 0.15%, 0, 2, 1, 14.78
1654303456, 762, 0, 1, 0, 0, 0.15%, 0, 2, 1, 0.60
1654303462, 763, 0, 1, 0, 0, 0.15%, 0, 2, 1, 1.40
1654303469, 766, 0, 1, 0, 0, 0.15%, 0, 2, 1, 9.55
1654303475, 767, 0, 1, 0, 0, 0.15%, 0, 2, 1, 5.52
1654303482, 770, 0, 1, 0, 0, 0.15%, 0, 2, 1, 10.88
1654303487, 771, 0, 1, 0, 0, 0.15%, 0, 2, 1, 8.03
1654303493, 775, 0, 1, 0, 0, 0.15%, 0, 2, 1, 195.16
1654303499, 776, 0, 1, 0, 0, 0.15%, 0, 2, 1, 8.21
1654303507, 778, 0, 1, 0, 0, 0.15%, 0, 2, 1, 3.54
1654303515, 783, 0, 1, 0, 0, 0.15%, 0, 2, 1, 1.39
1654303522, 785, 0, 1, 0, 0, 0.15%, 0, 2, 1, 7.04
1654303529, 786, 0, 1, 0, 0, 0.15%, 0, 2, 1, 5.45
1654303534, 792, 0, 1, 0, 0, 0.15%, 0, 2, 1, 279.75
1654303545, 796, 0, 1, 0, 0, 0.15%, 0, 2, 1, 185.87
1654303550, 797, 0, 1, 0, 0, 0.15%, 0, 2, 1, 7.69
1654303555, 801, 0, 1, 0, 0, 0.15%, 0, 2, 1, 255.63
1654303561, 802, 0, 1, 0, 0, 0.15%, 0, 2, 1, 0.80
1654303568, 805, 0, 1, 0, 0, 0.15%, 0, 2, 1, 10.88
1654303579, 812, 0, 1, 0, 0, 0.15%, 0, 2, 1, 325.28
1654303584, 819, 0, 1, 0, 0, 0.15%, 0, 2, 1, 342.99
1654303589, 823, 0, 1, 0, 0, 0.15%, 0, 2, 1, 230.05
1654303599, 827, 0, 1, 0, 0, 0.15%, 0, 2, 1, 7.82
1654303604, 835, 0, 1, 0, 0, 0.15%, 0, 2, 1, 332.17
1654303611, 837, 0, 1, 0, 0, 0.15%, 0, 2, 1, 8.77
1654303618, 839, 0, 1, 0, 0, 0.15%, 0, 2, 1, 1.79
1654303623, 843, 0, 1, 0, 0, 0.15%, 0, 2, 1, 236.75
1654303628, 846, 0, 1, 0, 0, 0.15%, 0, 2, 1, 200.44
1654303637, 851, 0, 1, 0, 0, 0.15%, 0, 2, 1, 14.41
1654303643, 852, 0, 1, 0, 0, 0.15%, 0, 2, 1, 1.20
1654303649, 854, 0, 1, 0, 0, 0.15%, 0, 2, 1, 8.03
1654303663, 857, 0, 1, 0, 0, 0.15%, 0, 2, 1, 7.50
1654303670, 860, 0, 1, 0, 0, 0.15%, 0, 2, 1, 8.21
1654303679, 863, 0, 1, 0, 0, 0.15%, 0, 2, 1, 3.96
1654303684, 867, 0, 1, 0, 0, 0.15%, 0, 2, 1, 195.85
1654303692, 869, 0, 1, 0, 0, 0.15%, 0, 2, 1, 6.37
1654303699, 873, 0, 1, 0, 0, 0.15%, 0, 2, 1, 5.45
1654303705, 874, 0, 1, 0, 0, 0.15%, 0, 2, 1, 4.69
1654303710, 880, 0, 1, 0, 0, 0.15%, 0, 2, 1, 277.71
1654303719, 883, 0, 1, 0, 0, 0.15%, 0, 2, 1, 5.45
1654303724, 889, 0, 1, 0, 0, 0.15%, 0, 2, 1, 311.10
1654303732, 892, 0, 1, 0, 0, 0.15%, 0, 2, 1, 4.30
1654303745, 894, 0, 1, 0, 0, 0.15%, 0, 2, 1, 4.11
1654303750, 902, 0, 1, 0, 0, 0.15%, 0, 2, 1, 368.63
1654303756, 903, 0, 1, 0, 0, 0.15%, 0, 2, 1, 6.76
1654303761, 907, 0, 1, 0, 0, 0.15%, 0, 2, 1, 194.27
1654303767, 910, 0, 1, 0, 0, 0.15%, 0, 2, 1, 189.57
1654303772, 911, 0, 1, 0, 0, 0.15%, 0, 2, 1, 6.96
1654303777, 916, 0, 1, 0, 0, 0.15%, 0, 2, 1, 247.07
1654303786, 920, 0, 1, 0, 0, 0.15%, 0, 2, 1, 10.50
