# unix_time, cycles_done, cur_path, paths_total, pending_total, pending_favs, map_size, unique_crashes, unique_hangs, max_depth, execs_per_sec
1654322057, 0, 0, 1, 1, 1, 0.23%, 0, 0, 1, 38.10
1654322077, 0, 0, 2, 2, 1, 3.50%, 0, 0, 2, 5.29
1654322118, 0, 1, 2, 1, 1, 3.50%, 0, 0, 2, 48.74
1654322124, 0, 1, 4, 3, 1, 3.50%, 0, 0, 3, 3.02
1654322396, 0, 1, 5, 4, 1, 3.50%, 0, 0, 3, 2.83
1654322620, 0, 1, 6, 5, 1, 3.50%, 0, 0, 3, 3.00
1654322640, 0, 1, 7, 6, 1, 3.50%, 0, 0, 3, 2.85
1654322875, 0, 1, 8, 7, 1, 3.50%, 0, 0, 3, 6.67
1654322979, 0, 6, 8, 6, 1, 3.50%, 0, 0, 3, 52.63
1654323010, 0, 6, 9, 7, 1, 3.52%, 0, 0, 4, 3.58
1654323262, 0, 6, 10, 8, 1, 3.54%, 0, 0, 4, 5.36
