# unix_time, cycles_done, cur_path, paths_total, pending_total, pending_favs, map_size, unique_crashes, unique_hangs, max_depth, execs_per_sec
1621230864, 0, 0, 4, 4, 1, 1.08%, 0, 0, 1, 13.59
1621230870, 0, 1, 4, 4, 1, 1.08%, 0, 0, 1, 13.68
1621230951, 0, 2, 4, 3, 0, 1.08%, 0, 0, 1, 24.22
1621231012, 0, 3, 4, 2, 0, 1.08%, 0, 0, 1, 23.67
1621231073, 1, 0, 4, 1, 0, 1.08%, 0, 0, 1, 23.18
1621231304, 2, 1, 4, 0, 0, 1.08%, 0, 0, 1, 24.92
1621231309, 3, 3, 4, 0, 0, 1.08%, 0, 0, 1, 24.88
1621231314, 5, 0, 4, 0, 0, 1.08%, 0, 0, 1, 24.84
1621231319, 6, 1, 4, 0, 0, 1.08%, 0, 0, 1, 24.88
1621231324, 7, 2, 4, 0, 0, 1.08%, 0, 0, 1, 24.96
1621231329, 8, 3, 4, 0, 0, 1.08%, 0, 0, 1, 24.76
1621231334, 10, 0, 4, 0, 0, 1.08%, 0, 0, 1, 24.97
1621231340, 11, 1, 4, 0, 0, 1.08%, 0, 0, 1, 24.88
1621231345, 12, 2, 4, 0, 0, 1.08%, 0, 0, 1, 24.83
1621231350, 13, 3, 4, 0, 0, 1.08%, 0, 0, 1, 24.77
1621231355, 15, 0, 4, 0, 0, 1.08%, 0, 0, 1, 24.91
1621231360, 16, 1, 4, 0, 0, 1.08%, 0, 0, 1, 24.80
1621231365, 17, 3, 4, 0, 0, 1.08%, 0, 0, 1, 24.74
1621231370, 19, 0, 4, 0, 0, 1.08%, 0, 0, 1, 24.84
1621231375, 20, 1, 4, 0, 0, 1.08%, 0, 0, 1, 24.80
1621231381, 21, 2, 4, 0, 0, 1.08%, 0, 0, 1, 24.75
1621231386, 22, 3, 4, 0, 0, 1.08%, 0, 0, 1, 24.75
1621231391, 24, 0, 4, 0, 0, 1.08%, 0, 0, 1, 24.75
1621231396, 25, 1, 4, 0, 0, 1.08%, 0, 0, 1, 24.64
1621231401, 26, 2, 4, 0, 0, 1.08%, 0, 0, 1, 24.43
1621231406, 27, 3, 4, 0, 0, 1.08%, 0, 0, 1, 24.47
1621231411, 29, 0, 4, 0, 0, 1.08%, 0, 0, 1, 24.77
1621231416, 30, 1, 4, 0, 0, 1.08%, 0, 0, 1, 24.94
1621231422, 31, 3, 4, 0, 0, 1.08%, 0, 0, 1, 24.98
1621231427, 33, 0, 4, 0, 0, 1.08%, 0, 0, 1, 24.84
1621231432, 34, 1, 4, 0, 0, 1.08%, 0, 0, 1, 24.91
1621231437, 35, 2, 4, 0, 0, 1.08%, 0, 0, 1, 24.91
1621231442, 36, 3, 4, 0, 0, 1.08%, 0, 0, 1, 24.84
1621231447, 38, 0, 4, 0, 0, 1.08%, 0, 0, 1, 24.82
1621231452, 39, 1, 4, 0, 0, 1.08%, 0, 0, 1, 24.77
1621231457, 40, 2, 4, 0, 0, 1.08%, 0, 0, 1, 24.79
1621231462, 41, 3, 4, 0, 0, 1.08%, 0, 0, 1, 24.82
1621231471, 42, 3, 4, 0, 0, 1.08%, 0, 1, 1, 0.78
1621231476, 44, 0, 4, 0, 0, 1.08%, 0, 1, 1, 24.71
1621231481, 45, 1, 4, 0, 0, 1.08%, 0, 1, 1, 24.74
1621231487, 46, 2, 4, 0, 0, 1.08%, 0, 1, 1, 24.79
1621231492, 47, 3, 4, 0, 0, 1.08%, 0, 1, 1, 24.95
1621231497, 49, 0, 4, 0, 0, 1.08%, 0, 1, 1, 24.98
1621231502, 50, 2, 4, 0, 0, 1.08%, 0, 1, 1, 24.84
1621231507, 51, 2, 4, 0, 0, 1.08%, 0, 1, 1, 22.48
1621231512, 52, 3, 4, 0, 0, 1.08%, 0, 1, 1, 24.04
1621231517, 54, 0, 4, 0, 0, 1.08%, 0, 1, 1, 24.64
1621231522, 55, 1, 4, 0, 0, 1.08%, 0, 1, 1, 24.87
1621231527, 56, 2, 4, 0, 0, 1.08%, 0, 1, 1, 24.95
1621231533, 57, 3, 4, 0, 0, 1.08%, 0, 1, 1, 24.85
1621231538, 59, 0, 4, 0, 0, 1.08%, 0, 1, 1, 24.89
1621231547, 60, 0, 4, 0, 0, 1.08%, 0, 2, 1, 1.15
1621231552, 61, 1, 4, 0, 0, 1.08%, 0, 2, 1, 24.59
1621231557, 62, 3, 4, 0, 0, 1.08%, 0, 2, 1, 24.71
1621231562, 64, 0, 4, 0, 0, 1.08%, 0, 2, 1, 24.83
1621231568, 64, 1, 4, 0, 0, 1.08%, 0, 2, 1, 0.40
1621231573, 65, 2, 4, 0, 0, 1.08%, 0, 2, 1, 24.66
1621231578, 66, 3, 4, 0, 0, 1.08%, 0, 2, 1, 24.66
1621231583, 68, 0, 4, 0, 0, 1.08%, 0, 2, 1, 24.97
1621231588, 69, 1, 4, 0, 0, 1.08%, 0, 2, 1, 24.95
1621231593, 70, 2, 4, 0, 0, 1.08%, 0, 2, 1, 25.00
1621231598, 71, 3, 4, 0, 0, 1.08%, 0, 2, 1, 24.92
1621231604, 73, 0, 4, 0, 0, 1.08%, 0, 2, 1, 24.88
1621231609, 74, 1, 4, 0, 0, 1.08%, 0, 2, 1, 24.93
1621231614, 75, 2, 4, 0, 0, 1.08%, 0, 2, 1, 24.81
1621231619, 76, 3, 4, 0, 0, 1.08%, 0, 2, 1, 24.84
1621231624, 78, 0, 4, 0, 0, 1.08%, 0, 2, 1, 24.79
1621231629, 79, 1, 4, 0, 0, 1.08%, 0, 2, 1, 24.78
1621231634, 80, 2, 4, 0, 0, 1.08%, 0, 2, 1, 24.85
1621231639, 81, 3, 4, 0, 0, 1.08%, 0, 2, 1, 24.78
1621231644, 83, 0, 4, 0, 0, 1.08%, 0, 2, 1, 24.81
1621231649, 84, 1, 4, 0, 0, 1.08%, 0, 2, 1, 24.99
1621231654, 85, 3, 4, 0, 0, 1.08%, 0, 2, 1, 24.88
1621231660, 87, 0, 4, 0, 0, 1.08%, 0, 2, 1, 24.78
1621231665, 88, 1, 4, 0, 0, 1.08%, 0, 2, 1, 24.85
1621231670, 89, 2, 4, 0, 0, 1.08%, 0, 2, 1, 24.86
1621231675, 90, 3, 4, 0, 0, 1.08%, 0, 2, 1, 25.04
1621231680, 92, 0, 4, 0, 0, 1.08%, 0, 2, 1, 24.93
1621231685, 93, 1, 4, 0, 0, 1.08%, 0, 2, 1, 24.87
1621231691, 94, 3, 4, 0, 0, 1.08%, 0, 2, 1, 24.90
1621231696, 96, 0, 4, 0, 0, 1.08%, 0, 2, 1, 24.91
1621231701, 97, 1, 4, 0, 0, 1.08%, 0, 2, 1, 24.88
1621231706, 98, 2, 4, 0, 0, 1.08%, 0, 2, 1, 25.02
1621231711, 99, 3, 4, 0, 0, 1.08%, 0, 2, 1, 24.99
1621231716, 101, 0, 4, 0, 0, 1.08%, 0, 2, 1, 25.01
1621231721, 102, 1, 4, 0, 0, 1.08%, 0, 2, 1, 24.87
1621231726, 103, 2, 4, 0, 0, 1.08%, 0, 2, 1, 24.83
1621231731, 104, 3, 4, 0, 0, 1.08%, 0, 2, 1, 24.80
1621231737, 106, 0, 4, 0, 0, 1.08%, 0, 2, 1, 24.84
1621231742, 107, 2, 4, 0, 0, 1.08%, 0, 2, 1, 24.95
1621231747, 108, 3, 4, 0, 0, 1.08%, 0, 2, 1, 24.91
1621231752, 110, 0, 4, 0, 0, 1.08%, 0, 2, 1, 24.94
1621231757, 111, 1, 4, 0, 0, 1.08%, 0, 2, 1, 24.97
1621231765, 112, 0, 4, 0, 0, 1.08%, 0, 2, 1, 1.15
1621231770, 113, 1, 4, 0, 0, 1.08%, 0, 2, 1, 24.78
1621231776, 114, 2, 4, 0, 0, 1.08%, 0, 2, 1, 24.72
1621231781, 115, 3, 4, 0, 0, 1.08%, 0, 2, 1, 24.79
1621231786, 117, 0, 4, 0, 0, 1.08%, 0, 2, 1, 24.75
1621231791, 118, 2, 4, 0, 0, 1.08%, 0, 2, 1, 24.92
1621231800, 119, 1, 4, 0, 0, 1.08%, 0, 2, 1, 0.78
1621231805, 120, 2, 4, 0, 0, 1.08%, 0, 2, 1, 24.58
1621231810, 121, 3, 4, 0, 0, 1.08%, 0, 2, 1, 24.65
1621231815, 123, 0, 4, 0, 0, 1.08%, 0, 2, 1, 24.75
1621231820, 124, 2, 4, 0, 0, 1.08%, 0, 2, 1, 24.77
1621231825, 125, 3, 4, 0, 0, 1.08%, 0, 2, 1, 24.81
1621231830, 127, 0, 4, 0, 0, 1.08%, 0, 2, 1, 24.79
1621231835, 128, 1, 4, 0, 0, 1.08%, 0, 2, 1, 24.62
1621231840, 129, 2, 4, 0, 0, 1.08%, 0, 2, 1, 24.76
1621231846, 130, 3, 4, 0, 0, 1.08%, 0, 2, 1, 24.86
1621231851, 132, 0, 4, 0, 0, 1.08%, 0, 2, 1, 24.72
1621231856, 133, 1, 4, 0, 0, 1.08%, 0, 2, 1, 24.80
1621231861, 134, 2, 4, 0, 0, 1.08%, 0, 2, 1, 24.89
1621231866, 135, 3, 4, 0, 0, 1.08%, 0, 2, 1, 24.79
1621231876, 137, 0, 4, 0, 0, 1.08%, 0, 2, 1, 1.15
1621231881, 138, 1, 4, 0, 0, 1.08%, 0, 2, 1, 24.73
1621231886, 139, 2, 4, 0, 0, 1.08%, 0, 2, 1, 24.76
1621231891, 140, 3, 4, 0, 0, 1.08%, 0, 2, 1, 24.80
1621231896, 142, 0, 4, 0, 0, 1.08%, 0, 2, 1, 24.82
1621231901, 143, 1, 4, 0, 0, 1.08%, 0, 2, 1, 24.71
1621231906, 144, 2, 4, 0, 0, 1.08%, 0, 2, 1, 25.01
1621231911, 145, 3, 4, 0, 0, 1.08%, 0, 2, 1, 25.03
1621231917, 147, 1, 4, 0, 0, 1.08%, 0, 2, 1, 24.81
1621231922, 148, 2, 4, 0, 0, 1.08%, 0, 2, 1, 24.83
1621231927, 149, 3, 4, 0, 0, 1.08%, 0, 2, 1, 24.96
1621231932, 151, 0, 4, 0, 0, 1.08%, 0, 2, 1, 24.95
1621231937, 152, 1, 4, 0, 0, 1.08%, 0, 2, 1, 24.88
1621231942, 153, 2, 4, 0, 0, 1.08%, 0, 2, 1, 24.81
1621231947, 154, 3, 4, 0, 0, 1.08%, 0, 2, 1, 24.81
1621231953, 156, 0, 4, 0, 0, 1.08%, 0, 2, 1, 24.71
1621231958, 157, 1, 4, 0, 0, 1.08%, 0, 2, 1, 24.92
1621231963, 158, 2, 4, 0, 0, 1.08%, 0, 2, 1, 24.90
1621231968, 160, 0, 4, 0, 0, 1.08%, 0, 2, 1, 24.99
1621231973, 161, 1, 4, 0, 0, 1.08%, 0, 2, 1, 24.96
1621231981, 162, 0, 4, 0, 0, 1.08%, 0, 2, 1, 0.40
1621231986, 163, 0, 4, 0, 0, 1.08%, 0, 2, 1, 24.80
1621231991, 164, 2, 4, 0, 0, 1.08%, 0, 2, 1, 24.67
1621231996, 165, 3, 4, 0, 0, 1.08%, 0, 2, 1, 24.80
1621232001, 167, 0, 4, 0, 0, 1.08%, 0, 2, 1, 24.79
1621232006, 168, 1, 4, 0, 0, 1.08%, 0, 2, 1, 24.81
1621232011, 169, 2, 4, 0, 0, 1.08%, 0, 2, 1, 24.70
1621232016, 170, 3, 4, 0, 0, 1.08%, 0, 2, 1, 24.74
1621232022, 172, 0, 4, 0, 0, 1.08%, 0, 2, 1, 24.74
1621232027, 173, 1, 4, 0, 0, 1.08%, 0, 2, 1, 24.77
1621232036, 174, 2, 4, 0, 0, 1.08%, 0, 2, 1, 0.40
1621232042, 175, 3, 4, 0, 0, 1.08%, 0, 2, 1, 24.65
1621232047, 177, 0, 4, 0, 0, 1.08%, 0, 2, 1, 24.62
1621232052, 178, 1, 4, 0, 0, 1.08%, 0, 2, 1, 24.68
1621232057, 179, 2, 4, 0, 0, 1.08%, 0, 2, 1, 24.68
1621232062, 180, 3, 4, 0, 0, 1.08%, 0, 2, 1, 24.81
