# unix_time, cycles_done, cur_path, paths_total, pending_total, pending_favs, map_size, unique_crashes, unique_hangs, max_depth, execs_per_sec
1654298932, 0, 0, 1, 1, 1, 0.15%, 0, 0, 1, 103.90
1654298953, 3, 0, 1, 0, 0, 0.15%, 0, 0, 1, 282.39
1654298958, 8, 0, 1, 0, 0, 0.15%, 0, 0, 1, 216.25
1654298963, 11, 0, 1, 0, 0, 0.15%, 0, 0, 1, 158.79
1654298968, 14, 0, 1, 0, 0, 0.15%, 0, 0, 1, 146.80
1654298973, 16, 0, 1, 0, 0, 0.15%, 0, 0, 1, 122.45
1654298978, 19, 0, 1, 0, 0, 0.15%, 0, 0, 1, 140.93
1654298984, 22, 0, 1, 0, 0, 0.15%, 0, 0, 1, 171.26
1654298989, 25, 0, 1, 0, 0, 0.15%, 0, 0, 1, 149.66
1654298994, 31, 0, 1, 0, 0, 0.15%, 0, 0, 1, 267.14
1654298999, 35, 0, 1, 0, 0, 0.15%, 0, 0, 1, 201.82
1654299004, 38, 0, 1, 0, 0, 0.15%, 0, 0, 1, 179.83
1654299009, 42, 0, 1, 0, 0, 0.15%, 0, 0, 1, 172.61
1654299014, 45, 0, 1, 0, 0, 0.15%, 0, 0, 1, 170.79
1654299020, 50, 0, 1, 0, 0, 0.15%, 0, 0, 1, 240.66
1654299025, 56, 0, 1, 0, 0, 0.15%, 0, 0, 1, 280.95
1654299030, 62, 0, 1, 0, 0, 0.15%, 0, 0, 1, 277.57
1654299035, 66, 0, 1, 0, 0, 0.15%, 0, 0, 1, 200.47
1654299040, 69, 0, 1, 0, 0, 0.15%, 0, 0, 1, 183.68
1654299045, 73, 0, 1, 0, 0, 0.15%, 0, 0, 1, 183.92
1654299050, 77, 0, 1, 0, 0, 0.15%, 0, 0, 1, 200.81
1654299055, 83, 0, 1, 0, 0, 0.15%, 0, 0, 1, 284.08
1654299061, 87, 0, 1, 0, 0, 0.15%, 0, 0, 1, 230.76
1654299066, 93, 0, 1, 0, 0, 0.15%, 0, 0, 1, 279.76
1654299071, 96, 0, 1, 0, 0, 0.15%, 0, 0, 1, 196.93
1654299076, 101, 0, 1, 0, 0, 0.15%, 0, 0, 1, 228.45
1654299081, 107, 0, 1, 0, 0, 0.15%, 0, 0, 1, 261.72
1654299086, 110, 0, 1, 0, 0, 0.15%, 0, 0, 1, 208.25
1654299091, 117, 0, 1, 0, 0, 0.15%, 0, 0, 1, 282.45
1654299096, 120, 0, 1, 0, 0, 0.15%, 0, 0, 1, 203.51
1654299101, 126, 0, 1, 0, 0, 0.15%, 0, 0, 1, 281.74
1654299107, 130, 0, 1, 0, 0, 0.15%, 0, 0, 1, 220.34
1654299112, 134, 0, 1, 0, 0, 0.15%, 0, 0, 1, 191.98
1654299117, 141, 0, 1, 0, 0, 0.15%, 0, 0, 1, 292.52
1654299122, 146, 0, 1, 0, 0, 0.15%, 0, 0, 1, 300.01
1654299127, 150, 0, 1, 0, 0, 0.15%, 0, 0, 1, 227.55
1654299132, 154, 0, 1, 0, 0, 0.15%, 0, 0, 1, 194.75
1654299137, 158, 0, 1, 0, 0, 0.15%, 0, 0, 1, 179.49
1654299142, 164, 0, 1, 0, 0, 0.15%, 0, 0, 1, 297.16
1654299147, 170, 0, 1, 0, 0, 0.15%, 0, 0, 1, 305.56
1654299152, 176, 0, 1, 0, 0, 0.15%, 0, 0, 1, 312.47
1654299158, 181, 0, 1, 0, 0, 0.15%, 0, 0, 1, 243.85
1654299163, 187, 0, 1, 0, 0, 0.15%, 0, 0, 1, 293.23
1654299168, 191, 0, 1, 0, 0, 0.15%, 0, 0, 1, 207.13
1654299173, 194, 0, 1, 0, 0, 0.15%, 0, 0, 1, 185.01
1654299178, 200, 0, 1, 0, 0, 0.15%, 0, 0, 1, 285.03
1654299183, 205, 0, 1, 0, 0, 0.15%, 0, 0, 1, 218.70
1654299188, 208, 0, 1, 0, 0, 0.15%, 0, 0, 1, 191.67
1654299193, 212, 0, 1, 0, 0, 0.15%, 0, 0, 1, 181.93
1654299198, 216, 0, 1, 0, 0, 0.15%, 0, 0, 1, 245.00
1654299203, 222, 0, 1, 0, 0, 0.15%, 0, 0, 1, 247.07
1654299208, 225, 0, 1, 0, 0, 0.15%, 0, 0, 1, 188.11
1654299214, 232, 0, 1, 0, 0, 0.15%, 0, 0, 1, 287.58
1654299219, 235, 0, 1, 0, 0, 0.15%, 0, 0, 1, 201.68
1654299224, 240, 0, 1, 0, 0, 0.15%, 0, 0, 1, 264.04
1654299229, 245, 0, 1, 0, 0, 0.15%, 0, 0, 1, 233.68
1654299234, 249, 0, 1, 0, 0, 0.15%, 0, 0, 1, 193.26
1654299239, 252, 0, 1, 0, 0, 0.15%, 0, 0, 1, 181.80
1654299244, 257, 0, 1, 0, 0, 0.15%, 0, 0, 1, 255.33
1654299249, 262, 0, 1, 0, 0, 0.15%, 0, 0, 1, 235.55
1654299254, 266, 0, 1, 0, 0, 0.15%, 0, 0, 1, 194.96
1654299259, 269, 0, 1, 0, 0, 0.15%, 0, 0, 1, 182.24
1654299264, 273, 0, 1, 0, 0, 0.15%, 0, 0, 1, 184.79
1654299270, 278, 0, 1, 0, 0, 0.15%, 0, 0, 1, 271.43
1654299275, 283, 0, 1, 0, 0, 0.15%, 0, 0, 1, 225.57
1654299280, 288, 0, 1, 0, 0, 0.15%, 0, 0, 1, 249.02
1654299285, 294, 0, 1, 0, 0, 0.15%, 0, 0, 1, 287.35
1654299290, 299, 0, 1, 0, 0, 0.15%, 0, 0, 1, 274.84
1654299295, 305, 0, 1, 0, 0, 0.15%, 0, 0, 1, 309.69
1654299300, 311, 0, 1, 0, 0, 0.15%, 0, 0, 1, 286.87
1654299305, 316, 0, 1, 0, 0, 0.15%, 0, 0, 1, 244.29
1654299310, 320, 0, 1, 0, 0, 0.15%, 0, 0, 1, 196.71
1654299315, 325, 0, 1, 0, 0, 0.15%, 0, 0, 1, 288.48
1654299320, 330, 0, 1, 0, 0, 0.15%, 0, 0, 1, 214.22
1654299325, 333, 0, 1, 0, 0, 0.15%, 0, 0, 1, 182.77
1654299331, 338, 0, 1, 0, 0, 0.15%, 0, 0, 1, 261.80
1654299336, 344, 0, 1, 0, 0, 0.15%, 0, 0, 1, 296.98
1654299341, 350, 0, 1, 0, 0, 0.15%, 0, 0, 1, 254.90
1654299346, 355, 0, 1, 0, 0, 0.15%, 0, 0, 1, 293.12
1654299351, 360, 0, 1, 0, 0, 0.15%, 0, 0, 1, 218.18
1654299356, 365, 0, 1, 0, 0, 0.15%, 0, 0, 1, 285.25
1654299361, 370, 0, 1, 0, 0, 0.15%, 0, 0, 1, 221.74
1654299366, 373, 0, 1, 0, 0, 0.15%, 0, 0, 1, 191.64
1654299371, 379, 0, 1, 0, 0, 0.15%, 0, 0, 1, 272.73
1654299376, 385, 0, 1, 0, 0, 0.15%, 0, 0, 1, 307.09
1654299381, 389, 0, 1, 0, 0, 0.15%, 0, 0, 1, 230.30
1654299386, 393, 0, 1, 0, 0, 0.15%, 0, 0, 1, 194.97
1654299392, 398, 0, 1, 0, 0, 0.15%, 0, 0, 1, 235.19
1654299397, 404, 0, 1, 0, 0, 0.15%, 0, 0, 1, 296.82
1654299402, 410, 0, 1, 0, 0, 0.15%, 0, 0, 1, 276.64
1654299407, 416, 0, 1, 0, 0, 0.15%, 0, 0, 1, 316.67
1654299412, 420, 0, 1, 0, 0, 0.15%, 0, 0, 1, 215.64
1654299417, 426, 0, 1, 0, 0, 0.15%, 0, 0, 1, 294.47
1654299422, 431, 0, 1, 0, 0, 0.15%, 0, 0, 1, 295.99
1654299427, 436, 0, 1, 0, 0, 0.15%, 0, 0, 1, 235.71
1654299432, 440, 0, 1, 0, 0, 0.15%, 0, 0, 1, 195.18
1654299437, 444, 0, 1, 0, 0, 0.15%, 0, 0, 1, 190.66
1654299443, 450, 0, 1, 0, 0, 0.15%, 0, 0, 1, 290.00
1654299448, 456, 0, 1, 0, 0, 0.15%, 0, 0, 1, 297.95
1654299453, 460, 0, 1, 0, 0, 0.15%, 0, 0, 1, 225.01
1654299458, 464, 0, 1, 0, 0, 0.15%, 0, 0, 1, 223.42
1654299463, 470, 0, 1, 0, 0, 0.15%, 0, 0, 1, 275.09
1654299468, 474, 0, 1, 0, 0, 0.15%, 0, 0, 1, 204.26
1654299473, 477, 0, 1, 0, 0, 0.15%, 0, 0, 1, 182.81
1654299478, 481, 0, 1, 0, 0, 0.15%, 0, 0, 1, 183.55
1654299483, 484, 0, 1, 0, 0, 0.15%, 0, 0, 1, 179.29
1654299488, 489, 0, 1, 0, 0, 0.15%, 0, 0, 1, 236.44
1654299493, 494, 0, 1, 0, 0, 0.15%, 0, 0, 1, 247.28
1654299498, 498, 0, 1, 0, 0, 0.15%, 0, 0, 1, 197.24
1654299503, 501, 0, 1, 0, 0, 0.15%, 0, 0, 1, 181.31
1654299508, 507, 0, 1, 0, 0, 0.15%, 0, 0, 1, 287.46
1654299514, 511, 0, 1, 0, 0, 0.15%, 0, 0, 1, 205.49
1654299519, 515, 0, 1, 0, 0, 0.15%, 0, 0, 1, 228.13
1654299524, 522, 0, 1, 0, 0, 0.15%, 0, 0, 1, 290.88
1654299529, 528, 0, 1, 0, 0, 0.15%, 0, 0, 1, 283.63
1654299534, 534, 0, 1, 0, 0, 0.15%, 0, 0, 1, 320.55
1654299542, 536, 0, 1, 0, 0, 0.15%, 0, 1, 1, 6.18
1654299548, 537, 0, 1, 0, 0, 0.15%, 0, 1, 1, 2.38
1654299553, 542, 0, 1, 0, 0, 0.15%, 0, 1, 1, 253.86
1654299559, 543, 0, 1, 0, 0, 0.15%, 0, 1, 1, 1.59
1654299564, 548, 0, 1, 0, 0, 0.15%, 0, 1, 1, 221.32
1654299573, 550, 0, 1, 0, 0, 0.15%, 0, 1, 1, 4.68
1654299579, 551, 0, 1, 0, 0, 0.15%, 0, 1, 1, 3.55
1654299584, 555, 0, 1, 0, 0, 0.15%, 0, 1, 1, 180.62
1654299589, 561, 0, 1, 0, 0, 0.15%, 0, 1, 1, 286.28
1654299599, 565, 0, 1, 0, 0, 0.15%, 0, 1, 1, 0.80
1654299605, 567, 0, 1, 0, 0, 0.15%, 0, 1, 1, 1.20
1654299610, 572, 0, 1, 0, 0, 0.15%, 0, 1, 1, 267.17
1654299616, 577, 0, 1, 0, 0, 0.15%, 0, 1, 1, 289.67
1654299622, 579, 0, 1, 0, 0, 0.15%, 0, 1, 1, 8.20
1654299628, 581, 0, 1, 0, 0, 0.15%, 0, 1, 1, 3.56
1654299635, 582, 0, 1, 0, 0, 0.15%, 0, 1, 1, 7.49
1654299647, 584, 0, 1, 0, 0, 0.15%, 0, 1, 1, 7.50
1654299652, 590, 0, 1, 0, 0, 0.15%, 0, 1, 1, 331.85
1654299657, 596, 0, 1, 0, 0, 0.15%, 0, 1, 1, 298.22
1654299662, 600, 0, 1, 0, 0, 0.15%, 0, 1, 1, 200.49
1654299670, 602, 0, 1, 0, 0, 0.15%, 0, 1, 1, 5.81
1654299675, 606, 0, 1, 0, 0, 0.15%, 0, 1, 1, 181.72
1654299680, 609, 0, 1, 0, 0, 0.15%, 0, 1, 1, 179.11
1654299686, 613, 0, 1, 0, 0, 0.15%, 0, 1, 1, 184.95
1654299691, 617, 0, 1, 0, 0, 0.15%, 0, 1, 1, 176.00
1654299696, 622, 0, 1, 0, 0, 0.15%, 0, 1, 1, 273.65
1654299701, 627, 0, 1, 0, 0, 0.15%, 0, 1, 1, 238.79
1654299706, 633, 0, 1, 0, 0, 0.15%, 0, 1, 1, 284.92
1654299712, 634, 0, 1, 0, 0, 0.15%, 0, 1, 1, 0.60
1654299718, 635, 0, 1, 0, 0, 0.15%, 0, 1, 1, 3.56
1654299725, 638, 0, 1, 0, 0, 0.15%, 0, 1, 1, 9.34
1654299730, 643, 0, 1, 0, 0, 0.15%, 0, 1, 1, 240.56
1654299741, 644, 0, 1, 0, 0, 0.15%, 0, 1, 1, 0.20
1654299748, 646, 0, 1, 0, 0, 0.15%, 0, 1, 1, 8.20
1654299761, 649, 0, 1, 0, 0, 0.15%, 0, 1, 1, 1.98
1654299766, 652, 0, 1, 0, 0, 0.15%, 0, 1, 1, 218.79
1654299771, 656, 0, 1, 0, 0, 0.15%, 0, 1, 1, 225.00
1654299779, 660, 0, 1, 0, 0, 0.15%, 0, 1, 1, 8.94
1654299787, 664, 0, 1, 0, 0, 0.15%, 0, 1, 1, 4.72
1654299797, 669, 0, 1, 0, 0, 0.15%, 0, 1, 1, 3.56
1654299802, 675, 0, 1, 0, 0, 0.15%, 0, 1, 1, 275.10
1654299807, 678, 0, 1, 0, 0, 0.15%, 0, 1, 1, 199.15
1654299812, 683, 0, 1, 0, 0, 0.15%, 0, 1, 1, 230.11
1654299817, 688, 0, 1, 0, 0, 0.15%, 0, 1, 1, 254.14
1654299822, 692, 0, 1, 0, 0, 0.15%, 0, 1, 1, 199.55
1654299828, 693, 0, 1, 0, 0, 0.15%, 0, 1, 1, 4.66
1654299838, 697, 0, 1, 0, 0, 0.15%, 0, 1, 1, 3.92
1654299843, 700, 0, 1, 0, 0, 0.15%, 0, 1, 1, 185.66
1654299848, 704, 0, 1, 0, 0, 0.15%, 0, 1, 1, 185.14
1654299853, 709, 0, 1, 0, 0, 0.15%, 0, 1, 1, 270.24
1654299859, 714, 0, 1, 0, 0, 0.15%, 0, 1, 1, 228.56
1654299864, 718, 0, 1, 0, 0, 0.15%, 0, 1, 1, 190.68
1654299869, 721, 0, 1, 0, 0, 0.15%, 0, 1, 1, 182.50
1654299876, 723, 0, 1, 0, 0, 0.15%, 0, 1, 1, 5.26
1654299884, 725, 0, 1, 0, 0, 0.15%, 0, 1, 1, 8.74
1654299889, 729, 0, 1, 0, 0, 0.15%, 0, 1, 1, 176.24
1654299894, 733, 0, 1, 0, 0, 0.15%, 0, 1, 1, 230.91
1654299901, 736, 0, 1, 0, 0, 0.15%, 0, 1, 1, 1.99
1654299911, 739, 0, 1, 0, 0, 0.15%, 0, 2, 1, 4.68
1654299918, 743, 0, 1, 0, 0, 0.15%, 0, 2, 1, 2.38
1654299923, 747, 0, 1, 0, 0, 0.15%, 0, 2, 1, 220.15
1654299930, 748, 0, 1, 0, 0, 0.15%, 0, 2, 1, 3.15
1654299936, 749, 0, 1, 0, 0, 0.15%, 0, 2, 1, 5.89
1654299942, 753, 0, 1, 0, 0, 0.15%, 0, 2, 1, 181.71
1654299949, 754, 0, 1, 0, 0, 0.15%, 0, 2, 1, 0.60
1654299954, 761, 0, 1, 0, 0, 0.15%, 0, 2, 1, 324.19
1654299960, 762, 0, 1, 0, 0, 0.15%, 0, 2, 1, 7.05
1654299965, 763, 0, 1, 0, 0, 0.15%, 0, 2, 1, 11.97
1654299970, 768, 0, 1, 0, 0, 0.15%, 0, 2, 1, 240.08
1654299979, 770, 0, 1, 0, 0, 0.15%, 0, 2, 1, 0.80
1654299988, 774, 0, 1, 0, 0, 0.15%, 0, 2, 1, 5.32
1654299993, 777, 0, 1, 0, 0, 0.15%, 0, 2, 1, 182.47
1654299999, 783, 0, 1, 0, 0, 0.15%, 0, 2, 1, 277.68
1654300004, 788, 0, 1, 0, 0, 0.15%, 0, 2, 1, 224.00
1654300013, 791, 0, 1, 0, 0, 0.15%, 0, 2, 1, 5.82
1654300018, 794, 0, 1, 0, 0, 0.15%, 0, 2, 1, 214.55
1654300024, 795, 0, 1, 0, 0, 0.15%, 0, 2, 1, 0.80
1654300030, 796, 0, 1, 0, 0, 0.15%, 0, 2, 1, 0.60
1654300037, 798, 0, 1, 0, 0, 0.15%, 0, 2, 1, 9.72
1654300042, 802, 0, 1, 0, 0, 0.15%, 0, 2, 1, 216.76
1654300049, 804, 0, 1, 0, 0, 0.15%, 0, 2, 1, 10.08
1654300054, 808, 0, 1, 0, 0, 0.15%, 0, 2, 1, 224.90
1654300061, 811, 0, 1, 0, 0, 0.15%, 0, 2, 1, 1.99
1654300067, 812, 0, 1, 0, 0, 0.15%, 0, 2, 1, 4.72
1654300077, 816, 0, 1, 0, 0, 0.15%, 0, 2, 1, 224.67
1654300086, 819, 0, 1, 0, 0, 0.15%, 0, 2, 1, 5.82
1654300092, 825, 0, 1, 0, 0, 0.15%, 0, 2, 1, 285.33
1654300100, 830, 0, 1, 0, 0, 0.15%, 0, 2, 1, 2.37
1654300106, 833, 0, 1, 0, 0, 0.15%, 0, 2, 1, 216.84
1654300112, 835, 0, 1, 0, 0, 0.15%, 0, 2, 1, 6.18
1654300121, 839, 0, 1, 0, 0, 0.15%, 0, 2, 1, 4.87
1654300128, 841, 0, 1, 0, 0, 0.15%, 0, 2, 1, 12.70
1654300135, 843, 0, 1, 0, 0, 0.15%, 0, 2, 1, 5.25
