# unix_time, cycles_done, cur_path, paths_total, pending_total, pending_favs, map_size, unique_crashes, unique_hangs, max_depth, execs_per_sec
1621534934, 0, 0, 1, 1, 1, 0.16%, 0, 0, 1, 4.52
1621535634, 1, 0, 1, 0, 0, 0.16%, 0, 0, 1, 7.34
1621535639, 3, 0, 1, 0, 0, 0.16%, 0, 0, 1, 7.41
1621535645, 4, 0, 1, 0, 0, 0.16%, 0, 0, 1, 7.32
1621535650, 6, 0, 1, 0, 0, 0.16%, 0, 0, 1, 7.48
1621535655, 7, 0, 1, 0, 0, 0.16%, 0, 0, 1, 7.44
1621535660, 9, 0, 1, 0, 0, 0.16%, 0, 0, 1, 7.38
1621535665, 10, 0, 1, 0, 0, 0.16%, 0, 0, 1, 7.42
1621535672, 11, 0, 1, 0, 0, 0.16%, 0, 1, 1, 0.39
1621535677, 13, 0, 1, 0, 0, 0.16%, 0, 1, 1, 7.74
1621535682, 14, 0, 1, 0, 0, 0.16%, 0, 1, 1, 7.53
1621535688, 16, 0, 1, 0, 0, 0.16%, 0, 1, 1, 7.34
1621535693, 17, 0, 1, 0, 0, 0.16%, 0, 1, 1, 7.38
1621535698, 19, 0, 1, 0, 0, 0.16%, 0, 1, 1, 7.34
1621535703, 20, 0, 1, 0, 0, 0.16%, 0, 1, 1, 7.27
1621535708, 22, 0, 1, 0, 0, 0.16%, 0, 1, 1, 7.35
1621535714, 23, 0, 1, 0, 0, 0.16%, 0, 1, 1, 7.36
1621535719, 25, 0, 1, 0, 0, 0.16%, 0, 1, 1, 7.32
1621535724, 26, 0, 1, 0, 0, 0.16%, 0, 1, 1, 7.39
1621535729, 28, 0, 1, 0, 0, 0.16%, 0, 1, 1, 7.42
1621535734, 29, 0, 1, 0, 0, 0.16%, 0, 1, 1, 7.36
1621535739, 31, 0, 1, 0, 0, 0.16%, 0, 1, 1, 7.48
1621535745, 32, 0, 1, 0, 0, 0.16%, 0, 1, 1, 7.41
1621535750, 34, 0, 1, 0, 0, 0.16%, 0, 1, 1, 7.43
1621535755, 35, 0, 1, 0, 0, 0.16%, 0, 1, 1, 7.31
1621535760, 37, 0, 1, 0, 0, 0.16%, 0, 1, 1, 7.42
1621535765, 38, 0, 1, 0, 0, 0.16%, 0, 1, 1, 7.31
1621535770, 40, 0, 1, 0, 0, 0.16%, 0, 1, 1, 7.46
1621535775, 41, 0, 1, 0, 0, 0.16%, 0, 1, 1, 7.42
1621535785, 43, 0, 1, 0, 0, 0.16%, 0, 1, 1, 0.39
1621535791, 45, 0, 1, 0, 0, 0.16%, 0, 1, 1, 7.28
1621535796, 46, 0, 1, 0, 0, 0.16%, 0, 1, 1, 7.29
1621535801, 48, 0, 1, 0, 0, 0.16%, 0, 1, 1, 7.30
1621535806, 49, 0, 1, 0, 0, 0.16%, 0, 1, 1, 7.38
1621535812, 51, 0, 1, 0, 0, 0.16%, 0, 1, 1, 7.24
1621535817, 52, 0, 1, 0, 0, 0.16%, 0, 1, 1, 7.36
1621535822, 54, 0, 1, 0, 0, 0.16%, 0, 1, 1, 7.32
1621535827, 55, 0, 1, 0, 0, 0.16%, 0, 1, 1, 7.45
1621535833, 56, 0, 1, 0, 0, 0.16%, 0, 1, 1, 0.20
1621535839, 57, 0, 1, 0, 0, 0.16%, 0, 1, 1, 7.18
1621535844, 59, 0, 1, 0, 0, 0.16%, 0, 1, 1, 7.33
1621535849, 60, 0, 1, 0, 0, 0.16%, 0, 1, 1, 7.32
1621535854, 62, 0, 1, 0, 0, 0.16%, 0, 1, 1, 7.28
1621535860, 63, 0, 1, 0, 0, 0.16%, 0, 1, 1, 7.33
1621535865, 65, 0, 1, 0, 0, 0.16%, 0, 1, 1, 7.41
1621535870, 66, 0, 1, 0, 0, 0.16%, 0, 1, 1, 7.45
1621535875, 68, 0, 1, 0, 0, 0.16%, 0, 1, 1, 7.34
1621535880, 69, 0, 1, 0, 0, 0.16%, 0, 1, 1, 7.38
1621535885, 71, 0, 1, 0, 0, 0.16%, 0, 1, 1, 7.44
1621535890, 72, 0, 1, 0, 0, 0.16%, 0, 1, 1, 7.33
1621535896, 74, 0, 1, 0, 0, 0.16%, 0, 1, 1, 7.40
1621535901, 75, 0, 1, 0, 0, 0.16%, 0, 1, 1, 7.38
1621535906, 77, 0, 1, 0, 0, 0.16%, 0, 1, 1, 7.47
1621535911, 78, 0, 1, 0, 0, 0.16%, 0, 1, 1, 7.44
1621535916, 80, 0, 1, 0, 0, 0.16%, 0, 1, 1, 7.36
1621535921, 82, 0, 1, 0, 0, 0.16%, 0, 1, 1, 7.39
1621535927, 83, 0, 1, 0, 0, 0.16%, 0, 1, 1, 7.33
1621535932, 85, 0, 1, 0, 0, 0.16%, 0, 1, 1, 7.43
1621535937, 86, 0, 1, 0, 0, 0.16%, 0, 1, 1, 7.41
1621535942, 88, 0, 1, 0, 0, 0.16%, 0, 1, 1, 7.29
1621535947, 89, 0, 1, 0, 0, 0.16%, 0, 1, 1, 7.36
1621535954, 90, 0, 1, 0, 0, 0.16%, 0, 1, 1, 0.39
1621535965, 91, 0, 1, 0, 0, 0.16%, 0, 1, 1, 7.27
1621535970, 93, 0, 1, 0, 0, 0.16%, 0, 1, 1, 7.32
1621535975, 94, 0, 1, 0, 0, 0.16%, 0, 1, 1, 7.37
1621535980, 96, 0, 1, 0, 0, 0.16%, 0, 1, 1, 7.45
1621535985, 97, 0, 1, 0, 0, 0.16%, 0, 1, 1, 7.30
1621535991, 99, 0, 1, 0, 0, 0.16%, 0, 1, 1, 7.24
1621535996, 100, 0, 1, 0, 0, 0.16%, 0, 1, 1, 7.25
1621536001, 102, 0, 1, 0, 0, 0.16%, 0, 1, 1, 7.29
1621536006, 104, 0, 1, 0, 0, 0.16%, 0, 1, 1, 7.33
1621536011, 105, 0, 1, 0, 0, 0.16%, 0, 1, 1, 7.37
1621536017, 107, 0, 1, 0, 0, 0.16%, 0, 1, 1, 7.42
1621536025, 108, 0, 1, 0, 0, 0.16%, 0, 1, 1, 0.20
1621536030, 109, 0, 1, 0, 0, 0.16%, 0, 1, 1, 7.44
1621536035, 111, 0, 1, 0, 0, 0.16%, 0, 1, 1, 7.37
1621536047, 113, 0, 1, 0, 0, 0.16%, 0, 1, 1, 7.29
1621536052, 114, 0, 1, 0, 0, 0.16%, 0, 1, 1, 7.41
1621536059, 115, 0, 1, 0, 0, 0.16%, 0, 2, 1, 0.39
1621536070, 116, 0, 1, 0, 0, 0.16%, 0, 2, 1, 7.32
1621536075, 118, 0, 1, 0, 0, 0.16%, 0, 2, 1, 7.37
1621536080, 120, 0, 1, 0, 0, 0.16%, 0, 2, 1, 7.20
1621536085, 121, 0, 1, 0, 0, 0.16%, 0, 2, 1, 7.27
1621536091, 123, 0, 1, 0, 0, 0.16%, 0, 2, 1, 7.29
1621536096, 124, 0, 1, 0, 0, 0.16%, 0, 2, 1, 7.39
1621536101, 126, 0, 1, 0, 0, 0.16%, 0, 2, 1, 7.44
1621536106, 127, 0, 1, 0, 0, 0.16%, 0, 2, 1, 7.48
1621536111, 129, 0, 1, 0, 0, 0.16%, 0, 2, 1, 7.41
1621536116, 130, 0, 1, 0, 0, 0.16%, 0, 2, 1, 7.48
1621536121, 132, 0, 1, 0, 0, 0.16%, 0, 2, 1, 7.41
1621536126, 133, 0, 1, 0, 0, 0.16%, 0, 2, 1, 7.38
1621536132, 135, 0, 1, 0, 0, 0.16%, 0, 2, 1, 7.36
1621536137, 136, 1, 2, 1, 1, 0.16%, 0, 2, 2, 146.84
