# unix_time, cycles_done, cur_path, paths_total, pending_total, pending_favs, map_size, unique_crashes, unique_hangs, max_depth, execs_per_sec
1621121264, 0, 0, 2, 2, 1, 1.86%, 0, 0, 1, 7.54
1621121269, 0, 1, 4, 4, 1, 1.87%, 0, 0, 2, 11.19
1621121279, 0, 1, 6, 6, 1, 1.87%, 0, 0, 2, 12.49
1621121290, 0, 1, 7, 7, 1, 1.87%, 0, 0, 2, 12.37
1621121392, 0, 1, 8, 8, 1, 1.87%, 0, 0, 2, 13.23
1621121469, 0, 1, 9, 9, 1, 1.87%, 0, 0, 2, 11.91
1621121474, 0, 1, 11, 11, 1, 1.90%, 0, 0, 2, 11.20
1621121479, 0, 1, 13, 13, 1, 1.90%, 0, 0, 2, 10.46
1621121484, 0, 1, 17, 17, 1, 1.91%, 0, 0, 2, 11.26
1621121556, 0, 1, 19, 19, 1, 1.91%, 0, 0, 2, 8.64
1621121562, 0, 1, 20, 20, 1, 1.91%, 0, 0, 2, 6.33
1621121567, 0, 1, 21, 21, 1, 1.91%, 0, 0, 2, 4.89
1621121577, 0, 1, 22, 22, 1, 1.91%, 0, 0, 2, 4.21
1621121593, 0, 1, 24, 24, 1, 1.95%, 0, 0, 2, 5.60
1621121598, 0, 1, 26, 26, 1, 1.95%, 0, 0, 2, 7.78
1621121603, 0, 1, 27, 27, 1, 1.95%, 0, 0, 2, 10.21
1621121608, 0, 1, 30, 30, 1, 1.96%, 0, 0, 2, 11.33
1621121933, 0, 1, 31, 31, 1, 1.96%, 0, 0, 2, 11.48
1621121943, 0, 1, 32, 32, 1, 1.96%, 0, 0, 2, 11.63
1621121984, 0, 1, 37, 37, 1, 1.96%, 0, 0, 2, 12.58
1621121990, 0, 1, 42, 42, 1, 1.96%, 0, 0, 2, 12.07
1621121995, 0, 1, 43, 43, 1, 1.96%, 0, 0, 2, 12.30
1621122000, 0, 1, 49, 49, 1, 2.00%, 0, 0, 2, 21.77
1621122005, 0, 1, 52, 52, 1, 2.00%, 0, 0, 2, 18.40
1621122010, 0, 1, 55, 55, 1, 2.01%, 0, 0, 2, 15.22
1621122015, 0, 1, 58, 58, 1, 2.01%, 0, 0, 2, 13.34
1621122020, 0, 1, 60, 60, 1, 2.01%, 0, 0, 2, 11.91
1621122025, 0, 1, 65, 65, 1, 2.01%, 0, 0, 2, 13.66
1621122030, 0, 1, 69, 69, 1, 2.01%, 0, 0, 2, 12.84
1621122036, 0, 1, 72, 72, 1, 2.01%, 0, 0, 2, 15.06
1621122041, 0, 1, 79, 79, 1, 2.01%, 0, 0, 2, 15.01
1621122046, 0, 1, 82, 82, 1, 2.01%, 0, 0, 2, 15.42
1621122051, 0, 1, 83, 83, 1, 2.01%, 0, 0, 2, 16.29
1621122056, 0, 1, 86, 86, 1, 2.01%, 0, 0, 2, 13.23
1621122061, 0, 1, 90, 90, 1, 2.01%, 0, 0, 2, 13.36
1621122066, 0, 1, 94, 94, 1, 2.01%, 0, 0, 2, 13.97
1621122071, 0, 1, 95, 95, 1, 2.01%, 0, 0, 2, 12.73
1621122076, 0, 1, 98, 98, 1, 2.01%, 0, 0, 2, 13.41
1621122082, 0, 1, 99, 99, 1, 2.01%, 0, 0, 2, 16.07
1621122087, 0, 1, 100, 100, 1, 2.01%, 0, 0, 2, 16.70
1621122102, 0, 1, 101, 101, 1, 2.01%, 0, 0, 2, 14.46
1621122164, 0, 1, 102, 102, 1, 2.01%, 0, 0, 2, 15.50
1621122169, 0, 1, 103, 103, 1, 2.01%, 0, 0, 2, 16.09
1621122174, 0, 1, 104, 104, 1, 2.01%, 0, 0, 2, 16.62
1621122195, 0, 1, 105, 105, 1, 2.01%, 0, 0, 2, 12.33
1621122215, 0, 1, 106, 106, 1, 2.01%, 0, 0, 2, 11.20
1621122231, 0, 4, 106, 105, 13, 2.01%, 0, 0, 2, 14.06
1621122461, 0, 4, 107, 106, 13, 2.02%, 0, 0, 3, 15.78
