# unix_time, cycles_done, cur_path, paths_total, pending_total, pending_favs, map_size, unique_crashes, unique_hangs, max_depth, execs_per_sec
1654317188, 0, 0, 1, 1, 1, 0.00%, 0, 0, 1, 64.00
1654317224, 2, 0, 1, 0, 0, 0.00%, 0, 0, 1, 77.39
1654317229, 5, 0, 1, 0, 0, 0.00%, 0, 0, 1, 74.74
1654317235, 9, 0, 1, 0, 0, 0.00%, 0, 0, 1, 78.39
1654317240, 12, 0, 1, 0, 0, 0.00%, 0, 0, 1, 80.49
1654317245, 15, 0, 1, 0, 0, 0.00%, 0, 0, 1, 80.90
1654317250, 18, 0, 1, 0, 0, 0.00%, 0, 0, 1, 80.89
1654317255, 22, 0, 1, 0, 0, 0.00%, 0, 0, 1, 80.08
1654317260, 25, 0, 1, 0, 0, 0.00%, 0, 0, 1, 80.55
1654317266, 28, 0, 1, 0, 0, 0.00%, 0, 0, 1, 79.74
1654317271, 31, 0, 1, 0, 0, 0.00%, 0, 0, 1, 79.43
1654317276, 35, 0, 1, 0, 0, 0.00%, 0, 0, 1, 79.39
1654317281, 38, 0, 1, 0, 0, 0.00%, 0, 0, 1, 79.95
1654317286, 41, 0, 1, 0, 0, 0.00%, 0, 0, 1, 80.08
1654317291, 44, 0, 1, 0, 0, 0.00%, 0, 0, 1, 77.00
1654317297, 47, 0, 1, 0, 0, 0.00%, 0, 0, 1, 74.38
1654317302, 50, 0, 1, 0, 0, 0.00%, 0, 0, 1, 79.11
1654317307, 54, 0, 1, 0, 0, 0.00%, 0, 0, 1, 78.99
1654317312, 56, 0, 1, 0, 0, 0.00%, 0, 0, 1, 75.10
1654317317, 60, 0, 1, 0, 0, 0.00%, 0, 0, 1, 76.62
1654317322, 63, 0, 1, 0, 0, 0.00%, 0, 0, 1, 77.03
1654317327, 66, 0, 1, 0, 0, 0.00%, 0, 0, 1, 78.98
1654317332, 69, 0, 1, 0, 0, 0.00%, 0, 0, 1, 75.88
1654317338, 72, 0, 1, 0, 0, 0.00%, 0, 0, 1, 78.65
1654317343, 76, 0, 1, 0, 0, 0.00%, 0, 0, 1, 86.37
1654317348, 79, 0, 1, 0, 0, 0.00%, 0, 0, 1, 82.61
1654317353, 82, 0, 1, 0, 0, 0.00%, 0, 0, 1, 81.31
1654317358, 85, 0, 1, 0, 0, 0.00%, 0, 0, 1, 79.19
1654317363, 88, 0, 1, 0, 0, 0.00%, 0, 0, 1, 76.08
1654317368, 91, 0, 1, 0, 0, 0.00%, 0, 0, 1, 77.67
1654317374, 95, 0, 1, 0, 0, 0.00%, 0, 0, 1, 79.27
1654317379, 98, 0, 1, 0, 0, 0.00%, 0, 0, 1, 76.65
1654317384, 101, 0, 1, 0, 0, 0.00%, 0, 0, 1, 76.95
1654317389, 104, 0, 1, 0, 0, 0.00%, 0, 0, 1, 83.82
1654317394, 108, 0, 1, 0, 0, 0.00%, 0, 0, 1, 101.55
1654317399, 115, 0, 1, 0, 0, 0.00%, 0, 0, 1, 199.95
1654317404, 129, 0, 1, 0, 0, 0.00%, 0, 0, 1, 294.72
1654317409, 144, 0, 1, 0, 0, 0.00%, 0, 0, 1, 362.08
1654317415, 153, 0, 1, 0, 0, 0.00%, 0, 0, 1, 249.37
1654317420, 162, 0, 1, 0, 0, 0.00%, 0, 0, 1, 225.50
1654317425, 176, 0, 1, 0, 0, 0.00%, 0, 0, 1, 346.12
1654317430, 187, 0, 1, 0, 0, 0.00%, 0, 0, 1, 280.24
1654317435, 202, 0, 1, 0, 0, 0.00%, 0, 0, 1, 371.39
1654317440, 213, 0, 1, 0, 0, 0.00%, 0, 0, 1, 279.03
1654317445, 230, 0, 1, 0, 0, 0.00%, 0, 0, 1, 401.52
1654317450, 239, 0, 1, 0, 0, 0.00%, 0, 0, 1, 257.44
1654317455, 252, 0, 1, 0, 0, 0.00%, 0, 0, 1, 339.48
1654317461, 265, 0, 1, 0, 0, 0.00%, 0, 0, 1, 303.11
1654317466, 275, 0, 1, 0, 0, 0.00%, 0, 0, 1, 282.12
1654317471, 291, 0, 1, 0, 0, 0.00%, 0, 0, 1, 363.91
1654317476, 303, 0, 1, 0, 0, 0.00%, 0, 0, 1, 343.84
1654317481, 317, 0, 1, 0, 0, 0.00%, 0, 0, 1, 322.01
1654317486, 331, 0, 1, 0, 0, 0.00%, 0, 0, 1, 379.62
1654317491, 346, 0, 1, 0, 0, 0.00%, 0, 0, 1, 398.95
1654317496, 362, 0, 1, 0, 0, 0.00%, 0, 0, 1, 384.67
1654317501, 377, 0, 1, 0, 0, 0.00%, 0, 0, 1, 350.86
1654317506, 385, 0, 1, 0, 0, 0.00%, 0, 0, 1, 243.60
1654317511, 394, 0, 1, 0, 0, 0.00%, 0, 0, 1, 224.58
1654317516, 406, 0, 1, 0, 0, 0.00%, 0, 0, 1, 331.73
1654317521, 419, 0, 1, 0, 0, 0.00%, 0, 0, 1, 301.18
1654317526, 428, 0, 1, 0, 0, 0.00%, 0, 0, 1, 233.11
1654317531, 436, 0, 1, 0, 0, 0.00%, 0, 0, 1, 216.32
1654317536, 448, 0, 1, 0, 0, 0.00%, 0, 0, 1, 325.96
1654317541, 461, 0, 1, 0, 0, 0.00%, 0, 0, 1, 299.70
1654317546, 471, 0, 1, 0, 0, 0.00%, 0, 0, 1, 248.69
1654317551, 487, 0, 1, 0, 0, 0.00%, 0, 0, 1, 385.37
1654317557, 499, 0, 1, 0, 0, 0.00%, 0, 0, 1, 336.78
1654317562, 513, 0, 1, 0, 0, 0.00%, 0, 0, 1, 332.56
1654317567, 530, 0, 1, 0, 0, 0.00%, 0, 0, 1, 405.22
1654317572, 547, 0, 1, 0, 0, 0.00%, 0, 0, 1, 428.72
1654317577, 564, 0, 1, 0, 0, 0.00%, 0, 0, 1, 432.87
1654317582, 574, 0, 1, 0, 0, 0.00%, 0, 0, 1, 273.03
1654317587, 588, 0, 1, 0, 0, 0.00%, 0, 0, 1, 362.79
1654317592, 599, 0, 1, 0, 0, 0.00%, 0, 0, 1, 285.66
1654317597, 608, 0, 1, 0, 0, 0.00%, 0, 0, 1, 228.93
1654317602, 624, 0, 1, 0, 0, 0.00%, 0, 0, 1, 383.66
1654317607, 640, 0, 1, 0, 0, 0.00%, 0, 0, 1, 413.82
1654317613, 651, 0, 1, 0, 0, 0.00%, 0, 0, 1, 276.23
1654317618, 659, 0, 1, 0, 0, 0.00%, 0, 0, 1, 228.84
1654317623, 676, 0, 1, 0, 0, 0.00%, 0, 0, 1, 388.42
1654317628, 689, 0, 1, 0, 0, 0.00%, 0, 0, 1, 361.60
1654317633, 702, 0, 1, 0, 0, 0.00%, 0, 0, 1, 306.74
1654317638, 710, 0, 1, 0, 0, 0.00%, 0, 0, 1, 239.97
1654317643, 725, 0, 1, 0, 0, 0.00%, 0, 0, 1, 366.44
1654317648, 736, 0, 1, 0, 0, 0.00%, 0, 0, 1, 276.89
1654317653, 745, 0, 1, 0, 0, 0.00%, 0, 0, 1, 234.89
1654317658, 757, 0, 1, 0, 0, 0.00%, 0, 0, 1, 313.49
1654317663, 771, 0, 1, 0, 0, 0.00%, 0, 0, 1, 318.63
1654317668, 787, 0, 1, 0, 0, 0.00%, 0, 0, 1, 402.02
1654317673, 797, 0, 1, 0, 0, 0.00%, 0, 0, 1, 263.44
1654317679, 805, 0, 1, 0, 0, 0.00%, 0, 0, 1, 224.70
1654317684, 822, 0, 1, 0, 0, 0.00%, 0, 0, 1, 385.31
1654317689, 831, 0, 1, 0, 0, 0.00%, 0, 0, 1, 261.83
1654317694, 847, 0, 1, 0, 0, 0.00%, 0, 0, 1, 383.16
1654317699, 862, 0, 1, 0, 0, 0.00%, 0, 0, 1, 391.15
1654317704, 878, 0, 1, 0, 0, 0.00%, 0, 0, 1, 416.73
1654317709, 895, 0, 1, 0, 0, 0.00%, 0, 0, 1, 422.79
1654317714, 912, 0, 1, 0, 0, 0.00%, 0, 0, 1, 404.83
1654317719, 926, 0, 1, 0, 0, 0.00%, 0, 0, 1, 347.81
1654317725, 943, 0, 1, 0, 0, 0.00%, 0, 0, 1, 404.24
1654317730, 961, 0, 1, 0, 0, 0.00%, 0, 0, 1, 425.60
1654317735, 970, 0, 1, 0, 0, 0.00%, 0, 0, 1, 273.40
1654317740, 986, 0, 1, 0, 0, 0.00%, 0, 0, 1, 388.41
1654317745, 995, 0, 1, 0, 0, 0.00%, 0, 0, 1, 247.41
1654317750, 1007, 0, 1, 0, 0, 0.00%, 0, 0, 1, 313.75
1654317755, 1021, 0, 1, 0, 0, 0.00%, 0, 0, 1, 322.37
1654317760, 1034, 0, 1, 0, 0, 0.00%, 0, 0, 1, 369.99
1654317765, 1047, 0, 1, 0, 0, 0.00%, 0, 0, 1, 290.48
1654317770, 1055, 0, 1, 0, 0, 0.00%, 0, 0, 1, 235.23
1654317776, 1067, 0, 1, 0, 0, 0.00%, 0, 0, 1, 318.05
1654317781, 1081, 0, 1, 0, 0, 0.00%, 0, 0, 1, 315.08
1654317786, 1097, 0, 1, 0, 0, 0.00%, 0, 0, 1, 401.87
1654317795, 1106, 0, 1, 0, 0, 0.00%, 0, 1, 1, 7.47
1654317800, 1108, 0, 1, 0, 0, 0.00%, 0, 2, 1, 18.37
1654317808, 1112, 0, 1, 0, 0, 0.00%, 0, 2, 1, 1.59
1654317815, 1116, 0, 1, 0, 0, 0.00%, 0, 2, 1, 3.93
1654317820, 1127, 0, 1, 0, 0, 0.00%, 0, 2, 1, 283.70
1654317827, 1134, 0, 1, 0, 0, 0.00%, 0, 2, 1, 9.78
1654317833, 1150, 0, 1, 0, 0, 0.00%, 0, 2, 1, 417.20
1654317839, 1154, 0, 1, 0, 0, 0.00%, 0, 2, 1, 10.92
1654317844, 1156, 0, 1, 0, 0, 0.00%, 0, 2, 1, 9.38
1654317853, 1166, 0, 1, 0, 0, 0.00%, 0, 2, 1, 17.31
1654317858, 1175, 0, 1, 0, 0, 0.00%, 0, 2, 1, 223.16
1654317867, 1182, 0, 1, 0, 0, 0.00%, 0, 2, 1, 4.36
1654317872, 1197, 0, 1, 0, 0, 0.00%, 0, 2, 1, 370.30
1654317878, 1200, 0, 1, 0, 0, 0.00%, 0, 2, 1, 9.97
1654317884, 1203, 0, 1, 0, 0, 0.00%, 0, 2, 1, 6.49
1654317896, 1210, 0, 1, 0, 0, 0.00%, 0, 2, 1, 4.75
1654317901, 1225, 0, 1, 0, 0, 0.00%, 0, 2, 1, 382.41
1654317907, 1226, 0, 1, 0, 0, 0.00%, 0, 2, 1, 1.40
1654317913, 1231, 0, 1, 0, 0, 0.00%, 0, 2, 1, 12.44
1654317918, 1240, 0, 1, 0, 0, 0.00%, 0, 2, 1, 219.81
1654317924, 1254, 0, 1, 0, 0, 0.00%, 0, 2, 1, 347.16
1654317932, 1267, 0, 1, 0, 0, 0.00%, 0, 2, 1, 7.84
1654317938, 1268, 0, 1, 0, 0, 0.00%, 0, 2, 1, 1.19
1654317943, 1279, 0, 1, 0, 0, 0.00%, 0, 2, 1, 290.49
1654317951, 1290, 0, 1, 0, 0, 0.00%, 0, 2, 1, 1.40
1654317958, 1294, 0, 1, 0, 0, 0.00%, 0, 2, 1, 10.92
1654317964, 1298, 0, 1, 0, 0, 0.00%, 0, 2, 1, 9.40
1654317970, 1303, 0, 1, 0, 0, 0.00%, 0, 2, 1, 6.31
1654317976, 1306, 0, 1, 0, 0, 0.00%, 0, 2, 1, 1.59
1654317985, 1315, 0, 1, 0, 0, 0.00%, 0, 2, 1, 2.37
1654317990, 1324, 0, 1, 0, 0, 0.00%, 0, 2, 1, 215.97
1654318000, 1338, 0, 1, 0, 0, 0.00%, 0, 2, 1, 13.95
1654318005, 1354, 0, 1, 0, 0, 0.00%, 0, 2, 1, 376.38
1654318011, 1356, 0, 1, 0, 0, 0.00%, 0, 2, 1, 1.19
1654318019, 1365, 0, 1, 0, 0, 0.00%, 0, 2, 1, 7.08
1654318024, 1366, 0, 1, 0, 0, 0.00%, 0, 2, 1, 7.06
1654318029, 1375, 0, 1, 0, 0, 0.00%, 0, 2, 1, 263.50
1654318035, 1386, 0, 1, 0, 0, 0.00%, 0, 2, 1, 300.73
1654318040, 1387, 0, 1, 0, 0, 0.00%, 0, 2, 1, 1.20
1654318045, 1397, 0, 1, 0, 0, 0.00%, 0, 2, 1, 272.69
1654318050, 1412, 0, 1, 0, 0, 0.00%, 0, 2, 1, 345.25
1654318057, 1418, 0, 1, 0, 0, 0.00%, 0, 2, 1, 13.54
1654318063, 1420, 0, 1, 0, 0, 0.00%, 0, 2, 1, 7.08
1654318073, 1434, 0, 1, 0, 0, 0.00%, 0, 2, 1, 5.53
1654318080, 1440, 0, 1, 0, 0, 0.00%, 0, 2, 1, 15.38
1654318090, 1449, 0, 1, 0, 0, 0.00%, 0, 2, 1, 13.93
1654318096, 1452, 0, 1, 0, 0, 0.00%, 0, 2, 1, 12.40
1654318104, 1461, 0, 1, 0, 0, 0.00%, 0, 2, 1, 8.24
1654318111, 1465, 0, 1, 0, 0, 0.00%, 0, 2, 1, 11.68
1654318119, 1474, 0, 1, 0, 0, 0.00%, 0, 2, 1, 16.51
1654318124, 1475, 0, 1, 0, 0, 0.00%, 0, 2, 1, 2.37
1654318133, 1487, 0, 1, 0, 0, 0.00%, 0, 2, 1, 6.31
1654318138, 1489, 0, 1, 0, 0, 0.00%, 0, 2, 1, 12.26
1654318144, 1490, 0, 1, 0, 0, 0.00%, 0, 2, 1, 11.39
1654318154, 1507, 0, 1, 0, 0, 0.00%, 0, 2, 1, 11.31
1654318160, 1518, 0, 1, 0, 0, 0.00%, 0, 2, 1, 290.82
1654318167, 1523, 0, 1, 0, 0, 0.00%, 0, 2, 1, 1.99
1654318174, 1526, 0, 1, 0, 0, 0.00%, 0, 2, 1, 0.80
1654318179, 1540, 0, 1, 0, 0, 0.00%, 0, 2, 1, 373.71
1654318188, 1553, 0, 1, 0, 0, 0.00%, 0, 2, 1, 3.16
1654318195, 1560, 0, 1, 0, 0, 0.00%, 0, 2, 1, 10.92
1654318200, 1561, 0, 1, 0, 0, 0.00%, 0, 2, 1, 3.18
1654318206, 1562, 0, 1, 0, 0, 0.00%, 0, 2, 1, 6.89
1654318211, 1579, 0, 1, 0, 0, 0.00%, 0, 2, 1, 412.30
1654318219, 1588, 0, 1, 0, 0, 0.00%, 0, 2, 1, 14.89
1654318224, 1597, 0, 1, 0, 0, 0.00%, 0, 2, 1, 230.06
1654318232, 1605, 0, 1, 0, 0, 0.00%, 0, 2, 1, 7.09
1654318238, 1609, 0, 1, 0, 0, 0.00%, 0, 2, 1, 10.89
1654318243, 1624, 0, 1, 0, 0, 0.00%, 0, 2, 1, 360.02
1654318251, 1632, 0, 1, 0, 0, 0.00%, 0, 2, 1, 4.70
1654318257, 1633, 0, 1, 0, 0, 0.00%, 0, 2, 1, 12.63
1654318262, 1644, 0, 1, 0, 0, 0.00%, 0, 2, 1, 311.21
1654318268, 1647, 0, 1, 0, 0, 0.00%, 0, 2, 1, 7.09
1654318273, 1662, 0, 1, 0, 0, 0.00%, 0, 2, 1, 369.29
1654318281, 1671, 0, 1, 0, 0, 0.00%, 0, 2, 1, 14.84
1654318287, 1674, 0, 1, 0, 0, 0.00%, 0, 2, 1, 15.44
1654318295, 1685, 0, 1, 0, 0, 0.00%, 0, 2, 1, 4.75
1654318306, 1695, 0, 1, 0, 0, 0.00%, 0, 2, 1, 275.61
1654318313, 1702, 0, 1, 0, 0, 0.00%, 0, 2, 1, 2.98
1654318322, 1709, 0, 1, 0, 0, 0.00%, 0, 2, 1, 5.46
1654318332, 1718, 0, 1, 0, 0, 0.00%, 0, 2, 1, 13.94
1654318339, 1726, 0, 1, 0, 0, 0.00%, 0, 2, 1, 4.75
1654318344, 1734, 0, 1, 0, 0, 0.00%, 0, 2, 1, 219.56
1654318350, 1736, 0, 1, 0, 0, 0.00%, 0, 2, 1, 9.02
1654318357, 1741, 0, 1, 0, 0, 0.00%, 0, 2, 1, 13.95
1654318362, 1753, 0, 1, 0, 0, 0.00%, 0, 2, 1, 296.68
1654318369, 1762, 0, 1, 0, 0, 0.00%, 0, 2, 1, 5.92
1654318376, 1765, 0, 1, 0, 0, 0.00%, 0, 2, 1, 8.45
1654318384, 1772, 0, 1, 0, 0, 0.00%, 0, 2, 1, 16.91
1654318390, 1775, 0, 1, 0, 0, 0.00%, 0, 2, 1, 4.74
