# unix_time, cycles_done, cur_path, paths_total, pending_total, pending_favs, map_size, unique_crashes, unique_hangs, max_depth, execs_per_sec
1619754431, 0, 0, 5, 5, 2, 13.88%, 0, 0, 1, 140.35
1619754436, 0, 0, 17, 17, 2, 15.33%, 0, 0, 2, 155.09
1619754441, 0, 0, 25, 25, 2, 16.05%, 0, 0, 2, 162.59
1619754446, 0, 0, 33, 33, 2, 16.07%, 0, 0, 2, 158.33
1619754451, 0, 0, 36, 36, 2, 16.07%, 0, 0, 2, 151.49
1619754456, 0, 0, 41, 41, 2, 16.07%, 0, 0, 2, 161.20
1619754461, 0, 0, 44, 44, 2, 16.07%, 0, 0, 2, 165.58
1619754467, 0, 0, 55, 55, 2, 16.07%, 0, 0, 2, 163.99
1619754472, 0, 0, 56, 56, 2, 16.07%, 0, 0, 2, 166.90
1619754477, 0, 0, 59, 59, 2, 16.07%, 0, 0, 2, 165.30
1619754482, 0, 0, 60, 60, 2, 16.07%, 0, 0, 2, 154.62
1619754487, 0, 0, 61, 61, 2, 16.07%, 0, 0, 2, 166.52
1619754492, 0, 0, 62, 62, 2, 16.07%, 0, 0, 2, 157.90
1619754497, 0, 0, 69, 69, 2, 16.07%, 0, 0, 2, 153.25
1619754502, 0, 0, 94, 94, 2, 16.07%, 0, 0, 2, 150.31
1619754507, 0, 0, 112, 112, 2, 16.07%, 0, 0, 2, 147.69
1619754513, 0, 0, 121, 121, 2, 17.12%, 0, 0, 2, 151.49
1619754518, 0, 0, 130, 130, 2, 17.12%, 0, 0, 2, 165.41
1619754523, 0, 0, 133, 133, 2, 17.12%, 0, 0, 2, 154.01
1619754528, 0, 0, 134, 134, 2, 17.12%, 0, 0, 2, 147.92
1619754533, 0, 0, 136, 136, 2, 17.12%, 0, 0, 2, 150.62
1619754538, 0, 0, 140, 140, 2, 17.14%, 0, 0, 2, 187.57
1619754543, 0, 0, 143, 143, 2, 17.14%, 0, 0, 2, 192.50
1619754548, 0, 0, 144, 144, 2, 17.14%, 0, 0, 2, 192.95
1619754553, 0, 0, 148, 148, 2, 17.16%, 0, 0, 2, 188.37
1619754558, 0, 0, 151, 151, 2, 17.16%, 0, 0, 2, 189.49
1619754564, 0, 0, 153, 153, 2, 17.19%, 0, 0, 2, 188.82
1619754569, 0, 0, 154, 154, 2, 17.19%, 0, 0, 2, 204.14
1619754574, 0, 0, 156, 156, 2, 17.19%, 0, 0, 2, 208.57
1619754579, 0, 0, 158, 158, 2, 17.19%, 0, 0, 2, 197.93
1619754584, 0, 0, 159, 159, 2, 17.19%, 0, 0, 2, 202.24
1619754589, 0, 0, 161, 161, 2, 17.19%, 0, 0, 2, 189.80
1619754594, 0, 0, 165, 165, 2, 17.19%, 0, 0, 2, 193.80
1619754599, 0, 0, 167, 167, 2, 17.19%, 0, 0, 2, 194.65
1619754604, 0, 0, 169, 169, 2, 17.19%, 0, 0, 2, 189.29
1619754609, 0, 0, 171, 171, 2, 17.19%, 0, 0, 2, 196.86
1619754614, 0, 0, 172, 172, 2, 17.19%, 0, 0, 2, 194.30
1619754620, 0, 0, 174, 174, 2, 17.19%, 0, 0, 2, 194.12
1619754635, 0, 0, 175, 175, 2, 17.19%, 0, 0, 2, 202.05
1619754650, 0, 0, 178, 178, 2, 17.19%, 0, 0, 2, 194.86
1619754671, 0, 0, 179, 179, 2, 17.19%, 0, 0, 2, 183.62
1619754676, 0, 0, 180, 180, 2, 17.19%, 0, 0, 2, 191.77
1619754686, 0, 0, 181, 181, 2, 17.19%, 0, 0, 2, 189.67
1619754691, 0, 0, 183, 183, 2, 17.19%, 0, 0, 2, 186.61
1619754696, 0, 0, 185, 185, 2, 17.19%, 0, 0, 2, 189.07
1619754701, 0, 0, 186, 186, 2, 17.19%, 0, 0, 2, 189.36
1619754707, 0, 0, 188, 188, 2, 17.19%, 0, 0, 2, 192.75
1619754717, 0, 7, 188, 187, 11, 17.19%, 0, 0, 2, 170.89
1619754727, 0, 7, 189, 188, 11, 17.19%, 0, 0, 3, 195.10
1619754732, 0, 7, 190, 189, 11, 17.19%, 0, 0, 3, 168.83
1619754752, 0, 7, 191, 190, 11, 17.19%, 0, 0, 3, 174.37
1619754772, 0, 7, 196, 195, 11, 17.19%, 0, 0, 3, 216.29
1619754777, 0, 7, 203, 202, 11, 17.19%, 0, 0, 3, 294.33
1619754782, 0, 7, 206, 205, 11, 17.19%, 0, 0, 3, 228.61
1619754793, 0, 7, 207, 206, 11, 17.19%, 0, 0, 3, 205.50
1619754798, 0, 7, 208, 207, 11, 17.19%, 0, 0, 3, 202.88
1619754803, 0, 7, 209, 208, 11, 17.19%, 0, 0, 3, 204.66
1619754808, 0, 7, 211, 210, 11, 17.19%, 0, 0, 3, 208.31
1619754823, 0, 7, 212, 211, 11, 17.19%, 0, 0, 3, 205.28
1619754828, 0, 8, 213, 211, 11, 17.19%, 0, 0, 3, 340.75
1619754841, 0, 8, 216, 214, 11, 17.19%, 0, 0, 3, 3.64
1619754851, 0, 8, 217, 215, 11, 17.66%, 0, 0, 3, 559.52
1619754862, 0, 17, 217, 214, 10, 17.66%, 0, 0, 3, 653.89
1619754867, 0, 17, 220, 217, 10, 17.66%, 0, 0, 3, 897.91
1619754872, 0, 17, 222, 219, 10, 17.66%, 0, 0, 3, 796.65
1619754877, 0, 18, 223, 219, 9, 17.66%, 0, 0, 3, 788.05
1619754892, 0, 139, 224, 219, 8, 17.66%, 0, 0, 3, 788.87
1619754912, 0, 139, 225, 220, 8, 17.66%, 0, 0, 3, 801.90
1619754917, 0, 139, 226, 221, 8, 17.66%, 0, 0, 3, 987.52
1619754923, 0, 139, 227, 222, 8, 17.66%, 0, 0, 3, 1026.99
1619754933, 0, 139, 228, 223, 8, 17.66%, 0, 0, 3, 794.85
1619754938, 0, 144, 228, 222, 7, 17.66%, 0, 0, 3, 848.88
1619754948, 0, 144, 229, 223, 7, 17.66%, 0, 0, 3, 831.72
1619754953, 0, 144, 230, 224, 7, 17.66%, 0, 0, 3, 827.42
1619754958, 0, 144, 231, 225, 7, 17.66%, 0, 0, 3, 813.38
1619755004, 0, 144, 232, 226, 7, 17.66%, 0, 0, 3, 787.10
1619755009, 0, 146, 233, 226, 6, 17.66%, 0, 0, 3, 785.79
1619755014, 0, 146, 234, 227, 6, 17.66%, 0, 0, 3, 806.34
1619755034, 0, 146, 235, 228, 6, 17.66%, 0, 0, 3, 783.23
1619755039, 0, 146, 236, 229, 6, 17.66%, 0, 0, 3, 799.69
1619755054, 0, 146, 237, 230, 6, 17.66%, 0, 0, 3, 828.10
1619755069, 0, 146, 238, 231, 6, 17.66%, 0, 0, 3, 804.73
1619755115, 0, 146, 239, 232, 6, 17.66%, 0, 0, 3, 834.10
1619755130, 0, 146, 240, 233, 6, 17.66%, 0, 0, 3, 959.92
1619755156, 0, 146, 241, 234, 6, 17.66%, 0, 0, 3, 785.47
1619755206, 0, 146, 242, 235, 6, 17.66%, 0, 0, 3, 774.01
1619755211, 0, 151, 242, 234, 5, 17.66%, 0, 0, 3, 939.48
1619755227, 0, 151, 243, 235, 5, 17.66%, 0, 0, 3, 756.45
1619755257, 0, 151, 244, 236, 5, 17.66%, 0, 0, 3, 817.20
1619755409, 0, 152, 244, 235, 4, 17.66%, 0, 0, 3, 570.41
1619755455, 0, 152, 245, 236, 4, 17.66%, 0, 0, 3, 665.14
1619755481, 0, 152, 246, 237, 4, 17.66%, 0, 0, 3, 519.05
1619755598, 0, 155, 246, 236, 3, 17.66%, 0, 0, 3, 502.53
1619755618, 0, 155, 247, 237, 3, 17.66%, 0, 0, 3, 481.96
1619755634, 0, 155, 249, 239, 3, 17.71%, 0, 0, 3, 519.83
