# unix_time, cycles_done, cur_path, paths_total, pending_total, pending_favs, map_size, unique_crashes, unique_hangs, max_depth, execs_per_sec
1621530066, 0, 0, 1, 1, 1, 0.16%, 0, 0, 1, 6.83
1621530332, 1, 0, 1, 0, 0, 0.16%, 0, 0, 1, 14.92
1621530337, 4, 0, 1, 0, 0, 0.16%, 0, 0, 1, 14.81
1621530342, 7, 0, 1, 0, 0, 0.16%, 0, 0, 1, 14.93
1621530347, 10, 0, 1, 0, 0, 0.16%, 0, 0, 1, 14.98
1621530353, 13, 0, 1, 0, 0, 0.16%, 0, 0, 1, 14.89
1621530358, 16, 0, 1, 0, 0, 0.16%, 0, 0, 1, 14.98
1621530363, 19, 0, 1, 0, 0, 0.16%, 0, 0, 1, 14.82
1621530368, 22, 0, 1, 0, 0, 0.16%, 0, 0, 1, 14.68
1621530373, 25, 0, 1, 0, 0, 0.16%, 0, 0, 1, 14.96
1621530378, 28, 0, 1, 0, 0, 0.16%, 0, 0, 1, 14.88
1621530383, 31, 0, 1, 0, 0, 0.16%, 0, 0, 1, 14.80
1621530388, 34, 0, 1, 0, 0, 0.16%, 0, 0, 1, 14.90
1621530393, 37, 0, 1, 0, 0, 0.16%, 0, 0, 1, 14.94
1621530398, 40, 0, 1, 0, 0, 0.16%, 0, 0, 1, 14.79
1621530404, 43, 0, 1, 0, 0, 0.16%, 0, 0, 1, 14.88
1621530409, 46, 0, 1, 0, 0, 0.16%, 0, 0, 1, 14.66
1621530414, 49, 0, 1, 0, 0, 0.16%, 0, 0, 1, 14.84
1621530419, 52, 0, 1, 0, 0, 0.16%, 0, 0, 1, 14.89
1621530424, 56, 0, 1, 0, 0, 0.16%, 0, 0, 1, 15.01
1621530429, 59, 0, 1, 0, 0, 0.16%, 0, 0, 1, 14.78
1621530434, 62, 0, 1, 0, 0, 0.16%, 0, 0, 1, 14.89
1621530440, 65, 0, 1, 0, 0, 0.16%, 0, 0, 1, 14.73
1621530445, 68, 0, 1, 0, 0, 0.16%, 0, 0, 1, 14.96
1621530450, 71, 0, 1, 0, 0, 0.16%, 0, 0, 1, 15.00
1621530455, 74, 0, 1, 0, 0, 0.16%, 0, 0, 1, 14.89
1621530460, 77, 0, 1, 0, 0, 0.16%, 0, 0, 1, 15.08
1621530465, 80, 0, 1, 0, 0, 0.16%, 0, 0, 1, 14.85
1621530470, 83, 0, 1, 0, 0, 0.16%, 0, 0, 1, 14.84
1621530475, 86, 0, 1, 0, 0, 0.16%, 0, 0, 1, 14.92
1621530480, 89, 0, 1, 0, 0, 0.16%, 0, 0, 1, 14.90
1621530485, 92, 0, 1, 0, 0, 0.16%, 0, 0, 1, 14.79
1621530491, 95, 0, 1, 0, 0, 0.16%, 0, 0, 1, 15.00
1621530496, 98, 0, 1, 0, 0, 0.16%, 0, 0, 1, 14.86
1621530501, 101, 0, 1, 0, 0, 0.16%, 0, 0, 1, 14.89
1621530506, 104, 0, 1, 0, 0, 0.16%, 0, 0, 1, 14.94
1621530511, 107, 0, 1, 0, 0, 0.16%, 0, 0, 1, 14.69
1621530516, 110, 0, 1, 0, 0, 0.16%, 0, 0, 1, 14.90
1621530521, 113, 0, 1, 0, 0, 0.16%, 0, 0, 1, 14.74
1621530526, 116, 0, 1, 0, 0, 0.16%, 0, 0, 1, 15.01
1621530531, 119, 0, 1, 0, 0, 0.16%, 0, 0, 1, 14.99
1621530536, 123, 0, 1, 0, 0, 0.16%, 0, 0, 1, 14.89
1621530541, 126, 0, 1, 0, 0, 0.16%, 0, 0, 1, 14.64
1621530547, 129, 0, 1, 0, 0, 0.16%, 0, 0, 1, 14.79
1621530552, 132, 0, 1, 0, 0, 0.16%, 0, 0, 1, 14.90
1621530557, 135, 0, 1, 0, 0, 0.16%, 0, 0, 1, 14.94
1621530562, 138, 0, 1, 0, 0, 0.16%, 0, 0, 1, 15.03
1621530567, 141, 0, 1, 0, 0, 0.16%, 0, 0, 1, 14.99
1621530572, 144, 0, 1, 0, 0, 0.16%, 0, 0, 1, 14.96
1621530577, 147, 0, 1, 0, 0, 0.16%, 0, 0, 1, 14.88
1621530582, 150, 0, 1, 0, 0, 0.16%, 0, 0, 1, 14.91
1621530588, 153, 0, 1, 0, 0, 0.16%, 0, 0, 1, 14.84
1621530593, 156, 0, 1, 0, 0, 0.16%, 0, 0, 1, 14.69
1621530598, 159, 0, 1, 0, 0, 0.16%, 0, 0, 1, 14.69
1621530603, 162, 0, 1, 0, 0, 0.16%, 0, 0, 1, 14.89
1621530608, 165, 0, 1, 0, 0, 0.16%, 0, 0, 1, 14.84
1621530613, 168, 0, 1, 0, 0, 0.16%, 0, 0, 1, 14.61
1621530618, 172, 0, 1, 0, 0, 0.16%, 0, 0, 1, 14.86
1621530624, 175, 0, 1, 0, 0, 0.16%, 0, 0, 1, 14.79
1621530629, 178, 0, 1, 0, 0, 0.16%, 0, 0, 1, 14.99
1621530634, 181, 0, 1, 0, 0, 0.16%, 0, 0, 1, 14.82
1621530639, 184, 0, 1, 0, 0, 0.16%, 0, 0, 1, 14.57
1621530644, 187, 0, 1, 0, 0, 0.16%, 0, 0, 1, 14.86
1621530649, 190, 0, 1, 0, 0, 0.16%, 0, 0, 1, 14.88
1621530654, 193, 0, 1, 0, 0, 0.16%, 0, 0, 1, 14.89
1621530660, 196, 0, 1, 0, 0, 0.16%, 0, 0, 1, 14.72
1621530665, 199, 0, 1, 0, 0, 0.16%, 0, 0, 1, 14.68
1621530670, 202, 0, 1, 0, 0, 0.16%, 0, 0, 1, 14.95
1621530675, 205, 0, 1, 0, 0, 0.16%, 0, 0, 1, 14.69
1621530680, 208, 0, 1, 0, 0, 0.16%, 0, 0, 1, 14.90
1621530685, 211, 0, 1, 0, 0, 0.16%, 0, 0, 1, 14.74
1621530690, 214, 0, 1, 0, 0, 0.16%, 0, 0, 1, 14.93
1621530695, 217, 0, 1, 0, 0, 0.16%, 0, 0, 1, 14.79
1621530700, 220, 0, 1, 0, 0, 0.16%, 0, 0, 1, 14.94
1621530706, 223, 0, 1, 0, 0, 0.16%, 0, 0, 1, 14.90
1621530711, 226, 0, 1, 0, 0, 0.16%, 0, 0, 1, 15.02
1621530716, 229, 0, 1, 0, 0, 0.16%, 0, 0, 1, 14.96
1621530721, 233, 0, 1, 0, 0, 0.16%, 0, 0, 1, 15.00
1621530726, 236, 0, 1, 0, 0, 0.16%, 0, 0, 1, 15.07
1621530731, 239, 0, 1, 0, 0, 0.16%, 0, 0, 1, 14.96
1621530737, 242, 0, 1, 0, 0, 0.16%, 0, 0, 1, 14.98
1621530742, 245, 0, 1, 0, 0, 0.16%, 0, 0, 1, 15.06
1621530747, 248, 0, 1, 0, 0, 0.16%, 0, 0, 1, 14.85
1621530752, 251, 0, 1, 0, 0, 0.16%, 0, 0, 1, 14.98
1621530757, 254, 0, 1, 0, 0, 0.16%, 0, 0, 1, 14.98
1621530762, 257, 0, 1, 0, 0, 0.16%, 0, 0, 1, 14.92
1621530767, 260, 0, 1, 0, 0, 0.16%, 0, 0, 1, 14.99
1621530772, 263, 0, 1, 0, 0, 0.16%, 0, 0, 1, 14.88
1621530777, 266, 0, 1, 0, 0, 0.16%, 0, 0, 1, 14.85
1621530782, 269, 0, 1, 0, 0, 0.16%, 0, 0, 1, 14.98
1621530787, 272, 0, 1, 0, 0, 0.16%, 0, 0, 1, 14.76
1621530792, 275, 0, 1, 0, 0, 0.16%, 0, 0, 1, 14.85
1621530802, 278, 0, 1, 0, 0, 0.16%, 0, 1, 1, 0.58
1621530808, 279, 0, 1, 0, 0, 0.16%, 0, 2, 1, 0.20
1621530813, 282, 0, 1, 0, 0, 0.16%, 0, 2, 1, 14.96
1621530818, 285, 0, 1, 0, 0, 0.16%, 0, 2, 1, 14.83
1621530823, 288, 0, 1, 0, 0, 0.16%, 0, 2, 1, 14.85
1621530832, 290, 0, 1, 0, 0, 0.16%, 0, 2, 1, 0.58
1621530840, 292, 0, 1, 0, 0, 0.16%, 0, 2, 1, 0.39
1621530846, 295, 0, 1, 0, 0, 0.16%, 0, 2, 1, 14.70
1621530851, 298, 0, 1, 0, 0, 0.16%, 0, 2, 1, 15.08
1621530856, 301, 0, 1, 0, 0, 0.16%, 0, 2, 1, 14.92
1621530861, 304, 0, 1, 0, 0, 0.16%, 0, 2, 1, 14.93
1621530869, 306, 0, 1, 0, 0, 0.16%, 0, 2, 1, 0.20
1621530874, 309, 0, 1, 0, 0, 0.16%, 0, 2, 1, 14.63
1621530879, 312, 0, 1, 0, 0, 0.16%, 0, 2, 1, 14.51
1621530884, 315, 0, 1, 0, 0, 0.16%, 0, 2, 1, 14.68
1621530889, 318, 0, 1, 0, 0, 0.16%, 0, 2, 1, 14.81
1621530894, 321, 0, 1, 0, 0, 0.16%, 0, 2, 1, 14.71
1621530900, 324, 0, 1, 0, 0, 0.16%, 0, 2, 1, 14.85
1621530905, 327, 0, 1, 0, 0, 0.16%, 0, 2, 1, 15.00
1621530910, 330, 0, 1, 0, 0, 0.16%, 0, 2, 1, 14.79
1621530915, 334, 0, 1, 0, 0, 0.16%, 0, 2, 1, 14.87
1621530920, 337, 0, 1, 0, 0, 0.16%, 0, 2, 1, 14.78
1621530925, 340, 0, 1, 0, 0, 0.16%, 0, 2, 1, 14.62
1621530930, 343, 0, 1, 0, 0, 0.16%, 0, 2, 1, 14.67
1621530936, 346, 0, 1, 0, 0, 0.16%, 0, 2, 1, 14.51
1621530941, 349, 0, 1, 0, 0, 0.16%, 0, 2, 1, 14.79
1621530946, 352, 0, 1, 0, 0, 0.16%, 0, 2, 1, 14.75
1621530951, 355, 0, 1, 0, 0, 0.16%, 0, 2, 1, 14.50
1621530956, 358, 0, 1, 0, 0, 0.16%, 0, 2, 1, 14.68
1621530961, 361, 0, 1, 0, 0, 0.16%, 0, 2, 1, 14.68
1621530966, 364, 0, 1, 0, 0, 0.16%, 0, 2, 1, 14.85
1621530971, 367, 0, 1, 0, 0, 0.16%, 0, 2, 1, 14.64
1621530976, 370, 0, 1, 0, 0, 0.16%, 0, 2, 1, 14.95
1621530981, 373, 0, 1, 0, 0, 0.16%, 0, 2, 1, 14.74
1621530986, 376, 0, 1, 0, 0, 0.16%, 0, 2, 1, 14.77
1621530991, 379, 0, 1, 0, 0, 0.16%, 0, 2, 1, 14.72
1621530997, 382, 0, 1, 0, 0, 0.16%, 0, 2, 1, 14.52
1621531002, 385, 0, 1, 0, 0, 0.16%, 0, 2, 1, 14.64
1621531007, 388, 0, 1, 0, 0, 0.16%, 0, 2, 1, 14.77
1621531012, 391, 0, 1, 0, 0, 0.16%, 0, 2, 1, 14.82
1621531017, 394, 0, 1, 0, 0, 0.16%, 0, 2, 1, 14.81
1621531022, 397, 0, 1, 0, 0, 0.16%, 0, 2, 1, 14.88
1621531027, 400, 0, 1, 0, 0, 0.16%, 0, 2, 1, 14.94
1621531032, 403, 0, 1, 0, 0, 0.16%, 0, 2, 1, 14.63
1621531038, 406, 0, 1, 0, 0, 0.16%, 0, 2, 1, 14.95
1621531043, 409, 0, 1, 0, 0, 0.16%, 0, 2, 1, 14.79
1621531048, 412, 0, 1, 0, 0, 0.16%, 0, 2, 1, 14.74
1621531053, 415, 0, 1, 0, 0, 0.16%, 0, 2, 1, 14.76
1621531058, 418, 0, 1, 0, 0, 0.16%, 0, 2, 1, 14.84
1621531063, 421, 0, 1, 0, 0, 0.16%, 0, 2, 1, 14.69
1621531071, 423, 0, 1, 0, 0, 0.16%, 0, 2, 1, 0.77
1621531076, 426, 0, 1, 0, 0, 0.16%, 0, 2, 1, 14.76
1621531081, 429, 0, 1, 0, 0, 0.16%, 0, 2, 1, 14.82
1621531092, 432, 0, 1, 0, 0, 0.16%, 0, 2, 1, 14.78
1621531097, 435, 0, 1, 0, 0, 0.16%, 0, 2, 1, 14.72
1621531102, 438, 0, 1, 0, 0, 0.16%, 0, 2, 1, 14.84
1621531107, 441, 0, 1, 0, 0, 0.16%, 0, 2, 1, 14.66
1621531112, 444, 0, 1, 0, 0, 0.16%, 0, 2, 1, 14.79
1621531117, 447, 0, 1, 0, 0, 0.16%, 0, 2, 1, 14.74
1621531123, 450, 0, 1, 0, 0, 0.16%, 0, 2, 1, 14.79
1621531128, 454, 0, 1, 0, 0, 0.16%, 0, 2, 1, 14.71
1621531133, 457, 0, 1, 0, 0, 0.16%, 0, 2, 1, 14.73
1621531138, 460, 0, 1, 0, 0, 0.16%, 0, 2, 1, 14.68
1621531143, 463, 0, 1, 0, 0, 0.16%, 0, 2, 1, 14.69
1621531148, 466, 0, 1, 0, 0, 0.16%, 0, 2, 1, 14.79
1621531154, 469, 0, 1, 0, 0, 0.16%, 0, 2, 1, 14.70
1621531159, 472, 0, 1, 0, 0, 0.16%, 0, 2, 1, 14.71
1621531164, 475, 0, 1, 0, 0, 0.16%, 0, 2, 1, 14.80
1621531169, 478, 0, 1, 0, 0, 0.16%, 0, 2, 1, 14.68
1621531174, 481, 0, 1, 0, 0, 0.16%, 0, 2, 1, 14.72
1621531179, 484, 0, 1, 0, 0, 0.16%, 0, 2, 1, 14.73
1621531184, 487, 0, 1, 0, 0, 0.16%, 0, 2, 1, 14.85
1621531190, 490, 0, 1, 0, 0, 0.16%, 0, 2, 1, 14.75
1621531195, 493, 0, 1, 0, 0, 0.16%, 0, 2, 1, 14.65
1621531205, 496, 0, 1, 0, 0, 0.16%, 0, 2, 1, 14.31
1621531210, 499, 0, 1, 0, 0, 0.16%, 0, 2, 1, 14.73
1621531215, 502, 0, 1, 0, 0, 0.16%, 0, 2, 1, 14.81
1621531220, 505, 0, 1, 0, 0, 0.16%, 0, 2, 1, 14.90
1621531225, 508, 0, 1, 0, 0, 0.16%, 0, 2, 1, 14.75
1621531238, 510, 0, 1, 0, 0, 0.16%, 0, 2, 1, 0.20
1621531243, 513, 0, 1, 0, 0, 0.16%, 0, 2, 1, 14.85
1621531251, 515, 0, 1, 0, 0, 0.16%, 0, 2, 1, 0.77
1621531256, 518, 0, 1, 0, 0, 0.16%, 0, 2, 1, 15.07
1621531261, 521, 0, 1, 0, 0, 0.16%, 0, 2, 1, 14.61
1621531266, 524, 0, 1, 0, 0, 0.16%, 0, 2, 1, 14.77
