# unix_time, cycles_done, cur_path, paths_total, pending_total, pending_favs, map_size, unique_crashes, unique_hangs, max_depth, execs_per_sec
1619723930, 0, 0, 5, 5, 4, 50.14%, 0, 0, 1, 17.61
1619723935, 0, 0, 7, 7, 4, 50.80%, 0, 0, 2, 10.93
1619723940, 0, 0, 9, 9, 4, 50.80%, 0, 0, 2, 10.81
1619723945, 0, 0, 12, 12, 4, 50.80%, 0, 0, 2, 10.81
1619723951, 0, 0, 16, 16, 4, 50.80%, 0, 0, 2, 10.68
1619723956, 0, 0, 19, 19, 4, 50.80%, 0, 0, 2, 10.74
1619723961, 0, 0, 22, 22, 4, 50.81%, 0, 0, 2, 13.42
1619723966, 0, 0, 26, 26, 4, 50.81%, 0, 0, 2, 25.20
1619723971, 0, 0, 33, 33, 4, 51.17%, 0, 0, 2, 33.01
1619723982, 0, 0, 36, 36, 4, 51.23%, 0, 0, 2, 9.77
1619723987, 0, 0, 37, 37, 4, 51.23%, 0, 0, 2, 8.66
1619723992, 0, 0, 38, 38, 4, 51.23%, 0, 0, 2, 8.49
1619723997, 0, 0, 39, 39, 4, 51.23%, 0, 0, 2, 8.24
1619724002, 0, 0, 40, 40, 4, 51.23%, 0, 0, 2, 7.96
1619724007, 0, 0, 41, 41, 4, 51.23%, 0, 0, 2, 9.63
1619724022, 0, 0, 44, 44, 4, 51.23%, 0, 0, 2, 13.22
1619724028, 0, 0, 47, 47, 4, 51.23%, 0, 0, 2, 19.81
1619724033, 0, 0, 49, 49, 4, 51.23%, 0, 0, 2, 31.86
1619724038, 0, 0, 51, 51, 4, 51.23%, 0, 0, 2, 14.44
1619724043, 0, 0, 54, 54, 4, 51.23%, 0, 0, 2, 10.41
1619724048, 0, 0, 57, 57, 4, 51.23%, 0, 0, 2, 10.62
1619724053, 0, 0, 58, 58, 4, 51.23%, 0, 0, 2, 10.70
1619724058, 0, 0, 59, 59, 4, 51.23%, 0, 0, 2, 10.74
1619724063, 0, 0, 60, 60, 4, 51.23%, 0, 0, 2, 12.38
1619724068, 0, 0, 61, 61, 4, 51.23%, 0, 0, 2, 15.96
1619724073, 0, 0, 63, 63, 4, 51.23%, 0, 0, 2, 20.83
1619724078, 0, 0, 64, 64, 4, 51.23%, 0, 0, 2, 23.44
1619724083, 0, 0, 65, 65, 4, 51.23%, 0, 0, 2, 12.22
1619724088, 0, 0, 66, 66, 4, 51.23%, 0, 0, 2, 10.88
1619724104, 0, 0, 68, 68, 4, 51.23%, 0, 0, 2, 11.92
1619724109, 0, 0, 70, 70, 4, 51.23%, 0, 0, 2, 13.76
1619724114, 0, 0, 72, 72, 4, 51.23%, 0, 0, 2, 10.56
1619724120, 0, 0, 73, 73, 4, 51.24%, 0, 0, 2, 24.12
1619724125, 0, 0, 76, 76, 4, 51.24%, 0, 0, 2, 24.28
1619724130, 0, 0, 80, 80, 4, 51.24%, 0, 0, 2, 14.74
1619724135, 0, 0, 81, 81, 4, 51.24%, 0, 0, 2, 12.07
1619724140, 0, 0, 82, 82, 4, 51.24%, 0, 0, 2, 11.26
1619724145, 0, 0, 83, 83, 4, 51.24%, 0, 0, 2, 10.94
1619724151, 0, 0, 84, 84, 4, 51.24%, 0, 0, 2, 10.94
1619724156, 0, 0, 85, 85, 4, 51.24%, 0, 0, 2, 10.90
1619724161, 0, 0, 87, 87, 4, 51.24%, 0, 0, 2, 10.90
1619724171, 0, 0, 88, 88, 4, 51.24%, 0, 0, 2, 10.82
1619724176, 0, 0, 89, 89, 4, 51.24%, 0, 0, 2, 10.80
1619724187, 0, 0, 90, 90, 4, 51.24%, 0, 0, 2, 10.78
1619724202, 0, 0, 92, 92, 4, 51.24%, 0, 0, 2, 30.09
1619724207, 0, 0, 94, 94, 4, 51.24%, 0, 0, 2, 22.54
1619724212, 0, 0, 96, 96, 4, 51.24%, 0, 0, 2, 20.86
1619724218, 0, 0, 98, 98, 4, 51.24%, 0, 0, 2, 20.31
1619724223, 0, 0, 99, 99, 4, 51.24%, 0, 0, 2, 39.54
1619724228, 0, 0, 100, 100, 4, 51.24%, 0, 0, 2, 45.62
1619724233, 0, 0, 101, 101, 4, 51.24%, 0, 0, 2, 8.77
1619724238, 0, 0, 104, 104, 4, 51.24%, 0, 0, 2, 8.43
1619724243, 0, 0, 108, 108, 4, 51.24%, 0, 0, 2, 8.30
1619724248, 0, 0, 109, 109, 4, 51.24%, 0, 0, 2, 8.36
1619724254, 0, 0, 112, 112, 4, 51.24%, 0, 0, 2, 8.04
1619724259, 0, 0, 115, 115, 4, 51.24%, 0, 0, 2, 8.16
1619724264, 0, 0, 117, 117, 4, 51.24%, 0, 0, 2, 8.20
1619724269, 0, 0, 118, 118, 4, 51.24%, 0, 0, 2, 8.19
1619724274, 0, 0, 119, 119, 4, 51.24%, 0, 0, 2, 8.30
1619724284, 0, 0, 122, 122, 4, 51.24%, 0, 0, 2, 8.40
1619724289, 0, 0, 125, 125, 4, 51.24%, 0, 0, 2, 8.36
1619724294, 0, 0, 128, 128, 4, 51.24%, 0, 0, 2, 8.30
1619724299, 0, 0, 129, 129, 4, 51.24%, 0, 0, 2, 8.32
1619724320, 0, 0, 130, 130, 4, 51.24%, 0, 0, 2, 10.76
1619724340, 0, 0, 131, 131, 4, 51.24%, 0, 0, 2, 10.87
1619724345, 0, 0, 132, 132, 4, 51.24%, 0, 0, 2, 10.82
1619724361, 0, 0, 133, 133, 4, 51.24%, 0, 0, 2, 10.91
1619724366, 0, 0, 134, 134, 4, 51.24%, 0, 0, 2, 10.51
1619724376, 0, 0, 135, 135, 4, 51.24%, 0, 0, 2, 10.71
1619724381, 0, 0, 136, 136, 4, 51.24%, 0, 0, 2, 28.65
1619724386, 0, 0, 137, 137, 4, 51.24%, 0, 0, 2, 23.44
1619724391, 0, 0, 139, 139, 4, 51.24%, 0, 0, 2, 18.00
1619724397, 0, 0, 145, 145, 4, 51.24%, 0, 0, 2, 34.41
1619724402, 0, 0, 147, 147, 4, 51.24%, 0, 0, 2, 15.98
1619724407, 0, 0, 148, 148, 4, 51.24%, 0, 0, 2, 10.25
1619724412, 0, 0, 150, 150, 4, 51.24%, 0, 0, 2, 10.69
1619724433, 0, 0, 152, 152, 4, 51.24%, 0, 0, 2, 38.63
1619724438, 0, 0, 153, 153, 4, 51.24%, 0, 0, 2, 42.11
1619724443, 0, 0, 154, 154, 4, 51.24%, 0, 0, 2, 11.38
1619724459, 0, 0, 155, 155, 4, 51.24%, 0, 0, 2, 8.68
1619724469, 0, 0, 156, 156, 4, 51.24%, 0, 0, 2, 10.41
1619724479, 0, 0, 157, 157, 4, 51.24%, 0, 0, 2, 10.72
1619724484, 0, 0, 160, 160, 4, 51.24%, 0, 0, 2, 10.89
1619724489, 0, 0, 161, 161, 4, 51.24%, 0, 0, 2, 10.99
1619724494, 0, 0, 162, 162, 4, 51.24%, 0, 0, 2, 10.81
1619724515, 0, 0, 164, 164, 4, 51.24%, 0, 0, 2, 27.84
1619724525, 0, 0, 165, 165, 4, 51.24%, 0, 0, 2, 44.30
1619724530, 0, 0, 166, 166, 4, 51.24%, 0, 0, 2, 43.09
1619724535, 0, 0, 170, 170, 4, 51.24%, 0, 0, 2, 45.42
1619724571, 0, 0, 171, 171, 4, 51.24%, 0, 0, 2, 8.69
1619724581, 0, 0, 172, 172, 4, 51.24%, 0, 0, 2, 9.56
1619724622, 0, 0, 173, 173, 4, 51.24%, 0, 0, 2, 30.86
1619724627, 0, 0, 177, 177, 4, 51.24%, 0, 0, 2, 42.28
1619724633, 0, 0, 181, 181, 4, 51.24%, 0, 0, 2, 59.08
1619724638, 0, 0, 182, 182, 4, 51.24%, 0, 0, 2, 10.93
1619724643, 0, 0, 183, 183, 4, 51.24%, 0, 0, 2, 11.04
1619724653, 0, 0, 186, 186, 4, 51.24%, 0, 0, 2, 26.31
1619724684, 0, 0, 187, 187, 4, 51.24%, 0, 0, 2, 41.02
1619724689, 0, 0, 188, 188, 4, 51.24%, 0, 0, 2, 45.42
1619724704, 0, 0, 190, 190, 4, 51.24%, 0, 0, 2, 45.49
1619724709, 0, 0, 191, 191, 4, 51.24%, 0, 0, 2, 45.81
1619724714, 0, 0, 192, 192, 4, 51.24%, 0, 0, 2, 47.11
1619724725, 0, 0, 193, 193, 4, 51.24%, 0, 0, 2, 46.32
1619724765, 0, 0, 195, 195, 4, 51.24%, 0, 0, 2, 45.94
1619724806, 0, 0, 196, 196, 4, 51.24%, 0, 0, 2, 47.24
1619724821, 0, 0, 198, 198, 4, 51.24%, 0, 0, 2, 46.46
1619724831, 0, 0, 199, 199, 4, 51.24%, 0, 0, 2, 46.88
1619724862, 0, 0, 200, 200, 4, 51.24%, 0, 0, 2, 8.43
1619724872, 0, 0, 201, 201, 4, 51.24%, 0, 0, 2, 8.42
1619724877, 0, 0, 202, 202, 4, 51.24%, 0, 0, 2, 8.43
1619724902, 0, 0, 203, 203, 4, 51.24%, 0, 0, 2, 8.45
1619724933, 0, 0, 204, 204, 4, 51.24%, 0, 0, 2, 8.30
1619724938, 0, 0, 205, 205, 4, 51.24%, 0, 0, 2, 8.37
1619724943, 0, 0, 206, 206, 4, 51.24%, 0, 0, 2, 8.29
1619725020, 0, 0, 207, 207, 4, 51.24%, 0, 0, 2, 11.17
1619725035, 0, 0, 208, 208, 4, 51.24%, 0, 0, 2, 10.68
1619725040, 0, 0, 209, 209, 4, 51.26%, 0, 0, 2, 11.05
1619725045, 0, 0, 210, 210, 4, 51.26%, 0, 0, 2, 12.20
1619725051, 0, 0, 211, 211, 4, 51.26%, 0, 0, 2, 13.65
1619725056, 0, 0, 215, 215, 4, 51.26%, 0, 0, 2, 12.92
1619725066, 0, 0, 216, 216, 4, 51.41%, 0, 0, 2, 10.72
1619725087, 0, 0, 217, 217, 4, 51.41%, 0, 0, 2, 10.76
1619725107, 0, 0, 218, 218, 4, 51.41%, 0, 0, 2, 10.94
1619725123, 0, 0, 219, 219, 4, 51.54%, 0, 0, 2, 10.95
