# unix_time, cycles_done, cur_path, paths_total, pending_total, pending_favs, map_size, unique_crashes, unique_hangs, max_depth, execs_per_sec
1621549113, 0, 0, 1, 1, 1, 0.08%, 0, 0, 1, 82.47
1621549123, 0, 0, 7, 7, 1, 0.09%, 0, 0, 2, 93.71
1621549128, 0, 0, 10, 10, 1, 0.09%, 0, 0, 2, 93.29
1621549138, 0, 1, 10, 9, 6, 0.09%, 0, 0, 2, 94.25
1621549174, 0, 1, 13, 12, 6, 0.09%, 0, 0, 3, 92.15
1621549185, 0, 2, 13, 11, 5, 0.09%, 0, 0, 3, 97.03
1621549236, 0, 2, 14, 12, 5, 0.09%, 0, 0, 3, 99.94
1621549246, 0, 3, 14, 11, 5, 0.09%, 0, 0, 3, 98.07
1621549307, 0, 4, 14, 10, 4, 0.09%, 0, 0, 3, 92.35
1621549374, 0, 5, 14, 9, 3, 0.09%, 0, 0, 3, 85.77
1621549405, 0, 6, 14, 8, 2, 0.09%, 0, 0, 3, 202.75
1621549425, 0, 13, 14, 7, 1, 0.09%, 0, 0, 3, 202.81
1621549455, 0, 13, 15, 8, 1, 0.09%, 0, 0, 4, 205.18
1621549460, 1, 1, 15, 7, 0, 0.09%, 0, 0, 4, 209.81
1621549465, 1, 7, 17, 9, 0, 0.09%, 0, 0, 4, 202.74
1621549684, 2, 2, 17, 8, 0, 0.09%, 0, 0, 4, 213.06
1621549689, 3, 0, 17, 8, 0, 0.09%, 0, 0, 4, 209.46
1621549694, 3, 4, 17, 8, 0, 0.09%, 0, 0, 4, 216.21
1621549699, 3, 6, 17, 8, 0, 0.09%, 0, 0, 4, 213.57
1621549704, 3, 9, 17, 8, 0, 0.09%, 0, 0, 4, 215.79
1621549897, 3, 10, 17, 7, 0, 0.09%, 0, 0, 4, 201.46
1621549979, 3, 10, 17, 7, 0, 0.09%, 0, 1, 4, 7.74
1621549992, 3, 13, 17, 6, 0, 0.09%, 0, 1, 4, 0.80
1621549997, 3, 14, 17, 6, 0, 0.09%, 0, 1, 4, 233.92
1621550053, 3, 14, 18, 7, 0, 0.09%, 0, 1, 5, 3.94
1621550082, 4, 0, 18, 6, 0, 0.09%, 0, 1, 5, 5.47
1621550088, 4, 1, 18, 6, 0, 0.09%, 0, 1, 5, 5.27
1621550093, 4, 4, 18, 6, 0, 0.09%, 0, 1, 5, 227.01
1621550098, 4, 8, 18, 6, 0, 0.09%, 0, 1, 5, 222.20
