# unix_time, cycles_done, cur_path, paths_total, pending_total, pending_favs, map_size, unique_crashes, unique_hangs, max_depth, execs_per_sec
1619725153, 0, 0, 10, 10, 4, 46.10%, 0, 0, 1, 20.02
1619725158, 0, 0, 14, 14, 4, 46.43%, 0, 0, 2, 20.73
1619725164, 0, 0, 18, 18, 4, 46.46%, 0, 0, 2, 21.04
1619725169, 0, 0, 21, 21, 4, 46.46%, 0, 0, 2, 21.19
1619725174, 0, 0, 24, 24, 4, 46.46%, 0, 0, 2, 21.57
1619725179, 0, 0, 28, 28, 4, 46.53%, 0, 0, 2, 21.72
1619725184, 0, 0, 31, 31, 4, 46.53%, 0, 0, 2, 21.16
1619725189, 0, 0, 35, 35, 4, 46.53%, 0, 0, 2, 21.65
1619725195, 0, 0, 37, 37, 4, 46.53%, 0, 0, 2, 21.76
1619725200, 0, 0, 40, 40, 4, 46.53%, 0, 0, 2, 21.50
1619725205, 0, 0, 42, 42, 4, 46.63%, 0, 0, 2, 20.69
1619725210, 0, 0, 45, 45, 4, 46.63%, 0, 0, 2, 21.49
1619725215, 0, 0, 46, 46, 4, 46.63%, 0, 0, 2, 21.46
1619725220, 0, 0, 47, 47, 4, 46.63%, 0, 0, 2, 21.35
1619725225, 0, 0, 50, 50, 4, 46.63%, 0, 0, 2, 20.88
1619725230, 0, 0, 52, 52, 4, 46.66%, 0, 0, 2, 20.98
1619725235, 0, 0, 56, 56, 4, 46.66%, 0, 0, 2, 21.15
1619725241, 0, 0, 59, 59, 4, 46.66%, 0, 0, 2, 24.45
1619725246, 0, 0, 61, 61, 4, 46.66%, 0, 0, 2, 21.61
1619725251, 0, 0, 63, 63, 4, 46.66%, 0, 0, 2, 21.11
1619725256, 0, 0, 66, 66, 4, 46.66%, 0, 0, 2, 21.51
1619725261, 0, 0, 68, 68, 4, 46.66%, 0, 0, 2, 21.58
1619725266, 0, 0, 69, 69, 4, 46.66%, 0, 0, 2, 21.62
1619725272, 0, 0, 71, 71, 4, 46.66%, 0, 0, 2, 21.54
1619725277, 0, 0, 73, 73, 4, 46.66%, 0, 0, 2, 21.92
1619725282, 0, 0, 77, 77, 4, 46.66%, 0, 0, 2, 21.64
1619725287, 0, 0, 79, 79, 4, 46.66%, 0, 0, 2, 21.40
1619725292, 0, 0, 81, 81, 4, 46.66%, 0, 0, 2, 21.64
1619725297, 0, 0, 83, 83, 4, 46.66%, 0, 0, 2, 21.77
1619725302, 0, 0, 85, 85, 4, 46.66%, 0, 0, 2, 21.75
1619725307, 0, 0, 87, 87, 4, 46.66%, 0, 0, 2, 21.60
1619725313, 0, 0, 89, 89, 4, 46.66%, 0, 0, 2, 21.64
1619725318, 0, 0, 91, 91, 4, 46.66%, 0, 0, 2, 21.41
1619725323, 0, 0, 96, 96, 4, 46.66%, 0, 0, 2, 20.92
1619725328, 0, 0, 98, 98, 4, 46.66%, 0, 0, 2, 21.18
1619725333, 0, 0, 101, 101, 4, 46.66%, 0, 0, 2, 20.89
1619725338, 0, 0, 102, 102, 4, 46.66%, 0, 0, 2, 21.28
1619725343, 0, 0, 105, 105, 4, 46.66%, 0, 0, 2, 21.02
1619725349, 0, 0, 108, 108, 4, 46.66%, 0, 0, 2, 20.83
1619725354, 0, 0, 109, 109, 4, 46.66%, 0, 0, 2, 21.04
1619725359, 0, 0, 112, 112, 4, 46.66%, 0, 0, 2, 21.94
1619725364, 0, 0, 114, 114, 4, 46.66%, 0, 0, 2, 21.57
1619725369, 0, 0, 117, 117, 4, 46.66%, 0, 0, 2, 21.63
1619725374, 0, 0, 119, 119, 4, 46.66%, 0, 0, 2, 21.50
1619725379, 0, 0, 122, 122, 4, 46.66%, 0, 0, 2, 21.45
1619725385, 0, 0, 126, 126, 4, 46.66%, 0, 0, 2, 21.54
1619725390, 0, 0, 129, 129, 4, 46.66%, 0, 0, 2, 21.15
1619725395, 0, 0, 132, 132, 4, 46.66%, 0, 0, 2, 21.56
1619725400, 0, 0, 134, 134, 4, 46.66%, 0, 0, 2, 21.73
1619725405, 0, 0, 139, 139, 4, 46.66%, 0, 0, 2, 22.43
1619725410, 0, 0, 141, 141, 4, 46.66%, 0, 0, 2, 22.42
1619725415, 0, 0, 143, 143, 4, 46.66%, 0, 0, 2, 21.20
1619725421, 0, 0, 146, 146, 4, 46.66%, 0, 0, 2, 21.14
1619725426, 0, 0, 148, 148, 4, 46.66%, 0, 0, 2, 21.60
1619725431, 0, 0, 152, 152, 4, 46.66%, 0, 0, 2, 21.58
1619725436, 0, 0, 156, 156, 4, 46.66%, 0, 0, 2, 21.95
1619725441, 0, 0, 160, 160, 4, 46.66%, 0, 0, 2, 21.87
1619725446, 0, 0, 163, 163, 4, 46.66%, 0, 0, 2, 21.12
1619725452, 0, 0, 165, 165, 4, 46.66%, 0, 0, 2, 21.65
1619725457, 0, 0, 168, 168, 4, 46.66%, 0, 0, 2, 21.83
1619725462, 0, 0, 171, 171, 4, 46.66%, 0, 0, 2, 21.35
1619725467, 0, 0, 175, 175, 4, 46.66%, 0, 0, 2, 20.80
1619725472, 0, 0, 179, 179, 4, 46.66%, 0, 0, 2, 21.48
1619725477, 0, 0, 182, 182, 4, 46.66%, 0, 0, 2, 21.75
1619725482, 0, 0, 187, 187, 4, 46.66%, 0, 0, 2, 21.21
1619725487, 0, 0, 192, 192, 4, 46.68%, 0, 0, 2, 21.07
1619725493, 0, 0, 195, 195, 4, 46.68%, 0, 0, 2, 21.54
1619725498, 0, 0, 198, 198, 4, 46.69%, 0, 0, 2, 21.32
1619725503, 0, 0, 200, 200, 4, 46.69%, 0, 0, 2, 21.40
1619725508, 0, 0, 203, 203, 4, 46.71%, 0, 0, 2, 21.06
1619725513, 0, 0, 204, 204, 4, 46.71%, 0, 0, 2, 21.12
1619725518, 0, 0, 206, 206, 4, 46.71%, 0, 0, 2, 20.84
1619725523, 0, 0, 210, 210, 4, 46.71%, 0, 0, 2, 21.12
1619725529, 0, 0, 213, 213, 4, 46.71%, 0, 0, 2, 21.20
1619725539, 0, 0, 214, 214, 4, 46.71%, 0, 0, 2, 21.65
1619725544, 0, 0, 217, 217, 4, 46.71%, 0, 0, 2, 21.30
1619725554, 0, 0, 218, 218, 4, 46.71%, 0, 0, 2, 21.00
1619725559, 0, 0, 219, 219, 4, 46.71%, 0, 0, 2, 21.29
1619725564, 0, 0, 222, 222, 4, 46.71%, 0, 0, 2, 21.37
1619725569, 0, 0, 224, 224, 4, 46.71%, 0, 0, 2, 20.90
1619725574, 0, 0, 226, 226, 4, 46.71%, 0, 0, 2, 21.02
1619725580, 0, 0, 227, 227, 4, 46.71%, 0, 0, 2, 21.52
1619725585, 0, 0, 232, 232, 4, 46.77%, 0, 0, 2, 23.06
1619725590, 0, 0, 234, 234, 4, 46.79%, 0, 0, 2, 24.59
1619725595, 0, 0, 238, 238, 4, 46.80%, 0, 0, 2, 24.36
1619725600, 0, 0, 239, 239, 4, 46.80%, 0, 0, 2, 22.51
1619725605, 0, 0, 241, 241, 4, 50.98%, 0, 0, 2, 20.37
1619725611, 0, 0, 245, 245, 4, 50.98%, 0, 0, 2, 20.94
1619725616, 0, 0, 251, 251, 4, 50.98%, 0, 0, 2, 21.48
1619725621, 0, 0, 256, 256, 4, 50.98%, 0, 0, 2, 21.50
1619725626, 0, 0, 261, 261, 4, 50.98%, 0, 0, 2, 21.27
1619725631, 0, 0, 264, 264, 4, 50.98%, 0, 0, 2, 20.72
1619725636, 0, 0, 266, 266, 4, 50.98%, 0, 0, 2, 21.12
1619725641, 0, 0, 267, 267, 4, 50.98%, 0, 0, 2, 21.72
1619725646, 0, 0, 270, 270, 4, 50.98%, 0, 0, 2, 21.86
1619725652, 0, 0, 273, 273, 4, 50.98%, 0, 0, 2, 21.18
1619725657, 0, 0, 274, 274, 4, 50.98%, 0, 0, 2, 21.34
1619725662, 0, 0, 276, 276, 4, 50.98%, 0, 0, 2, 21.21
1619725667, 0, 0, 278, 278, 4, 50.98%, 0, 0, 2, 21.24
1619725672, 0, 0, 279, 279, 4, 50.98%, 0, 0, 2, 21.14
1619725677, 0, 0, 281, 281, 4, 50.98%, 0, 0, 2, 21.32
1619725682, 0, 0, 282, 282, 4, 50.98%, 0, 0, 2, 21.56
1619725688, 0, 0, 284, 284, 4, 50.98%, 0, 0, 2, 21.21
1619725693, 0, 0, 285, 285, 4, 50.98%, 0, 0, 2, 21.32
1619725698, 0, 0, 286, 286, 4, 50.98%, 0, 0, 2, 21.60
1619725703, 0, 0, 288, 288, 4, 50.98%, 0, 0, 2, 21.29
1619725708, 0, 0, 289, 289, 4, 50.98%, 0, 0, 2, 21.36
1619725713, 0, 0, 290, 290, 4, 50.98%, 0, 0, 2, 21.40
1619725718, 0, 0, 291, 291, 4, 50.98%, 0, 0, 2, 21.24
1619725734, 0, 0, 292, 292, 4, 50.98%, 0, 0, 2, 21.45
1619725739, 0, 0, 293, 293, 4, 50.98%, 0, 0, 2, 22.04
1619725744, 0, 0, 295, 295, 4, 50.98%, 0, 0, 2, 21.99
1619725749, 0, 0, 296, 296, 4, 50.98%, 0, 0, 2, 22.07
1619725754, 0, 0, 299, 299, 4, 50.98%, 0, 0, 2, 21.70
1619725759, 0, 0, 301, 301, 4, 50.98%, 0, 0, 2, 22.01
1619725764, 0, 0, 302, 302, 4, 50.98%, 0, 0, 2, 21.78
1619725770, 0, 0, 304, 304, 4, 50.98%, 0, 0, 2, 21.57
1619725775, 0, 0, 305, 305, 4, 50.98%, 0, 0, 2, 21.55
1619725780, 0, 0, 306, 306, 4, 50.98%, 0, 0, 2, 21.36
1619725785, 0, 0, 307, 307, 4, 50.98%, 0, 0, 2, 21.55
1619725790, 0, 0, 308, 308, 4, 50.98%, 0, 0, 2, 21.66
1619725795, 0, 0, 309, 309, 4, 50.98%, 0, 0, 2, 21.60
1619725805, 0, 0, 310, 310, 4, 50.98%, 0, 0, 2, 21.41
1619725810, 0, 0, 311, 311, 4, 50.98%, 0, 0, 2, 20.63
1619725821, 0, 0, 312, 312, 4, 50.98%, 0, 0, 2, 21.15
1619725846, 0, 0, 314, 314, 4, 50.98%, 0, 0, 2, 21.36
1619725851, 0, 0, 315, 315, 4, 50.98%, 0, 0, 2, 21.26
1619725862, 0, 0, 316, 316, 4, 50.98%, 0, 0, 2, 21.27
1619725867, 0, 0, 318, 318, 4, 50.98%, 0, 0, 2, 21.54
1619725872, 0, 0, 325, 325, 4, 50.98%, 0, 0, 2, 18.80
1619725877, 0, 0, 329, 329, 4, 50.98%, 0, 0, 2, 17.55
1619725882, 0, 0, 333, 333, 4, 50.98%, 0, 0, 2, 17.09
1619725887, 0, 0, 339, 339, 4, 51.00%, 0, 0, 2, 17.00
1619725892, 0, 0, 342, 342, 4, 51.00%, 0, 0, 2, 16.72
1619725897, 0, 0, 344, 344, 4, 51.00%, 0, 0, 2, 16.80
1619725903, 0, 0, 346, 346, 4, 51.00%, 0, 0, 2, 16.62
1619725908, 0, 0, 348, 348, 4, 51.00%, 0, 0, 2, 16.32
1619725913, 0, 0, 352, 352, 4, 51.00%, 0, 0, 2, 16.52
1619725918, 0, 0, 353, 353, 4, 51.00%, 0, 0, 2, 16.23
1619725923, 0, 0, 358, 358, 4, 51.00%, 0, 0, 2, 15.29
1619725928, 0, 0, 363, 363, 4, 51.00%, 0, 0, 2, 14.58
1619725933, 0, 0, 365, 365, 4, 51.00%, 0, 0, 2, 15.24
1619725938, 0, 0, 367, 367, 4, 51.00%, 0, 0, 2, 19.85
1619725943, 0, 0, 368, 368, 4, 51.00%, 0, 0, 2, 21.03
1619725948, 0, 0, 371, 371, 4, 51.00%, 0, 0, 2, 21.21
1619725953, 0, 0, 372, 372, 4, 51.00%, 0, 0, 2, 21.30
1619725959, 0, 0, 374, 374, 4, 51.00%, 0, 0, 2, 21.38
1619725964, 0, 0, 376, 376, 4, 51.00%, 0, 0, 2, 21.37
1619725974, 0, 0, 379, 379, 4, 51.00%, 0, 0, 2, 21.32
1619725979, 0, 0, 381, 381, 4, 51.00%, 0, 0, 2, 21.78
1619725984, 0, 0, 382, 382, 4, 51.00%, 0, 0, 2, 21.71
1619725989, 0, 0, 384, 384, 4, 51.00%, 0, 0, 2, 21.42
1619725995, 0, 0, 388, 388, 4, 51.00%, 0, 0, 2, 21.20
1619726000, 0, 0, 390, 390, 4, 51.00%, 0, 0, 2, 21.22
1619726005, 0, 0, 392, 392, 4, 51.00%, 0, 0, 2, 21.56
1619726010, 0, 0, 395, 395, 4, 51.00%, 0, 0, 2, 21.11
1619726015, 0, 0, 397, 397, 4, 51.00%, 0, 0, 2, 21.52
1619726020, 0, 0, 399, 399, 4, 51.00%, 0, 0, 2, 21.54
1619726025, 0, 0, 401, 401, 4, 51.00%, 0, 0, 2, 21.54
1619726031, 0, 0, 405, 405, 4, 51.00%, 0, 0, 2, 21.55
1619726036, 0, 0, 407, 407, 4, 51.00%, 0, 0, 2, 21.40
1619726041, 0, 0, 408, 408, 4, 51.00%, 0, 0, 2, 21.50
1619726046, 0, 0, 410, 410, 4, 51.00%, 0, 0, 2, 21.06
1619726051, 0, 0, 414, 414, 4, 51.00%, 0, 0, 2, 20.68
1619726056, 0, 0, 415, 415, 4, 51.00%, 0, 0, 2, 19.32
1619726061, 0, 0, 419, 419, 4, 51.00%, 0, 0, 2, 20.13
1619726066, 0, 0, 423, 423, 4, 51.00%, 0, 0, 2, 20.50
1619726072, 0, 0, 430, 430, 4, 51.00%, 0, 0, 2, 21.40
1619726087, 0, 0, 432, 432, 4, 51.00%, 0, 0, 2, 21.09
1619726092, 0, 0, 433, 433, 4, 51.00%, 0, 0, 2, 16.47
1619726097, 0, 0, 437, 437, 4, 51.00%, 0, 0, 2, 19.52
1619726103, 0, 0, 439, 439, 4, 51.00%, 0, 0, 2, 21.19
1619726108, 0, 0, 441, 441, 4, 51.00%, 0, 0, 2, 21.10
1619726113, 0, 0, 442, 442, 4, 51.00%, 0, 0, 2, 21.41
1619726123, 0, 0, 443, 443, 4, 51.00%, 0, 0, 2, 17.88
1619726128, 0, 0, 445, 445, 4, 51.00%, 0, 0, 2, 20.49
1619726133, 0, 0, 448, 448, 4, 51.00%, 0, 0, 2, 21.04
1619726138, 0, 0, 450, 450, 4, 51.00%, 0, 0, 2, 21.58
1619726144, 0, 0, 451, 451, 4, 51.00%, 0, 0, 2, 21.55
1619726149, 0, 0, 453, 453, 4, 51.00%, 0, 0, 2, 21.39
1619726154, 0, 0, 454, 454, 4, 51.00%, 0, 0, 2, 18.94
1619726159, 0, 0, 456, 456, 4, 51.00%, 0, 0, 2, 20.60
1619726164, 0, 0, 457, 457, 4, 51.00%, 0, 0, 2, 21.39
1619726169, 0, 0, 459, 459, 4, 51.00%, 0, 0, 2, 21.27
1619726174, 0, 0, 461, 461, 4, 51.00%, 0, 0, 2, 21.62
1619726179, 0, 0, 462, 462, 4, 51.00%, 0, 0, 2, 19.66
1619726184, 0, 0, 463, 463, 4, 51.00%, 0, 0, 2, 19.00
1619726189, 0, 0, 466, 466, 4, 51.00%, 0, 0, 2, 19.88
1619726194, 0, 0, 469, 469, 4, 51.00%, 0, 0, 2, 20.99
1619726205, 0, 0, 472, 472, 4, 51.00%, 0, 0, 2, 21.79
1619726210, 0, 0, 473, 473, 4, 51.00%, 0, 0, 2, 19.23
1619726215, 0, 0, 474, 474, 4, 51.00%, 0, 0, 2, 19.74
1619726220, 0, 0, 476, 476, 4, 51.00%, 0, 0, 2, 20.79
1619726225, 0, 0, 478, 478, 4, 51.00%, 0, 0, 2, 21.74
1619726230, 0, 0, 479, 479, 4, 51.00%, 0, 0, 2, 21.76
1619726235, 0, 0, 481, 481, 4, 51.00%, 0, 0, 2, 21.31
1619726240, 0, 0, 482, 482, 4, 51.00%, 0, 0, 2, 19.79
1619726245, 0, 0, 484, 484, 4, 51.00%, 0, 0, 2, 20.71
1619726250, 0, 0, 485, 485, 4, 51.00%, 0, 0, 2, 18.34
1619726256, 0, 0, 487, 487, 4, 51.00%, 0, 0, 2, 20.24
1619726261, 0, 0, 488, 488, 4, 51.00%, 0, 0, 2, 21.08
1619726271, 0, 0, 490, 490, 4, 51.00%, 0, 0, 2, 21.43
1619726276, 0, 0, 491, 491, 4, 51.00%, 0, 0, 2, 19.98
1619726281, 0, 0, 492, 492, 4, 51.00%, 0, 0, 2, 20.09
1619726291, 0, 0, 494, 494, 4, 51.00%, 0, 0, 2, 21.04
1619726301, 0, 0, 495, 495, 4, 51.00%, 0, 0, 2, 21.23
1619726306, 0, 0, 496, 496, 4, 51.00%, 0, 0, 2, 17.96
1619726316, 0, 0, 499, 499, 4, 51.55%, 0, 0, 2, 21.88
1619726327, 0, 0, 501, 501, 4, 51.55%, 0, 0, 2, 21.88
1619726332, 0, 0, 503, 503, 4, 51.55%, 0, 0, 2, 21.70
1619726337, 0, 0, 505, 505, 4, 51.55%, 0, 0, 2, 18.09
1619726342, 0, 0, 506, 506, 4, 51.68%, 0, 0, 2, 20.34
