# unix_time, cycles_done, cur_path, paths_total, pending_total, pending_favs, map_size, unique_crashes, unique_hangs, max_depth, execs_per_sec
1619722698, 0, 0, 1, 1, 1, 10.92%, 0, 0, 1, 225.99
1619722703, 0, 0, 17, 17, 1, 12.38%, 0, 0, 2, 246.44
1619722708, 0, 0, 28, 28, 1, 12.58%, 0, 0, 2, 226.48
1619722714, 0, 0, 43, 43, 1, 13.16%, 0, 0, 2, 235.53
1619722719, 0, 0, 47, 47, 1, 13.16%, 0, 0, 2, 239.09
1619722724, 0, 0, 57, 57, 1, 13.16%, 0, 0, 2, 230.86
1619722729, 0, 0, 74, 74, 1, 13.16%, 0, 0, 2, 231.82
1619722734, 0, 0, 82, 82, 1, 14.32%, 0, 0, 2, 259.16
1619722739, 0, 0, 84, 84, 1, 14.32%, 0, 0, 2, 250.40
1619722744, 0, 0, 91, 91, 1, 14.36%, 0, 0, 2, 271.29
1619722749, 0, 0, 94, 94, 1, 14.36%, 0, 0, 2, 273.02
1619722754, 0, 0, 97, 97, 1, 14.36%, 0, 0, 2, 258.81
1619722759, 0, 0, 100, 100, 1, 14.36%, 0, 0, 2, 266.33
1619722764, 0, 0, 105, 105, 1, 14.36%, 0, 0, 2, 270.79
1619722769, 0, 0, 112, 112, 1, 14.39%, 0, 0, 2, 275.71
1619722774, 0, 0, 114, 114, 1, 14.39%, 0, 0, 2, 270.56
1619722779, 0, 0, 117, 117, 1, 14.39%, 0, 0, 2, 242.97
1619722784, 0, 0, 122, 122, 1, 14.39%, 0, 0, 2, 251.77
1619722789, 0, 0, 125, 125, 1, 14.39%, 0, 0, 2, 255.62
1619722794, 0, 0, 129, 129, 1, 14.39%, 0, 0, 2, 261.37
1619722800, 0, 0, 130, 130, 1, 14.39%, 0, 0, 2, 261.76
1619722805, 0, 0, 131, 131, 1, 14.39%, 0, 0, 2, 262.38
1619722810, 0, 0, 132, 132, 1, 14.39%, 0, 0, 2, 271.56
1619722820, 0, 0, 134, 134, 1, 14.39%, 0, 0, 2, 267.01
1619722825, 0, 0, 135, 135, 1, 14.39%, 0, 0, 2, 268.11
1619722830, 0, 0, 136, 136, 1, 14.39%, 0, 0, 2, 255.47
1619722840, 0, 0, 138, 138, 1, 14.39%, 0, 0, 2, 239.71
1619722850, 0, 0, 139, 139, 1, 14.39%, 0, 0, 2, 268.92
1619722855, 0, 0, 141, 141, 1, 14.39%, 0, 0, 2, 260.09
1619722861, 0, 0, 142, 142, 1, 14.39%, 0, 0, 2, 286.30
1619722866, 0, 0, 144, 144, 1, 14.39%, 0, 0, 2, 261.13
1619722871, 0, 6, 146, 145, 13, 14.39%, 0, 0, 3, 247.84
1619722876, 0, 6, 149, 148, 13, 14.39%, 0, 0, 3, 234.18
1619722891, 0, 6, 155, 154, 13, 14.39%, 0, 0, 3, 318.32
1619722896, 0, 6, 157, 156, 13, 14.39%, 0, 0, 3, 289.64
1619722901, 0, 6, 158, 157, 13, 14.39%, 0, 0, 3, 289.57
1619722906, 0, 6, 160, 159, 13, 14.39%, 0, 0, 3, 267.31
1619722911, 0, 6, 164, 163, 13, 14.39%, 0, 0, 3, 260.60
1619722916, 0, 6, 166, 165, 13, 14.39%, 0, 0, 3, 262.75
1619722927, 0, 6, 167, 166, 13, 14.39%, 0, 0, 3, 260.89
1619722932, 0, 6, 168, 167, 13, 14.39%, 0, 0, 3, 271.78
1619722942, 0, 7, 168, 166, 12, 14.39%, 0, 0, 3, 260.66
1619722952, 0, 7, 169, 167, 12, 14.39%, 0, 0, 3, 241.98
1619722967, 0, 8, 171, 168, 11, 14.39%, 0, 0, 3, 245.50
1619722993, 0, 10, 171, 167, 11, 14.39%, 0, 0, 3, 253.43
1619722998, 0, 10, 172, 168, 11, 14.39%, 0, 0, 3, 240.22
1619723003, 0, 10, 173, 169, 11, 14.39%, 0, 0, 3, 228.88
1619723016, 0, 10, 174, 170, 11, 14.39%, 0, 0, 3, 14.40
1619723027, 0, 11, 174, 169, 11, 14.85%, 0, 0, 3, 677.76
1619723032, 0, 11, 176, 171, 11, 14.85%, 0, 0, 3, 758.76
1619723037, 0, 25, 176, 170, 10, 14.85%, 0, 0, 3, 791.69
1619723042, 0, 25, 178, 172, 10, 14.85%, 0, 0, 3, 775.28
1619723068, 0, 25, 179, 173, 10, 14.85%, 0, 0, 3, 787.00
1619723073, 0, 25, 180, 174, 10, 14.85%, 0, 0, 3, 727.87
1619723083, 0, 61, 180, 173, 9, 14.85%, 0, 0, 3, 755.55
1619723088, 0, 61, 181, 174, 9, 14.85%, 0, 0, 3, 754.72
1619723094, 0, 61, 183, 176, 9, 14.85%, 0, 0, 3, 978.57
1619723104, 0, 86, 183, 175, 8, 14.85%, 0, 0, 3, 797.61
1619723109, 0, 86, 184, 176, 8, 14.85%, 0, 0, 3, 775.83
1619723114, 0, 86, 185, 177, 8, 14.85%, 0, 0, 3, 746.02
1619723150, 0, 87, 185, 176, 7, 14.85%, 0, 0, 3, 763.93
1619723155, 0, 88, 185, 175, 6, 14.85%, 0, 0, 3, 789.11
1619723160, 0, 88, 187, 177, 6, 14.85%, 0, 0, 3, 749.93
1619723185, 0, 88, 188, 178, 6, 14.85%, 0, 0, 3, 700.80
1619723200, 0, 90, 189, 178, 5, 14.85%, 0, 0, 3, 756.84
1619723210, 0, 90, 190, 179, 5, 14.85%, 0, 0, 3, 749.92
1619723221, 0, 90, 191, 180, 5, 14.85%, 0, 0, 3, 809.53
1619723226, 0, 90, 192, 181, 5, 14.85%, 0, 0, 3, 793.57
1619723241, 0, 90, 193, 182, 5, 14.85%, 0, 0, 3, 747.45
1619723246, 0, 90, 194, 183, 5, 14.85%, 0, 0, 3, 769.26
1619723257, 0, 90, 195, 184, 5, 14.85%, 0, 0, 3, 730.32
1619723302, 0, 90, 196, 185, 5, 14.85%, 0, 0, 3, 747.78
1619723308, 0, 90, 198, 187, 5, 14.85%, 0, 0, 3, 764.08
1619723318, 0, 90, 199, 188, 5, 14.85%, 0, 0, 3, 795.13
1619723328, 0, 106, 201, 188, 3, 14.85%, 0, 0, 3, 788.40
1619723358, 0, 170, 202, 188, 2, 14.85%, 0, 0, 4, 772.59
1619723364, 0, 170, 204, 190, 2, 14.85%, 0, 0, 4, 795.34
1619723369, 0, 171, 205, 190, 1, 14.85%, 0, 0, 4, 770.61
1619723374, 0, 189, 205, 189, 0, 14.85%, 0, 0, 4, 749.18
1619723404, 0, 189, 206, 190, 0, 14.85%, 0, 0, 4, 772.90
1619723440, 0, 189, 207, 191, 0, 14.85%, 0, 0, 4, 912.84
1619723501, 1, 4, 207, 190, 0, 14.85%, 0, 0, 4, 738.10
1619723506, 1, 5, 207, 189, 0, 14.85%, 0, 0, 4, 758.85
1619723517, 1, 9, 207, 188, 0, 14.85%, 0, 0, 4, 759.42
1619723527, 1, 12, 207, 187, 0, 14.85%, 0, 0, 4, 769.15
1619723537, 1, 12, 208, 188, 0, 14.85%, 0, 0, 4, 720.27
1619723562, 1, 12, 209, 189, 0, 14.85%, 0, 0, 4, 751.05
1619723577, 1, 15, 209, 188, 0, 14.85%, 0, 0, 4, 746.41
1619723587, 1, 28, 209, 187, 0, 14.85%, 0, 0, 4, 761.11
1619723608, 1, 33, 209, 186, 0, 14.85%, 0, 0, 4, 745.83
1619723639, 1, 36, 209, 185, 0, 14.85%, 0, 0, 4, 753.15
1619723664, 1, 36, 210, 186, 0, 14.85%, 0, 0, 4, 797.45
1619723710, 1, 47, 210, 185, 0, 14.85%, 0, 0, 4, 784.70
1619723720, 1, 47, 211, 186, 0, 14.85%, 0, 0, 4, 799.03
1619723730, 1, 50, 211, 185, 0, 14.85%, 0, 0, 4, 803.73
1619723787, 1, 51, 211, 184, 0, 14.85%, 0, 0, 4, 785.99
1619723847, 1, 51, 212, 185, 0, 14.85%, 0, 0, 4, 808.28
1619723883, 1, 53, 213, 185, 0, 14.85%, 0, 0, 4, 801.06
1619723898, 1, 53, 215, 187, 0, 14.92%, 0, 0, 4, 808.17
