# unix_time, cycles_done, cur_path, paths_total, pending_total, pending_favs, map_size, unique_crashes, unique_hangs, max_depth, execs_per_sec
1619745895, 0, 0, 2, 2, 2, 32.34%, 0, 0, 1, 25.18
1619745901, 0, 0, 5, 5, 2, 32.60%, 0, 0, 2, 24.70
1619745906, 0, 0, 9, 9, 2, 33.40%, 0, 0, 2, 24.52
1619745911, 0, 0, 15, 15, 2, 33.40%, 0, 0, 2, 24.71
1619745916, 0, 0, 17, 17, 2, 33.40%, 0, 0, 2, 25.40
1619745921, 0, 0, 20, 20, 2, 33.40%, 0, 0, 2, 25.35
1619745926, 0, 0, 23, 23, 2, 33.40%, 0, 0, 2, 25.42
1619745931, 0, 0, 27, 27, 2, 33.40%, 0, 0, 2, 25.43
1619745937, 0, 0, 31, 31, 2, 33.40%, 0, 0, 2, 25.45
1619745942, 0, 0, 36, 36, 2, 33.40%, 0, 0, 2, 24.78
1619745947, 0, 0, 39, 39, 2, 33.40%, 0, 0, 2, 25.41
1619745952, 0, 0, 41, 41, 2, 33.40%, 0, 0, 2, 25.27
1619745957, 0, 0, 42, 42, 2, 33.40%, 0, 0, 2, 25.61
1619745962, 0, 0, 43, 43, 2, 33.40%, 0, 0, 2, 25.01
1619745967, 0, 0, 45, 45, 2, 33.40%, 0, 0, 2, 24.97
1619745972, 0, 0, 47, 47, 2, 33.40%, 0, 0, 2, 25.20
1619745977, 0, 0, 51, 51, 2, 33.40%, 0, 0, 2, 27.42
1619745988, 0, 0, 54, 54, 2, 33.40%, 0, 0, 2, 25.92
1619745993, 0, 0, 55, 55, 2, 33.40%, 0, 0, 2, 25.25
1619745998, 0, 0, 56, 56, 2, 33.40%, 0, 0, 2, 25.16
1619746003, 0, 0, 57, 57, 2, 33.40%, 0, 0, 2, 25.57
1619746008, 0, 0, 58, 58, 2, 33.40%, 0, 0, 2, 25.44
1619746013, 0, 0, 59, 59, 2, 33.40%, 0, 0, 2, 25.45
1619746018, 0, 0, 60, 60, 2, 33.40%, 0, 0, 2, 25.76
1619746024, 0, 0, 62, 62, 2, 33.40%, 0, 0, 2, 25.85
1619746029, 0, 0, 66, 66, 2, 33.40%, 0, 0, 2, 25.72
1619746039, 0, 0, 67, 67, 2, 33.40%, 0, 0, 2, 25.63
1619746044, 0, 0, 68, 68, 2, 33.40%, 0, 0, 2, 25.43
1619746049, 0, 0, 69, 69, 2, 33.40%, 0, 0, 2, 25.18
1619746054, 0, 0, 70, 70, 2, 33.40%, 0, 0, 2, 25.28
1619746059, 0, 0, 73, 73, 2, 33.40%, 0, 0, 2, 25.32
1619746064, 0, 0, 75, 75, 2, 33.40%, 0, 0, 2, 25.16
1619746070, 0, 0, 77, 77, 2, 33.40%, 0, 0, 2, 25.68
1619746080, 0, 0, 79, 79, 2, 33.40%, 0, 0, 2, 25.48
1619746085, 0, 0, 82, 82, 2, 33.40%, 0, 0, 2, 25.18
1619746090, 0, 0, 84, 84, 2, 33.43%, 0, 0, 2, 25.52
1619746095, 0, 0, 87, 87, 2, 33.43%, 0, 0, 2, 29.29
1619746100, 0, 0, 89, 89, 2, 33.43%, 0, 0, 2, 26.46
1619746105, 0, 0, 90, 90, 2, 33.43%, 0, 0, 2, 25.60
1619746110, 0, 0, 92, 92, 2, 33.43%, 0, 0, 2, 25.43
1619746116, 0, 0, 95, 95, 2, 33.43%, 0, 0, 2, 25.54
1619746121, 0, 0, 96, 96, 2, 33.43%, 0, 0, 2, 25.66
1619746126, 0, 0, 98, 98, 2, 33.43%, 0, 0, 2, 25.59
1619746131, 0, 0, 100, 100, 2, 33.43%, 0, 0, 2, 25.33
1619746136, 0, 0, 105, 105, 2, 33.43%, 0, 0, 2, 25.32
1619746141, 0, 0, 108, 108, 2, 33.43%, 0, 0, 2, 25.67
1619746146, 0, 0, 111, 111, 2, 33.43%, 0, 0, 2, 25.18
1619746151, 0, 0, 114, 114, 2, 33.43%, 0, 0, 2, 25.80
1619746156, 0, 0, 115, 115, 2, 33.43%, 0, 0, 2, 25.58
1619746167, 0, 0, 118, 118, 2, 33.43%, 0, 0, 2, 25.19
1619746172, 0, 0, 122, 122, 2, 33.43%, 0, 0, 2, 25.49
1619746177, 0, 0, 126, 126, 2, 33.43%, 0, 0, 2, 25.58
1619746182, 0, 0, 129, 129, 2, 33.43%, 0, 0, 2, 25.82
1619746187, 0, 0, 133, 133, 2, 33.43%, 0, 0, 2, 25.72
1619746192, 0, 0, 135, 135, 2, 33.43%, 0, 0, 2, 25.79
1619746197, 0, 0, 136, 136, 2, 33.43%, 0, 0, 2, 25.32
1619746202, 0, 0, 139, 139, 2, 33.43%, 0, 0, 2, 25.35
1619746208, 0, 0, 140, 140, 2, 33.43%, 0, 0, 2, 24.60
1619746213, 0, 0, 142, 142, 2, 33.43%, 0, 0, 2, 25.31
1619746218, 0, 0, 143, 143, 2, 33.43%, 0, 0, 2, 25.74
1619746223, 0, 0, 144, 144, 2, 33.43%, 0, 0, 2, 25.42
1619746228, 0, 0, 145, 145, 2, 33.43%, 0, 0, 2, 25.52
1619746233, 0, 0, 147, 147, 2, 33.43%, 0, 0, 2, 25.39
1619746238, 0, 0, 148, 148, 2, 33.43%, 0, 0, 2, 25.43
1619746244, 0, 0, 149, 149, 2, 33.43%, 0, 0, 2, 25.32
1619746275, 0, 0, 150, 150, 2, 33.43%, 0, 0, 2, 25.20
1619746285, 0, 0, 152, 152, 2, 33.43%, 0, 0, 2, 25.38
1619746290, 0, 0, 154, 154, 2, 33.43%, 0, 0, 2, 25.46
1619746295, 0, 0, 155, 155, 2, 33.43%, 0, 0, 2, 25.15
1619746300, 0, 0, 156, 156, 2, 33.43%, 0, 0, 2, 25.37
1619746305, 0, 0, 157, 157, 2, 33.43%, 0, 0, 2, 25.30
1619746316, 0, 0, 159, 159, 2, 33.43%, 0, 0, 2, 25.45
1619746321, 0, 0, 160, 160, 2, 33.43%, 0, 0, 2, 25.27
1619746326, 0, 0, 161, 161, 2, 33.43%, 0, 0, 2, 25.24
1619746336, 0, 0, 163, 163, 2, 33.43%, 0, 0, 2, 25.56
1619746341, 0, 0, 164, 164, 2, 33.43%, 0, 0, 2, 25.42
1619746347, 0, 0, 166, 166, 2, 33.43%, 0, 0, 2, 25.92
1619746352, 0, 0, 167, 167, 2, 33.43%, 0, 0, 2, 25.61
1619746357, 0, 0, 168, 168, 2, 33.43%, 0, 0, 2, 25.17
1619746362, 0, 0, 169, 169, 2, 33.43%, 0, 0, 2, 25.20
1619746367, 0, 0, 170, 170, 2, 33.43%, 0, 0, 2, 25.51
1619746373, 0, 0, 171, 171, 2, 33.43%, 0, 0, 2, 25.61
1619746378, 0, 0, 172, 172, 2, 33.43%, 0, 0, 2, 25.85
1619746383, 0, 0, 175, 175, 2, 33.43%, 0, 0, 2, 25.30
1619746393, 0, 0, 176, 176, 2, 33.43%, 0, 0, 2, 25.13
1619746398, 0, 0, 177, 177, 2, 33.43%, 0, 0, 2, 25.75
1619746403, 0, 0, 178, 178, 2, 33.43%, 0, 0, 2, 25.46
1619746409, 0, 0, 179, 179, 2, 33.43%, 0, 0, 2, 25.52
1619746414, 0, 0, 180, 180, 2, 33.43%, 0, 0, 2, 25.74
1619746419, 0, 0, 181, 181, 2, 33.43%, 0, 0, 2, 25.72
1619746424, 0, 0, 182, 182, 2, 33.43%, 0, 0, 2, 25.54
1619746429, 0, 0, 185, 185, 2, 33.43%, 0, 0, 2, 25.25
1619746439, 0, 0, 187, 187, 2, 33.43%, 0, 0, 2, 25.56
1619746444, 0, 0, 188, 188, 2, 33.43%, 0, 0, 2, 25.70
1619746449, 0, 0, 189, 189, 2, 33.43%, 0, 0, 2, 25.66
1619746465, 0, 0, 191, 191, 2, 33.43%, 0, 0, 2, 25.78
1619746470, 0, 0, 193, 193, 2, 33.44%, 0, 0, 2, 26.88
1619746475, 0, 0, 194, 194, 2, 33.44%, 0, 0, 2, 25.35
1619746480, 0, 0, 196, 196, 2, 33.44%, 0, 0, 2, 25.33
1619746485, 0, 0, 201, 201, 2, 33.44%, 0, 0, 2, 25.41
1619746490, 0, 0, 202, 202, 2, 33.44%, 0, 0, 2, 25.73
1619746495, 0, 0, 203, 203, 2, 33.44%, 0, 0, 2, 25.86
1619746511, 0, 0, 205, 205, 2, 33.44%, 0, 0, 2, 25.67
1619746521, 0, 0, 206, 206, 2, 33.44%, 0, 0, 2, 25.50
1619746526, 0, 0, 208, 208, 2, 33.44%, 0, 0, 2, 25.53
1619746547, 0, 0, 210, 210, 2, 33.44%, 0, 0, 2, 25.43
1619746552, 0, 0, 211, 211, 2, 33.44%, 0, 0, 2, 25.69
1619746557, 0, 0, 212, 212, 2, 33.44%, 0, 0, 2, 25.81
1619746562, 0, 0, 213, 213, 2, 33.44%, 0, 0, 2, 25.75
1619746572, 0, 0, 214, 214, 2, 33.44%, 0, 0, 2, 25.79
1619746582, 0, 0, 215, 215, 2, 33.44%, 0, 0, 2, 25.78
1619746587, 0, 0, 216, 216, 2, 33.44%, 0, 0, 2, 25.73
1619746598, 0, 0, 217, 217, 2, 33.44%, 0, 0, 2, 25.52
1619746608, 0, 0, 218, 218, 2, 33.44%, 0, 0, 2, 25.15
1619746613, 0, 0, 219, 219, 2, 33.44%, 0, 0, 2, 26.43
1619746618, 0, 0, 220, 220, 2, 33.44%, 0, 0, 2, 26.93
1619746624, 0, 0, 221, 221, 2, 33.44%, 0, 0, 2, 25.19
1619746629, 0, 0, 223, 223, 2, 33.44%, 0, 0, 2, 12.94
1619746634, 0, 0, 224, 224, 2, 33.44%, 0, 0, 2, 23.27
1619746644, 0, 0, 226, 226, 2, 33.44%, 0, 0, 2, 25.43
1619746680, 0, 0, 227, 227, 2, 33.44%, 0, 0, 2, 25.56
1619746686, 0, 0, 229, 229, 2, 33.44%, 0, 0, 2, 25.04
1619746691, 0, 0, 230, 230, 2, 33.44%, 0, 0, 2, 25.28
1619746696, 0, 0, 231, 231, 2, 33.44%, 0, 0, 2, 25.36
1619746701, 0, 0, 236, 236, 2, 33.44%, 0, 0, 2, 25.39
1619746706, 0, 0, 240, 240, 2, 33.44%, 0, 0, 2, 25.54
1619746711, 0, 0, 241, 241, 2, 33.44%, 0, 0, 2, 25.38
1619746722, 0, 0, 242, 242, 2, 33.44%, 0, 0, 2, 25.64
1619746727, 0, 0, 244, 244, 2, 33.44%, 0, 0, 2, 25.45
1619746737, 0, 0, 245, 245, 2, 33.44%, 0, 0, 2, 25.53
1619746747, 0, 0, 248, 248, 2, 33.44%, 0, 0, 2, 25.54
1619746752, 0, 0, 253, 253, 2, 33.44%, 0, 0, 2, 25.52
1619746757, 0, 0, 258, 258, 2, 33.44%, 0, 0, 2, 25.51
1619746762, 0, 0, 260, 260, 2, 33.44%, 0, 0, 2, 25.26
1619746772, 0, 0, 261, 261, 2, 33.44%, 0, 0, 2, 25.19
1619746783, 0, 0, 263, 263, 2, 33.44%, 0, 0, 2, 25.53
1619746819, 0, 0, 266, 266, 2, 33.44%, 0, 0, 2, 25.40
1619746829, 0, 0, 267, 267, 2, 33.44%, 0, 0, 2, 25.33
1619746839, 0, 0, 268, 268, 2, 33.44%, 0, 0, 2, 25.25
1619746844, 0, 0, 270, 270, 2, 33.44%, 0, 0, 2, 25.65
1619746849, 0, 0, 271, 271, 2, 33.44%, 0, 0, 2, 26.15
1619746855, 0, 0, 274, 274, 2, 33.50%, 0, 0, 2, 28.44
1619746860, 0, 0, 280, 280, 2, 33.50%, 0, 0, 2, 27.48
1619746880, 0, 0, 281, 281, 2, 33.50%, 0, 0, 2, 25.62
1619746885, 0, 0, 282, 282, 2, 33.50%, 0, 0, 2, 25.28
1619746891, 0, 0, 283, 283, 2, 33.50%, 0, 0, 2, 25.26
1619746896, 0, 0, 284, 284, 2, 33.50%, 0, 0, 2, 25.45
1619746901, 0, 0, 285, 285, 2, 33.50%, 0, 0, 2, 25.30
1619746911, 0, 0, 286, 286, 2, 33.50%, 0, 0, 2, 25.31
1619746921, 0, 0, 287, 287, 2, 33.50%, 0, 0, 2, 25.44
1619746926, 0, 0, 289, 289, 2, 33.50%, 0, 0, 2, 25.85
1619746942, 0, 0, 290, 290, 2, 33.50%, 0, 0, 2, 25.33
1619746947, 0, 0, 291, 291, 2, 33.50%, 0, 0, 2, 25.15
1619746952, 0, 0, 292, 292, 2, 33.50%, 0, 0, 2, 25.35
1619746957, 0, 0, 294, 294, 2, 33.50%, 0, 0, 2, 24.98
1619746967, 0, 0, 296, 296, 2, 33.50%, 0, 0, 2, 25.39
1619746972, 0, 0, 298, 298, 2, 33.50%, 0, 0, 2, 25.27
1619746978, 0, 0, 299, 299, 2, 33.50%, 0, 0, 2, 25.48
1619746988, 0, 0, 300, 300, 2, 33.50%, 0, 0, 2, 25.22
1619747003, 0, 0, 301, 301, 2, 33.50%, 0, 0, 2, 25.87
1619747019, 0, 0, 302, 302, 2, 33.50%, 0, 0, 2, 25.29
1619747024, 0, 0, 303, 303, 2, 33.50%, 0, 0, 2, 25.20
1619747039, 0, 0, 304, 304, 2, 33.50%, 0, 0, 2, 25.56
1619747045, 0, 0, 305, 305, 2, 33.50%, 0, 0, 2, 25.19
1619747055, 0, 0, 306, 306, 2, 33.50%, 0, 0, 2, 25.00
1619747060, 0, 0, 307, 307, 2, 33.50%, 0, 0, 2, 24.84
1619747065, 0, 0, 308, 308, 2, 33.50%, 0, 0, 2, 24.85
1619747086, 0, 0, 309, 309, 2, 33.50%, 0, 0, 2, 25.51
1619747091, 0, 0, 310, 310, 2, 33.50%, 0, 0, 2, 25.53
1619747096, 0, 0, 312, 312, 2, 33.94%, 0, 0, 2, 25.67
