# unix_time, cycles_done, cur_path, paths_total, pending_total, pending_favs, map_size, unique_crashes, unique_hangs, max_depth, execs_per_sec
1621528848, 0, 0, 1, 1, 1, 0.16%, 0, 0, 1, 14.39
1621529145, 1, 0, 1, 0, 0, 0.16%, 0, 0, 1, 14.94
1621529150, 4, 0, 1, 0, 0, 0.16%, 0, 0, 1, 15.15
1621529155, 7, 0, 1, 0, 0, 0.16%, 0, 0, 1, 15.03
1621529160, 10, 0, 1, 0, 0, 0.16%, 0, 0, 1, 15.14
1621529166, 14, 0, 1, 0, 0, 0.16%, 0, 0, 1, 15.01
1621529171, 17, 0, 1, 0, 0, 0.16%, 0, 0, 1, 15.11
1621529176, 20, 0, 1, 0, 0, 0.16%, 0, 0, 1, 15.13
1621529181, 23, 0, 1, 0, 0, 0.16%, 0, 0, 1, 15.09
1621529186, 26, 0, 1, 0, 0, 0.16%, 0, 0, 1, 14.94
1621529191, 29, 0, 1, 0, 0, 0.16%, 0, 0, 1, 14.84
1621529196, 32, 0, 1, 0, 0, 0.16%, 0, 0, 1, 15.07
1621529201, 35, 0, 1, 0, 0, 0.16%, 0, 0, 1, 15.08
1621529206, 38, 0, 1, 0, 0, 0.16%, 0, 0, 1, 14.67
1621529212, 41, 0, 1, 0, 0, 0.16%, 0, 0, 1, 15.00
1621529217, 44, 0, 1, 0, 0, 0.16%, 0, 0, 1, 14.92
1621529222, 47, 0, 1, 0, 0, 0.16%, 0, 0, 1, 14.77
1621529227, 50, 0, 1, 0, 0, 0.16%, 0, 0, 1, 14.96
1621529232, 53, 0, 1, 0, 0, 0.16%, 0, 0, 1, 14.79
1621529237, 56, 0, 1, 0, 0, 0.16%, 0, 0, 1, 14.99
1621529242, 60, 0, 1, 0, 0, 0.16%, 0, 0, 1, 15.05
1621529247, 63, 0, 1, 0, 0, 0.16%, 0, 0, 1, 14.93
1621529253, 66, 0, 1, 0, 0, 0.16%, 0, 0, 1, 14.87
1621529258, 69, 0, 1, 0, 0, 0.16%, 0, 0, 1, 15.09
1621529263, 72, 0, 1, 0, 0, 0.16%, 0, 0, 1, 14.96
1621529268, 75, 0, 1, 0, 0, 0.16%, 0, 0, 1, 14.98
1621529273, 78, 0, 1, 0, 0, 0.16%, 0, 0, 1, 14.80
1621529278, 81, 0, 1, 0, 0, 0.16%, 0, 0, 1, 15.06
1621529283, 84, 0, 1, 0, 0, 0.16%, 0, 0, 1, 15.05
1621529288, 87, 0, 1, 0, 0, 0.16%, 0, 0, 1, 14.91
1621529293, 90, 0, 1, 0, 0, 0.16%, 0, 0, 1, 15.02
1621529298, 93, 0, 1, 0, 0, 0.16%, 0, 0, 1, 15.01
1621529303, 96, 0, 1, 0, 0, 0.16%, 0, 0, 1, 14.85
1621529308, 99, 0, 1, 0, 0, 0.16%, 0, 0, 1, 14.96
1621529314, 102, 0, 1, 0, 0, 0.16%, 0, 0, 1, 14.95
1621529319, 105, 0, 1, 0, 0, 0.16%, 0, 0, 1, 14.99
1621529324, 108, 0, 1, 0, 0, 0.16%, 0, 0, 1, 14.96
1621529329, 112, 0, 1, 0, 0, 0.16%, 0, 0, 1, 15.03
1621529334, 115, 0, 1, 0, 0, 0.16%, 0, 0, 1, 15.08
1621529339, 118, 0, 1, 0, 0, 0.16%, 0, 0, 1, 15.15
1621529344, 121, 0, 1, 0, 0, 0.16%, 0, 0, 1, 15.00
1621529350, 124, 0, 1, 0, 0, 0.16%, 0, 0, 1, 15.12
1621529355, 127, 0, 1, 0, 0, 0.16%, 0, 0, 1, 15.08
1621529360, 130, 0, 1, 0, 0, 0.16%, 0, 0, 1, 14.99
1621529365, 133, 0, 1, 0, 0, 0.16%, 0, 0, 1, 14.88
1621529370, 136, 0, 1, 0, 0, 0.16%, 0, 0, 1, 15.25
1621529375, 140, 0, 1, 0, 0, 0.16%, 0, 0, 1, 14.98
1621529381, 143, 0, 1, 0, 0, 0.16%, 0, 0, 1, 15.06
1621529386, 146, 0, 1, 0, 0, 0.16%, 0, 0, 1, 14.99
1621529391, 149, 0, 1, 0, 0, 0.16%, 0, 0, 1, 14.99
1621529396, 152, 0, 1, 0, 0, 0.16%, 0, 0, 1, 14.95
1621529401, 155, 0, 1, 0, 0, 0.16%, 0, 0, 1, 14.91
1621529406, 158, 0, 1, 0, 0, 0.16%, 0, 0, 1, 14.92
1621529411, 161, 0, 1, 0, 0, 0.16%, 0, 0, 1, 14.93
1621529417, 164, 0, 1, 0, 0, 0.16%, 0, 0, 1, 15.01
1621529422, 167, 0, 1, 0, 0, 0.16%, 0, 0, 1, 14.90
1621529427, 170, 0, 1, 0, 0, 0.16%, 0, 0, 1, 14.98
1621529432, 173, 0, 1, 0, 0, 0.16%, 0, 0, 1, 13.83
1621529437, 176, 0, 1, 0, 0, 0.16%, 0, 0, 1, 14.70
1621529442, 179, 0, 1, 0, 0, 0.16%, 0, 0, 1, 14.95
1621529447, 182, 0, 1, 0, 0, 0.16%, 0, 0, 1, 14.67
1621529452, 185, 0, 1, 0, 0, 0.16%, 0, 0, 1, 14.78
1621529458, 189, 0, 1, 0, 0, 0.16%, 0, 0, 1, 14.97
1621529463, 192, 0, 1, 0, 0, 0.16%, 0, 0, 1, 14.73
1621529468, 195, 0, 1, 0, 0, 0.16%, 0, 0, 1, 14.94
1621529473, 195, 0, 1, 0, 0, 0.16%, 0, 1, 1, 0.58
1621529479, 198, 0, 1, 0, 0, 0.16%, 0, 1, 1, 14.89
1621529484, 201, 0, 1, 0, 0, 0.16%, 0, 1, 1, 15.23
1621529489, 204, 0, 1, 0, 0, 0.16%, 0, 1, 1, 14.75
1621529494, 207, 0, 1, 0, 0, 0.16%, 0, 1, 1, 14.87
1621529499, 211, 0, 1, 0, 0, 0.16%, 0, 1, 1, 15.01
1621529504, 214, 0, 1, 0, 0, 0.16%, 0, 1, 1, 14.98
1621529509, 217, 0, 1, 0, 0, 0.16%, 0, 1, 1, 15.11
1621529515, 220, 0, 1, 0, 0, 0.16%, 0, 1, 1, 15.10
1621529524, 222, 0, 1, 0, 0, 0.16%, 0, 2, 1, 0.20
1621529529, 225, 0, 1, 0, 0, 0.16%, 0, 2, 1, 14.98
1621529534, 228, 0, 1, 0, 0, 0.16%, 0, 2, 1, 14.89
1621529539, 232, 0, 1, 0, 0, 0.16%, 0, 2, 1, 15.01
1621529547, 233, 0, 1, 0, 0, 0.16%, 0, 2, 1, 0.20
1621529552, 236, 0, 1, 0, 0, 0.16%, 0, 2, 1, 14.90
1621529557, 239, 0, 1, 0, 0, 0.16%, 0, 2, 1, 14.90
1621529562, 242, 0, 1, 0, 0, 0.16%, 0, 2, 1, 14.98
1621529567, 246, 0, 1, 0, 0, 0.16%, 0, 2, 1, 15.18
1621529572, 249, 0, 1, 0, 0, 0.16%, 0, 2, 1, 14.95
1621529580, 250, 0, 1, 0, 0, 0.16%, 0, 2, 1, 0.77
1621529585, 253, 0, 1, 0, 0, 0.16%, 0, 2, 1, 14.74
1621529590, 257, 0, 1, 0, 0, 0.16%, 0, 2, 1, 15.03
1621529596, 260, 0, 1, 0, 0, 0.16%, 0, 2, 1, 14.99
1621529601, 263, 0, 1, 0, 0, 0.16%, 0, 2, 1, 14.86
1621529606, 266, 0, 1, 0, 0, 0.16%, 0, 2, 1, 15.13
1621529611, 269, 0, 1, 0, 0, 0.16%, 0, 2, 1, 14.88
1621529616, 272, 0, 1, 0, 0, 0.16%, 0, 2, 1, 15.11
1621529621, 275, 0, 1, 0, 0, 0.16%, 0, 2, 1, 14.85
1621529626, 278, 0, 1, 0, 0, 0.16%, 0, 2, 1, 15.11
1621529631, 281, 0, 1, 0, 0, 0.16%, 0, 2, 1, 15.12
1621529636, 284, 0, 1, 0, 0, 0.16%, 0, 2, 1, 15.31
1621529641, 287, 0, 1, 0, 0, 0.16%, 0, 2, 1, 15.05
1621529647, 290, 0, 1, 0, 0, 0.16%, 0, 2, 1, 15.05
1621529652, 294, 0, 1, 0, 0, 0.16%, 0, 2, 1, 15.18
1621529657, 297, 0, 1, 0, 0, 0.16%, 0, 2, 1, 15.14
1621529662, 300, 0, 1, 0, 0, 0.16%, 0, 2, 1, 15.03
1621529667, 303, 0, 1, 0, 0, 0.16%, 0, 2, 1, 14.96
1621529672, 306, 0, 1, 0, 0, 0.16%, 0, 2, 1, 15.04
1621529678, 309, 0, 1, 0, 0, 0.16%, 0, 2, 1, 15.10
1621529683, 312, 0, 1, 0, 0, 0.16%, 0, 2, 1, 14.85
1621529688, 315, 0, 1, 0, 0, 0.16%, 0, 2, 1, 14.80
1621529693, 318, 0, 1, 0, 0, 0.16%, 0, 2, 1, 14.95
1621529698, 321, 0, 1, 0, 0, 0.16%, 0, 2, 1, 14.98
1621529703, 324, 0, 1, 0, 0, 0.16%, 0, 2, 1, 14.70
1621529711, 326, 0, 1, 0, 0, 0.16%, 0, 2, 1, 0.20
1621529716, 329, 0, 1, 0, 0, 0.16%, 0, 2, 1, 15.16
1621529721, 332, 0, 1, 0, 0, 0.16%, 0, 2, 1, 15.01
1621529726, 335, 0, 1, 0, 0, 0.16%, 0, 2, 1, 14.94
1621529731, 338, 0, 1, 0, 0, 0.16%, 0, 2, 1, 14.80
1621529737, 341, 0, 1, 0, 0, 0.16%, 0, 2, 1, 14.84
1621529742, 344, 0, 1, 0, 0, 0.16%, 0, 2, 1, 14.97
1621529748, 346, 0, 1, 0, 0, 0.16%, 0, 2, 1, 0.20
1621529756, 347, 0, 1, 0, 0, 0.16%, 0, 2, 1, 0.77
1621529761, 350, 0, 1, 0, 0, 0.16%, 0, 2, 1, 14.84
1621529767, 353, 0, 1, 0, 0, 0.16%, 0, 2, 1, 14.96
1621529772, 357, 0, 1, 0, 0, 0.16%, 0, 2, 1, 15.03
1621529777, 360, 0, 1, 0, 0, 0.16%, 0, 2, 1, 15.09
1621529782, 363, 0, 1, 0, 0, 0.16%, 0, 2, 1, 15.11
1621529787, 366, 0, 1, 0, 0, 0.16%, 0, 2, 1, 15.00
1621529792, 369, 0, 1, 0, 0, 0.16%, 0, 2, 1, 14.74
1621529797, 372, 0, 1, 0, 0, 0.16%, 0, 2, 1, 14.78
1621529805, 373, 0, 1, 0, 0, 0.16%, 0, 2, 1, 0.20
1621529810, 376, 0, 1, 0, 0, 0.16%, 0, 2, 1, 14.66
1621529815, 379, 0, 1, 0, 0, 0.16%, 0, 2, 1, 14.82
1621529820, 382, 0, 1, 0, 0, 0.16%, 0, 2, 1, 14.95
1621529825, 385, 0, 1, 0, 0, 0.16%, 0, 2, 1, 14.96
1621529830, 389, 0, 1, 0, 0, 0.16%, 0, 2, 1, 15.07
1621529835, 392, 0, 1, 0, 0, 0.16%, 0, 2, 1, 15.06
1621529840, 395, 0, 1, 0, 0, 0.16%, 0, 2, 1, 15.15
1621529846, 398, 0, 1, 0, 0, 0.16%, 0, 2, 1, 15.10
1621529851, 401, 0, 1, 0, 0, 0.16%, 0, 2, 1, 15.06
1621529856, 404, 0, 1, 0, 0, 0.16%, 0, 2, 1, 15.02
1621529861, 407, 0, 1, 0, 0, 0.16%, 0, 2, 1, 15.06
1621529866, 410, 0, 1, 0, 0, 0.16%, 0, 2, 1, 15.15
1621529871, 413, 0, 1, 0, 0, 0.16%, 0, 2, 1, 14.91
1621529876, 416, 0, 1, 0, 0, 0.16%, 0, 2, 1, 14.76
1621529884, 418, 0, 1, 0, 0, 0.16%, 0, 2, 1, 0.39
1621529889, 421, 0, 1, 0, 0, 0.16%, 0, 2, 1, 15.06
1621529894, 424, 0, 1, 0, 0, 0.16%, 0, 2, 1, 15.15
1621529899, 427, 0, 1, 0, 0, 0.16%, 0, 2, 1, 15.15
1621529904, 430, 0, 1, 0, 0, 0.16%, 0, 2, 1, 15.06
1621529909, 433, 0, 1, 0, 0, 0.16%, 0, 2, 1, 15.07
1621529915, 436, 0, 1, 0, 0, 0.16%, 0, 2, 1, 14.77
1621529920, 440, 0, 1, 0, 0, 0.16%, 0, 2, 1, 14.81
1621529925, 443, 0, 1, 0, 0, 0.16%, 0, 2, 1, 14.95
1621529930, 446, 0, 1, 0, 0, 0.16%, 0, 2, 1, 15.07
1621529935, 449, 0, 1, 0, 0, 0.16%, 0, 2, 1, 15.15
1621529940, 452, 0, 1, 0, 0, 0.16%, 0, 2, 1, 14.99
1621529945, 455, 0, 1, 0, 0, 0.16%, 0, 2, 1, 15.01
1621529950, 458, 0, 1, 0, 0, 0.16%, 0, 2, 1, 14.68
1621529955, 461, 0, 1, 0, 0, 0.16%, 0, 2, 1, 14.98
1621529960, 464, 0, 1, 0, 0, 0.16%, 0, 2, 1, 15.01
1621529966, 467, 0, 1, 0, 0, 0.16%, 0, 2, 1, 15.13
1621529971, 470, 0, 1, 0, 0, 0.16%, 0, 2, 1, 14.96
1621529976, 473, 0, 1, 0, 0, 0.16%, 0, 2, 1, 15.15
1621529981, 476, 0, 1, 0, 0, 0.16%, 0, 2, 1, 15.12
1621529986, 479, 0, 1, 0, 0, 0.16%, 0, 2, 1, 15.03
1621529991, 483, 0, 1, 0, 0, 0.16%, 0, 2, 1, 14.96
1621529996, 486, 0, 1, 0, 0, 0.16%, 0, 2, 1, 15.10
1621530001, 489, 0, 1, 0, 0, 0.16%, 0, 2, 1, 15.02
1621530006, 492, 0, 1, 0, 0, 0.16%, 0, 2, 1, 14.94
1621530012, 495, 0, 1, 0, 0, 0.16%, 0, 2, 1, 14.97
1621530017, 498, 0, 1, 0, 0, 0.16%, 0, 2, 1, 14.97
1621530022, 501, 0, 1, 0, 0, 0.16%, 0, 2, 1, 15.03
1621530027, 504, 0, 1, 0, 0, 0.16%, 0, 2, 1, 15.15
1621530032, 507, 0, 1, 0, 0, 0.16%, 0, 2, 1, 15.12
1621530037, 510, 0, 1, 0, 0, 0.16%, 0, 2, 1, 15.08
1621530042, 513, 0, 1, 0, 0, 0.16%, 0, 2, 1, 14.99
1621530047, 516, 0, 1, 0, 0, 0.16%, 0, 2, 1, 14.98
1621530053, 518, 1, 2, 1, 1, 0.16%, 0, 2, 2, 211.15
