# unix_time, cycles_done, cur_path, paths_total, pending_total, pending_favs, map_size, unique_crashes, unique_hangs, max_depth, execs_per_sec
1621120069, 0, 0, 12, 12, 5, 2.11%, 0, 0, 1, 10.11
1621120074, 0, 1, 14, 14, 5, 2.12%, 0, 0, 2, 8.76
1621120084, 0, 1, 15, 15, 5, 2.12%, 0, 0, 2, 8.30
1621120089, 0, 1, 16, 16, 5, 2.12%, 0, 0, 2, 8.24
1621120100, 0, 1, 17, 17, 5, 2.12%, 0, 0, 2, 8.61
1621120259, 0, 1, 18, 18, 5, 2.12%, 0, 0, 2, 8.57
1621120377, 0, 1, 19, 19, 5, 2.12%, 0, 0, 2, 7.16
1621120382, 0, 1, 21, 21, 5, 2.14%, 0, 0, 2, 7.48
1621120387, 0, 1, 22, 22, 5, 2.14%, 0, 0, 2, 7.77
1621120392, 0, 1, 24, 24, 5, 2.14%, 0, 0, 2, 7.79
1621120397, 0, 1, 26, 26, 5, 2.14%, 0, 0, 2, 7.70
1621120402, 0, 1, 27, 27, 5, 2.15%, 0, 0, 2, 7.87
1621120504, 0, 1, 29, 29, 5, 2.15%, 0, 0, 2, 7.85
1621120509, 0, 1, 32, 32, 5, 2.15%, 0, 0, 2, 7.81
1621120524, 0, 1, 34, 34, 5, 2.17%, 0, 0, 2, 7.03
1621120529, 0, 1, 37, 37, 5, 2.17%, 0, 0, 2, 8.59
1621120540, 0, 1, 39, 39, 5, 2.18%, 0, 0, 2, 8.40
1621120545, 0, 1, 40, 40, 5, 2.18%, 0, 0, 2, 8.10
1621121023, 0, 1, 41, 41, 5, 2.18%, 0, 0, 2, 7.95
1621121038, 0, 1, 42, 42, 5, 2.18%, 0, 0, 2, 7.85
1621121094, 0, 1, 44, 44, 5, 2.18%, 0, 0, 2, 8.27
1621121099, 0, 1, 45, 45, 5, 2.18%, 0, 0, 2, 8.14
1621121105, 0, 1, 46, 46, 5, 2.18%, 0, 0, 2, 8.19
1621121115, 0, 1, 50, 50, 5, 2.18%, 0, 0, 2, 8.14
1621121120, 0, 1, 53, 53, 5, 2.18%, 0, 0, 2, 8.99
1621121125, 0, 1, 55, 55, 5, 2.18%, 0, 0, 2, 8.04
1621121130, 0, 1, 56, 56, 5, 2.18%, 0, 0, 2, 8.24
1621121135, 0, 1, 57, 57, 5, 2.18%, 0, 0, 2, 9.18
1621121140, 0, 1, 65, 65, 5, 2.18%, 0, 0, 2, 20.90
1621121146, 0, 1, 69, 69, 5, 2.18%, 0, 0, 2, 13.20
1621121151, 0, 1, 73, 73, 5, 2.18%, 0, 0, 2, 10.66
1621121156, 0, 1, 76, 76, 5, 2.18%, 0, 0, 2, 11.38
1621121161, 0, 1, 80, 80, 5, 2.18%, 0, 0, 2, 9.76
1621121166, 0, 1, 81, 81, 5, 2.18%, 0, 0, 2, 11.98
1621121171, 0, 1, 85, 85, 5, 2.18%, 0, 0, 2, 11.53
1621121176, 0, 1, 86, 86, 5, 2.18%, 0, 0, 2, 10.68
1621121182, 0, 1, 88, 88, 5, 2.18%, 0, 0, 2, 9.55
1621121187, 0, 1, 89, 89, 5, 2.18%, 0, 0, 2, 8.50
1621121197, 0, 1, 92, 92, 5, 2.18%, 0, 0, 2, 9.01
1621121202, 0, 1, 93, 93, 5, 2.18%, 0, 0, 2, 9.08
1621121207, 0, 1, 94, 94, 5, 2.18%, 0, 0, 2, 9.91
1621121218, 0, 1, 96, 96, 5, 2.18%, 0, 0, 2, 10.29
1621121223, 0, 1, 98, 98, 5, 2.18%, 0, 0, 2, 9.98
1621121228, 0, 1, 101, 101, 5, 2.18%, 0, 0, 2, 10.26
1621121233, 0, 1, 102, 102, 5, 2.18%, 0, 0, 2, 9.05
1621121238, 0, 1, 103, 103, 5, 2.18%, 0, 0, 2, 9.48
1621121243, 0, 1, 105, 105, 5, 2.20%, 0, 0, 2, 9.99
