# unix_time, cycles_done, cur_path, paths_total, pending_total, pending_favs, map_size, unique_crashes, unique_hangs, max_depth, execs_per_sec
1619749555, 0, 0, 2, 2, 2, 32.61%, 0, 0, 1, 25.49
1619749560, 0, 0, 5, 5, 2, 32.93%, 0, 0, 2, 25.70
1619749565, 0, 0, 9, 9, 2, 33.69%, 0, 0, 2, 25.81
1619749570, 0, 0, 15, 15, 2, 33.69%, 0, 0, 2, 25.84
1619749575, 0, 0, 17, 17, 2, 33.69%, 0, 0, 2, 26.20
1619749580, 0, 0, 19, 19, 2, 33.69%, 0, 0, 2, 26.01
1619749585, 0, 0, 21, 21, 2, 33.71%, 0, 0, 2, 25.62
1619749591, 0, 0, 23, 23, 2, 33.71%, 0, 0, 2, 25.63
1619749596, 0, 0, 26, 26, 2, 33.71%, 0, 0, 2, 25.80
1619749601, 0, 0, 31, 31, 2, 33.71%, 0, 0, 2, 25.84
1619749606, 0, 0, 34, 34, 2, 33.71%, 0, 0, 2, 25.80
1619749611, 0, 0, 35, 35, 2, 33.71%, 0, 0, 2, 26.07
1619749616, 0, 0, 36, 36, 2, 33.71%, 0, 0, 2, 26.61
1619749621, 0, 0, 37, 37, 2, 33.71%, 0, 0, 2, 25.79
1619749626, 0, 0, 39, 39, 2, 33.71%, 0, 0, 2, 26.21
1619749631, 0, 0, 40, 40, 2, 33.71%, 0, 0, 2, 25.79
1619749647, 0, 0, 41, 41, 2, 33.71%, 0, 0, 2, 27.48
1619749652, 0, 0, 42, 42, 2, 33.71%, 0, 0, 2, 26.34
1619749657, 0, 0, 44, 44, 2, 33.71%, 0, 0, 2, 25.77
1619749662, 0, 0, 45, 45, 2, 33.71%, 0, 0, 2, 26.39
1619749672, 0, 0, 46, 46, 2, 33.71%, 0, 0, 2, 26.31
1619749677, 0, 0, 49, 49, 2, 33.71%, 0, 0, 2, 25.91
1619749688, 0, 0, 51, 51, 2, 33.71%, 0, 0, 2, 25.88
1619749693, 0, 0, 54, 54, 2, 33.71%, 0, 0, 2, 25.58
1619749698, 0, 0, 56, 56, 2, 33.71%, 0, 0, 2, 25.96
1619749703, 0, 0, 59, 59, 2, 33.74%, 0, 0, 2, 26.07
1619749708, 0, 0, 61, 61, 2, 33.74%, 0, 0, 2, 27.72
1619749718, 0, 0, 62, 62, 2, 33.74%, 0, 0, 2, 25.76
1619749724, 0, 0, 63, 63, 2, 33.74%, 0, 0, 2, 25.98
1619749729, 0, 0, 64, 64, 2, 33.74%, 0, 0, 2, 26.20
1619749749, 0, 0, 66, 66, 2, 33.74%, 0, 0, 2, 26.25
1619749754, 0, 0, 67, 67, 2, 33.74%, 0, 0, 2, 26.11
1619749759, 0, 0, 70, 70, 2, 33.74%, 0, 0, 2, 25.71
1619749780, 0, 0, 72, 72, 2, 33.74%, 0, 0, 2, 25.59
1619749795, 0, 0, 73, 73, 2, 33.74%, 0, 0, 2, 26.33
1619749801, 0, 0, 74, 74, 2, 33.74%, 0, 0, 2, 25.87
1619749806, 0, 0, 75, 75, 2, 33.74%, 0, 0, 2, 25.87
1619749811, 0, 0, 76, 76, 2, 33.74%, 0, 0, 2, 26.04
1619749821, 0, 0, 78, 78, 2, 33.74%, 0, 0, 2, 26.26
1619749836, 0, 0, 79, 79, 2, 33.74%, 0, 0, 2, 25.80
1619749852, 0, 0, 81, 81, 2, 33.74%, 0, 0, 2, 26.09
1619749862, 0, 0, 83, 83, 2, 33.74%, 0, 0, 2, 25.69
1619749872, 0, 0, 84, 84, 2, 33.74%, 0, 0, 2, 25.90
1619749877, 0, 0, 85, 85, 2, 33.74%, 0, 0, 2, 26.29
1619749883, 0, 0, 86, 86, 2, 33.74%, 0, 0, 2, 26.23
1619749893, 0, 0, 87, 87, 2, 33.74%, 0, 0, 2, 25.67
1619749898, 0, 0, 88, 88, 2, 33.74%, 0, 0, 2, 26.09
1619749903, 0, 0, 90, 90, 2, 33.74%, 0, 0, 2, 25.98
1619749918, 0, 0, 92, 92, 2, 33.74%, 0, 0, 2, 26.08
1619749944, 0, 0, 93, 93, 2, 33.74%, 0, 0, 2, 25.91
1619749949, 0, 0, 95, 95, 2, 33.74%, 0, 0, 2, 25.49
1619749954, 0, 0, 96, 96, 2, 33.74%, 0, 0, 2, 25.87
1619749964, 0, 0, 97, 97, 2, 33.74%, 0, 0, 2, 25.82
1619749970, 0, 0, 102, 102, 2, 33.74%, 0, 0, 2, 25.91
1619749975, 0, 0, 107, 107, 2, 33.74%, 0, 0, 2, 25.75
1619749980, 0, 0, 111, 111, 2, 33.74%, 0, 0, 2, 25.93
1619749985, 0, 0, 113, 113, 2, 33.74%, 0, 0, 2, 26.20
1619749990, 0, 0, 114, 114, 2, 33.74%, 0, 0, 2, 25.84
1619749995, 0, 0, 115, 115, 2, 33.74%, 0, 0, 2, 25.75
1619750006, 0, 0, 120, 120, 2, 33.75%, 0, 0, 2, 27.03
1619750011, 0, 0, 125, 125, 2, 33.75%, 0, 0, 2, 26.27
1619750016, 0, 0, 129, 129, 2, 33.75%, 0, 0, 2, 25.53
1619750021, 0, 0, 130, 130, 2, 33.75%, 0, 0, 2, 25.47
1619750026, 0, 0, 131, 131, 2, 33.75%, 0, 0, 2, 26.03
1619750036, 0, 0, 132, 132, 2, 33.75%, 0, 0, 2, 25.48
1619750077, 0, 0, 133, 133, 2, 33.75%, 0, 0, 2, 26.06
1619750082, 0, 0, 134, 134, 2, 33.75%, 0, 0, 2, 25.97
1619750097, 0, 0, 135, 135, 2, 33.75%, 0, 0, 2, 25.64
1619750118, 0, 0, 136, 136, 2, 33.75%, 0, 0, 2, 25.35
1619750123, 0, 0, 137, 137, 2, 33.75%, 0, 0, 2, 25.76
1619750128, 0, 0, 138, 138, 2, 33.75%, 0, 0, 2, 28.01
1619750133, 0, 0, 140, 140, 2, 33.75%, 0, 0, 2, 26.40
1619750143, 0, 0, 141, 141, 2, 33.75%, 0, 0, 2, 25.80
1619750174, 0, 0, 142, 142, 2, 33.75%, 0, 0, 2, 25.71
1619750184, 0, 0, 143, 143, 2, 33.75%, 0, 0, 2, 26.04
1619750190, 0, 0, 144, 144, 2, 33.75%, 0, 0, 2, 26.11
1619750200, 0, 0, 145, 145, 2, 33.75%, 0, 0, 2, 26.12
1619750220, 0, 0, 147, 147, 2, 33.75%, 0, 0, 2, 25.87
1619750240, 0, 0, 149, 149, 2, 33.75%, 0, 0, 2, 25.60
1619750245, 0, 0, 150, 150, 2, 33.75%, 0, 0, 2, 25.98
1619750251, 0, 0, 151, 151, 2, 33.75%, 0, 0, 2, 25.74
1619750256, 0, 0, 152, 152, 2, 33.75%, 0, 0, 2, 26.27
1619750261, 0, 0, 153, 153, 2, 33.75%, 0, 0, 2, 26.38
1619750286, 0, 0, 155, 155, 2, 33.75%, 0, 0, 2, 25.93
1619750297, 0, 0, 156, 156, 2, 33.75%, 0, 0, 2, 26.40
1619750327, 0, 0, 158, 158, 2, 33.75%, 0, 0, 2, 26.49
1619750332, 0, 0, 159, 159, 2, 33.75%, 0, 0, 2, 26.50
1619750337, 0, 0, 162, 162, 2, 33.75%, 0, 0, 2, 28.90
1619750343, 0, 0, 168, 168, 2, 33.75%, 0, 0, 2, 31.79
1619750348, 0, 0, 169, 169, 2, 33.75%, 0, 0, 2, 27.68
1619750363, 0, 0, 170, 170, 2, 33.75%, 0, 0, 2, 25.36
1619750368, 0, 0, 171, 171, 2, 33.75%, 0, 0, 2, 25.72
1619750379, 0, 0, 172, 172, 2, 33.75%, 0, 0, 2, 25.81
1619750384, 0, 0, 174, 174, 2, 33.75%, 0, 0, 2, 26.08
1619750399, 0, 0, 175, 175, 2, 33.75%, 0, 0, 2, 25.67
1619750404, 0, 0, 177, 177, 2, 33.75%, 0, 0, 2, 25.52
1619750409, 0, 0, 178, 178, 2, 33.75%, 0, 0, 2, 25.94
1619750435, 0, 0, 179, 179, 2, 33.75%, 0, 0, 2, 26.40
1619750450, 0, 0, 180, 180, 2, 33.75%, 0, 0, 2, 25.71
1619750455, 0, 0, 181, 181, 2, 33.75%, 0, 0, 2, 25.94
1619750460, 0, 0, 182, 182, 2, 33.75%, 0, 0, 2, 25.68
1619750481, 0, 0, 183, 183, 2, 33.75%, 0, 0, 2, 25.52
1619750491, 0, 0, 184, 184, 2, 33.75%, 0, 0, 2, 26.24
1619750506, 0, 0, 185, 185, 2, 33.75%, 0, 0, 2, 25.92
1619750512, 0, 0, 186, 186, 2, 33.75%, 0, 0, 2, 25.62
1619750517, 0, 0, 187, 187, 2, 33.75%, 0, 0, 2, 25.42
1619750527, 0, 0, 188, 188, 2, 33.75%, 0, 0, 2, 26.23
1619750537, 0, 0, 189, 189, 2, 33.75%, 0, 0, 2, 26.03
1619750542, 0, 0, 190, 190, 2, 33.75%, 0, 0, 2, 26.04
1619750552, 0, 0, 192, 192, 2, 33.75%, 0, 0, 2, 25.79
1619750558, 0, 0, 193, 193, 2, 33.75%, 0, 0, 2, 26.34
1619750563, 0, 0, 195, 195, 2, 33.75%, 0, 0, 2, 26.33
1619750578, 0, 0, 197, 197, 2, 33.75%, 0, 0, 2, 25.65
1619750604, 0, 0, 198, 198, 2, 33.75%, 0, 0, 2, 26.12
1619750609, 0, 0, 199, 199, 2, 33.75%, 0, 0, 2, 25.55
1619750614, 0, 0, 200, 200, 2, 33.75%, 0, 0, 2, 26.28
1619750619, 0, 0, 202, 202, 2, 33.75%, 0, 0, 2, 26.16
1619750634, 0, 0, 203, 203, 2, 33.75%, 0, 0, 2, 26.34
1619750639, 0, 0, 204, 204, 2, 33.75%, 0, 0, 2, 25.97
1619750644, 0, 0, 205, 205, 2, 33.75%, 0, 0, 2, 26.02
1619750655, 0, 0, 206, 206, 2, 33.75%, 0, 0, 2, 26.59
1619750701, 0, 0, 207, 207, 2, 33.75%, 0, 0, 2, 25.98
1619750706, 0, 0, 208, 208, 2, 33.75%, 0, 0, 2, 26.17
1619750721, 0, 0, 209, 209, 2, 33.75%, 0, 0, 2, 25.63
1619750732, 0, 0, 210, 210, 2, 33.75%, 0, 0, 2, 25.73
1619750742, 0, 0, 211, 211, 2, 33.75%, 0, 0, 2, 26.06
1619750752, 0, 0, 212, 212, 2, 34.14%, 0, 0, 2, 26.24
