# unix_time, cycles_done, cur_path, paths_total, pending_total, pending_favs, map_size, unique_crashes, unique_hangs, max_depth, execs_per_sec
1621549315, 0, 0, 5, 5, 3, 0.08%, 0, 0, 1, 106.95
1621549320, 0, 0, 6, 6, 3, 0.08%, 0, 0, 2, 108.42
1621549350, 0, 0, 8, 8, 3, 0.08%, 0, 0, 2, 102.75
1621549371, 0, 0, 11, 11, 3, 0.08%, 0, 0, 2, 106.30
1621549386, 0, 1, 11, 10, 4, 0.08%, 0, 0, 2, 113.33
1621549401, 0, 3, 11, 9, 3, 0.08%, 0, 0, 2, 118.25
1621549472, 0, 6, 11, 8, 2, 0.08%, 0, 0, 2, 111.14
1621549569, 0, 7, 11, 7, 1, 0.08%, 0, 0, 2, 112.35
1621549666, 1, 3, 11, 6, 0, 0.08%, 0, 0, 2, 118.89
1621549671, 1, 4, 11, 6, 0, 0.08%, 0, 0, 2, 118.17
1621549742, 2, 0, 11, 5, 0, 0.08%, 0, 0, 2, 119.70
1621549747, 2, 1, 11, 5, 0, 0.08%, 0, 0, 2, 117.22
1621549752, 2, 3, 11, 5, 0, 0.08%, 0, 0, 2, 118.62
1621549757, 2, 5, 11, 5, 0, 0.08%, 0, 0, 2, 117.56
1621549788, 2, 6, 12, 5, 0, 0.08%, 0, 0, 3, 192.34
1621549793, 2, 11, 12, 5, 1, 0.08%, 0, 0, 3, 247.45
1621549824, 3, 0, 12, 4, 0, 0.08%, 0, 0, 3, 258.28
1621549829, 3, 3, 12, 4, 0, 0.08%, 0, 0, 3, 262.09
1621549834, 3, 6, 12, 4, 0, 0.08%, 0, 0, 3, 259.20
1621549839, 3, 11, 12, 4, 0, 0.08%, 0, 0, 3, 249.62
1621549849, 4, 3, 12, 4, 0, 0.08%, 0, 0, 3, 258.81
1621549854, 4, 5, 14, 6, 0, 0.08%, 0, 0, 3, 257.95
1621549860, 4, 6, 14, 6, 0, 0.08%, 0, 0, 3, 249.41
1621549865, 4, 8, 15, 7, 0, 0.08%, 0, 0, 3, 241.71
1621549911, 4, 9, 15, 6, 0, 0.08%, 0, 0, 3, 249.85
1621549993, 4, 9, 15, 6, 0, 0.08%, 0, 1, 3, 5.88
1621550012, 5, 0, 15, 5, 0, 0.08%, 0, 1, 3, 274.93
1621550022, 5, 3, 15, 5, 0, 0.08%, 0, 1, 3, 275.39
1621550027, 5, 6, 15, 5, 0, 0.08%, 0, 1, 3, 280.71
1621550033, 5, 7, 15, 5, 0, 0.08%, 0, 1, 3, 3.94
1621550050, 5, 11, 15, 5, 0, 0.08%, 0, 1, 3, 9.41
1621550068, 5, 12, 15, 5, 0, 0.08%, 0, 1, 3, 270.09
1621550134, 6, 0, 15, 4, 0, 0.08%, 0, 1, 3, 267.34
1621550140, 6, 1, 15, 4, 0, 0.08%, 0, 1, 3, 1.99
1621550148, 6, 3, 15, 4, 0, 0.08%, 0, 2, 3, 1.99
1621550154, 6, 5, 15, 4, 0, 0.08%, 0, 2, 3, 1.59
1621550164, 6, 7, 15, 4, 0, 0.08%, 0, 2, 3, 11.49
1621550169, 6, 10, 15, 4, 0, 0.08%, 0, 2, 3, 249.61
1621550255, 6, 14, 15, 3, 0, 0.08%, 0, 2, 3, 254.31
