# unix_time, cycles_done, cur_path, paths_total, pending_total, pending_favs, map_size, unique_crashes, unique_hangs, max_depth, execs_per_sec
1621538584, 0, 0, 7, 7, 1, 0.00%, 0, 0, 1, 53.85
1621538589, 0, 3, 7, 7, 1, 0.00%, 0, 0, 1, 56.43
1621538655, 0, 4, 7, 6, 0, 0.00%, 0, 0, 1, 56.48
1621538717, 0, 5, 7, 5, 0, 0.00%, 0, 0, 1, 69.50
1621538773, 0, 6, 7, 4, 0, 0.00%, 0, 0, 1, 71.51
1621538829, 1, 0, 7, 3, 0, 0.00%, 0, 0, 1, 74.52
1621538885, 1, 1, 7, 2, 0, 0.00%, 0, 0, 1, 74.05
1621538941, 1, 2, 7, 1, 0, 0.00%, 0, 0, 1, 73.11
1621538991, 1, 3, 7, 0, 0, 0.00%, 0, 0, 1, 71.55
1621538996, 1, 4, 7, 0, 0, 0.00%, 0, 0, 1, 71.46
1621539001, 1, 6, 7, 0, 0, 0.00%, 0, 0, 1, 72.15
1621539007, 2, 0, 7, 0, 0, 0.00%, 0, 0, 1, 71.35
1621539012, 2, 2, 7, 0, 0, 0.00%, 0, 0, 1, 74.26
1621539017, 2, 3, 7, 0, 0, 0.00%, 0, 0, 1, 72.89
1621539022, 2, 5, 7, 0, 0, 0.00%, 0, 0, 1, 72.39
1621539027, 3, 0, 7, 0, 0, 0.00%, 0, 0, 1, 73.75
1621539032, 3, 1, 7, 0, 0, 0.00%, 0, 0, 1, 72.03
1621539037, 3, 3, 7, 0, 0, 0.00%, 0, 0, 1, 71.66
1621539042, 3, 5, 7, 0, 0, 0.00%, 0, 0, 1, 71.13
1621539047, 3, 6, 7, 0, 0, 0.00%, 0, 0, 1, 70.76
1621539052, 4, 1, 7, 0, 0, 0.00%, 0, 0, 1, 73.39
1621539057, 4, 2, 7, 0, 0, 0.00%, 0, 0, 1, 74.72
1621539062, 4, 4, 7, 0, 0, 0.00%, 0, 0, 1, 76.34
1621539068, 4, 6, 7, 0, 0, 0.00%, 0, 0, 1, 71.50
1621539073, 5, 0, 7, 0, 0, 0.00%, 0, 0, 1, 72.08
1621539078, 5, 1, 7, 0, 0, 0.00%, 0, 0, 1, 69.66
1621539083, 5, 3, 7, 0, 0, 0.00%, 0, 0, 1, 71.18
1621539088, 5, 5, 7, 0, 0, 0.00%, 0, 0, 1, 72.01
1621539093, 5, 6, 7, 0, 0, 0.00%, 0, 0, 1, 71.10
1621539098, 6, 0, 7, 0, 0, 0.00%, 0, 0, 1, 72.48
1621539103, 6, 2, 7, 0, 0, 0.00%, 0, 0, 1, 74.80
1621539108, 6, 3, 7, 0, 0, 0.00%, 0, 0, 1, 73.96
1621539113, 6, 5, 7, 0, 0, 0.00%, 0, 0, 1, 71.44
1621539118, 6, 6, 7, 0, 0, 0.00%, 0, 0, 1, 73.50
1621539123, 7, 1, 7, 0, 0, 0.00%, 0, 0, 1, 71.46
1621539128, 7, 2, 7, 0, 0, 0.00%, 0, 0, 1, 69.51
1621539134, 7, 4, 7, 0, 0, 0.00%, 0, 0, 1, 69.93
1621539139, 7, 6, 7, 0, 0, 0.00%, 0, 0, 1, 68.46
1621539144, 8, 0, 7, 0, 0, 0.00%, 0, 0, 1, 75.41
1621539149, 8, 1, 7, 0, 0, 0.00%, 0, 0, 1, 72.98
1621539154, 8, 3, 7, 0, 0, 0.00%, 0, 0, 1, 70.14
1621539159, 8, 5, 7, 0, 0, 0.00%, 0, 0, 1, 69.59
1621539164, 8, 6, 7, 0, 0, 0.00%, 0, 0, 1, 71.28
1621539169, 9, 1, 7, 0, 0, 0.00%, 0, 0, 1, 70.84
1621539174, 9, 2, 7, 0, 0, 0.00%, 0, 0, 1, 70.98
1621539179, 9, 4, 7, 0, 0, 0.00%, 0, 0, 1, 69.99
1621539185, 9, 6, 7, 0, 0, 0.00%, 0, 0, 1, 70.56
1621539190, 10, 0, 7, 0, 0, 0.00%, 0, 0, 1, 69.36
1621539195, 10, 1, 7, 0, 0, 0.00%, 0, 0, 1, 70.47
1621539200, 10, 3, 7, 0, 0, 0.00%, 0, 0, 1, 72.70
1621539205, 10, 5, 7, 0, 0, 0.00%, 0, 0, 1, 73.33
1621539212, 10, 5, 7, 0, 0, 0.00%, 0, 1, 1, 2.33
1621539217, 11, 0, 7, 0, 0, 0.00%, 0, 1, 1, 73.19
1621539222, 11, 1, 7, 0, 0, 0.00%, 0, 1, 1, 70.20
1621539227, 11, 3, 7, 0, 0, 0.00%, 0, 1, 1, 73.32
1621539232, 11, 4, 7, 0, 0, 0.00%, 0, 1, 1, 70.53
1621539243, 11, 6, 7, 0, 0, 0.00%, 0, 1, 1, 68.86
1621539254, 12, 1, 7, 0, 0, 0.00%, 0, 1, 1, 70.84
1621539266, 12, 2, 7, 0, 0, 0.00%, 0, 1, 1, 72.47
1621539271, 12, 4, 7, 0, 0, 0.00%, 0, 1, 1, 68.04
1621539280, 12, 5, 7, 0, 0, 0.00%, 0, 1, 1, 0.59
1621539287, 12, 6, 7, 0, 0, 0.00%, 0, 2, 1, 1.57
1621539298, 13, 0, 7, 0, 0, 0.00%, 0, 2, 1, 67.97
1621539303, 13, 1, 7, 0, 0, 0.00%, 0, 2, 1, 68.35
1621539308, 13, 3, 7, 0, 0, 0.00%, 0, 2, 1, 68.53
1621539314, 13, 5, 7, 0, 0, 0.00%, 0, 2, 1, 67.25
1621539324, 13, 6, 7, 0, 0, 0.00%, 0, 2, 1, 70.88
1621539330, 14, 1, 7, 0, 0, 0.00%, 0, 2, 1, 69.97
1621539335, 14, 2, 7, 0, 0, 0.00%, 0, 2, 1, 70.53
1621539345, 14, 4, 7, 0, 0, 0.00%, 0, 2, 1, 73.60
1621539357, 14, 6, 7, 0, 0, 0.00%, 0, 2, 1, 72.96
1621539362, 15, 0, 7, 0, 0, 0.00%, 0, 2, 1, 71.11
1621539367, 15, 1, 7, 0, 0, 0.00%, 0, 2, 1, 71.17
1621539373, 15, 3, 7, 0, 0, 0.00%, 0, 2, 1, 70.43
1621539378, 15, 5, 7, 0, 0, 0.00%, 0, 2, 1, 68.55
1621539388, 15, 6, 7, 0, 0, 0.00%, 0, 2, 1, 68.67
1621539393, 16, 1, 7, 0, 0, 0.00%, 0, 2, 1, 70.21
1621539407, 16, 3, 7, 0, 0, 0.00%, 0, 2, 1, 67.70
1621539418, 16, 5, 7, 0, 0, 0.00%, 0, 2, 1, 74.77
1621539432, 16, 6, 7, 0, 0, 0.00%, 0, 2, 1, 2.33
1621539441, 17, 1, 7, 0, 0, 0.00%, 0, 2, 1, 0.60
1621539455, 17, 3, 7, 0, 0, 0.00%, 0, 2, 1, 70.20
1621539462, 17, 4, 7, 0, 0, 0.00%, 0, 2, 1, 1.18
1621539467, 17, 6, 7, 0, 0, 0.00%, 0, 2, 1, 74.94
1621539484, 18, 1, 7, 0, 0, 0.00%, 0, 2, 1, 0.79
1621539490, 18, 2, 7, 0, 0, 0.00%, 0, 2, 1, 72.84
1621539496, 18, 3, 7, 0, 0, 0.00%, 0, 2, 1, 1.38
1621539501, 18, 4, 7, 0, 0, 0.00%, 0, 2, 1, 71.86
1621539510, 18, 6, 7, 0, 0, 0.00%, 0, 2, 1, 0.20
1621539515, 19, 0, 7, 0, 0, 0.00%, 0, 2, 1, 73.15
1621539520, 19, 1, 7, 0, 0, 0.00%, 0, 2, 1, 74.87
1621539525, 19, 3, 7, 0, 0, 0.00%, 0, 2, 1, 75.33
1621539530, 19, 5, 7, 0, 0, 0.00%, 0, 2, 1, 72.74
1621539536, 19, 6, 7, 0, 0, 0.00%, 0, 2, 1, 72.74
1621539541, 20, 1, 7, 0, 0, 0.00%, 0, 2, 1, 74.62
1621539546, 20, 2, 7, 0, 0, 0.00%, 0, 2, 1, 73.34
1621539551, 20, 4, 7, 0, 0, 0.00%, 0, 2, 1, 71.78
1621539556, 20, 6, 7, 0, 0, 0.00%, 0, 2, 1, 72.69
1621539567, 21, 0, 7, 0, 0, 0.00%, 0, 2, 1, 73.83
1621539572, 21, 1, 7, 0, 0, 0.00%, 0, 2, 1, 71.02
1621539579, 21, 2, 7, 0, 0, 0.00%, 0, 2, 1, 2.33
1621539584, 21, 4, 7, 0, 0, 0.00%, 0, 2, 1, 72.44
1621539592, 21, 5, 7, 0, 0, 0.00%, 0, 2, 1, 0.20
1621539597, 21, 6, 7, 0, 0, 0.00%, 0, 2, 1, 75.34
1621539611, 22, 0, 7, 0, 0, 0.00%, 0, 2, 1, 0.99
1621539616, 22, 1, 7, 0, 0, 0.00%, 0, 2, 1, 71.38
1621539621, 22, 3, 7, 0, 0, 0.00%, 0, 2, 1, 73.15
1621539626, 22, 5, 7, 0, 0, 0.00%, 0, 2, 1, 72.37
1621539634, 22, 6, 7, 0, 0, 0.00%, 0, 2, 1, 0.79
1621539648, 23, 0, 7, 0, 0, 0.00%, 0, 2, 1, 1.95
1621539657, 23, 1, 7, 0, 0, 0.00%, 0, 2, 1, 1.38
1621539679, 23, 3, 7, 0, 0, 0.00%, 0, 2, 1, 76.74
1621539688, 23, 5, 7, 0, 0, 0.00%, 0, 2, 1, 0.59
1621539693, 23, 6, 7, 0, 0, 0.00%, 0, 2, 1, 69.16
1621539699, 24, 1, 7, 0, 0, 0.00%, 0, 2, 1, 73.12
1621539710, 24, 3, 7, 0, 0, 0.00%, 0, 2, 1, 71.41
1621539720, 24, 4, 7, 0, 0, 0.00%, 0, 2, 1, 0.20
1621539732, 24, 5, 7, 0, 0, 0.00%, 0, 2, 1, 1.38
1621539740, 24, 6, 7, 0, 0, 0.00%, 0, 2, 1, 1.18
1621539751, 25, 0, 7, 0, 0, 0.00%, 0, 2, 1, 70.89
1621539760, 25, 1, 7, 0, 0, 0.00%, 0, 2, 1, 2.70
1621539771, 25, 3, 7, 0, 0, 0.00%, 0, 2, 1, 71.41
1621539776, 25, 5, 7, 0, 0, 0.00%, 0, 2, 1, 71.98
1621539781, 25, 6, 7, 0, 0, 0.00%, 0, 2, 1, 71.94
