# unix_time, cycles_done, cur_path, paths_total, pending_total, pending_favs, map_size, unique_crashes, unique_hangs, max_depth, execs_per_sec
1654295280, 0, 0, 6, 6, 1, 0.23%, 0, 0, 1, 127.32
1654295285, 0, 4, 6, 6, 1, 0.23%, 0, 0, 1, 117.51
1654295290, 0, 4, 7, 7, 1, 3.37%, 0, 0, 2, 9.97
1654295306, 0, 4, 8, 8, 1, 3.37%, 0, 0, 2, 150.33
1654295311, 0, 6, 10, 9, 2, 3.37%, 0, 0, 3, 128.81
1654295562, 0, 6, 11, 10, 2, 3.37%, 0, 0, 3, 14.73
1654295587, 0, 6, 12, 11, 2, 3.37%, 0, 0, 3, 8.44
1654295603, 0, 7, 12, 10, 2, 3.37%, 0, 0, 3, 9.03
1654295628, 0, 7, 13, 11, 2, 3.39%, 0, 0, 3, 8.90
1654296484, 0, 7, 14, 12, 2, 3.41%, 0, 0, 3, 9.68
