# unix_time, cycles_done, cur_path, paths_total, pending_total, pending_favs, map_size, unique_crashes, unique_hangs, max_depth, execs_per_sec
1621138016, 0, 0, 33, 33, 4, 2.00%, 0, 0, 1, 2.95
1621138021, 0, 9, 34, 34, 4, 2.00%, 0, 0, 2, 3.02
1621138027, 0, 9, 36, 36, 4, 2.00%, 0, 0, 2, 3.13
1621138052, 0, 9, 37, 37, 4, 2.00%, 0, 0, 2, 2.95
1621138077, 0, 9, 38, 38, 4, 2.00%, 0, 0, 2, 3.16
1621138309, 0, 9, 39, 39, 4, 2.00%, 0, 0, 2, 2.97
1621138489, 0, 9, 40, 40, 4, 2.00%, 0, 0, 2, 3.12
1621138541, 0, 9, 41, 41, 4, 2.00%, 0, 0, 2, 3.21
1621138829, 0, 9, 42, 42, 4, 2.03%, 0, 0, 2, 4.32
1621138834, 0, 9, 44, 44, 4, 2.03%, 0, 0, 2, 4.32
1621138839, 0, 9, 45, 45, 4, 2.03%, 0, 0, 2, 4.34
1621138854, 0, 9, 46, 46, 4, 2.03%, 0, 0, 2, 4.33
1621138865, 0, 9, 47, 47, 4, 2.06%, 0, 0, 2, 4.33
1621138870, 0, 9, 49, 49, 4, 2.06%, 0, 0, 2, 4.30
1621138875, 0, 9, 50, 50, 4, 2.06%, 0, 0, 2, 4.22
1621138885, 0, 9, 52, 52, 4, 2.06%, 0, 0, 2, 4.73
1621139088, 0, 9, 53, 53, 4, 2.06%, 0, 0, 2, 4.39
1621139093, 0, 9, 55, 55, 4, 2.06%, 0, 0, 2, 4.34
1621139098, 0, 9, 56, 56, 4, 2.06%, 0, 0, 2, 4.38
1621139113, 0, 9, 57, 57, 4, 2.06%, 0, 0, 2, 4.39
1621139119, 0, 9, 58, 58, 4, 2.08%, 0, 0, 2, 4.86
