# unix_time, cycles_done, cur_path, paths_total, pending_total, pending_favs, map_size, unique_crashes, unique_hangs, max_depth, execs_per_sec
1621246684, 0, 0, 2, 2, 1, 1.08%, 0, 0, 1, 14.00
1621247110, 0, 1, 2, 1, 0, 1.08%, 0, 0, 1, 27.40
1621247166, 2, 1, 2, 0, 0, 1.08%, 0, 0, 1, 27.36
1621247171, 5, 1, 2, 0, 0, 1.08%, 0, 0, 1, 27.44
1621247176, 8, 0, 2, 0, 0, 1.08%, 0, 0, 1, 27.50
1621247181, 11, 0, 2, 0, 0, 1.08%, 0, 0, 1, 27.46
1621247186, 13, 1, 2, 0, 0, 1.08%, 0, 0, 1, 27.51
1621247191, 16, 1, 2, 0, 0, 1.08%, 0, 0, 1, 27.50
1621247196, 19, 0, 2, 0, 0, 1.08%, 0, 0, 1, 27.49
1621247201, 22, 0, 2, 0, 0, 1.08%, 0, 0, 1, 27.56
1621247206, 24, 1, 2, 0, 0, 1.08%, 0, 0, 1, 27.52
1621247211, 27, 1, 2, 0, 0, 1.08%, 0, 0, 1, 27.57
1621247217, 30, 1, 2, 0, 0, 1.08%, 0, 0, 1, 27.64
1621247222, 33, 0, 2, 0, 0, 1.08%, 0, 0, 1, 27.56
1621247227, 36, 0, 2, 0, 0, 1.08%, 0, 0, 1, 27.55
1621247232, 38, 1, 2, 0, 0, 1.08%, 0, 0, 1, 27.51
1621247237, 41, 1, 2, 0, 0, 1.08%, 0, 0, 1, 27.56
1621247242, 44, 1, 2, 0, 0, 1.08%, 0, 0, 1, 27.49
1621247247, 47, 0, 2, 0, 0, 1.08%, 0, 0, 1, 27.61
1621247252, 50, 0, 2, 0, 0, 1.08%, 0, 0, 1, 27.67
1621247257, 53, 0, 2, 0, 0, 1.08%, 0, 0, 1, 27.65
1621247262, 55, 1, 2, 0, 0, 1.08%, 0, 0, 1, 27.59
1621247267, 58, 1, 2, 0, 0, 1.08%, 0, 0, 1, 27.57
1621247272, 61, 0, 2, 0, 0, 1.08%, 0, 0, 1, 27.55
1621247278, 64, 0, 2, 0, 0, 1.08%, 0, 0, 1, 27.55
1621247283, 67, 0, 2, 0, 0, 1.08%, 0, 0, 1, 27.47
1621247288, 69, 1, 2, 0, 0, 1.08%, 0, 0, 1, 27.56
1621247293, 72, 1, 2, 0, 0, 1.08%, 0, 0, 1, 27.63
1621247300, 74, 0, 2, 0, 0, 1.08%, 0, 1, 1, 0.97
1621247305, 76, 1, 2, 0, 0, 1.08%, 0, 1, 1, 27.34
1621247310, 79, 1, 2, 0, 0, 1.08%, 0, 1, 1, 27.34
1621247315, 82, 0, 2, 0, 0, 1.08%, 0, 1, 1, 27.37
1621247320, 85, 0, 2, 0, 0, 1.08%, 0, 1, 1, 27.33
1621247325, 87, 1, 2, 0, 0, 1.08%, 0, 1, 1, 27.39
1621247330, 90, 1, 2, 0, 0, 1.08%, 0, 1, 1, 27.42
1621247335, 93, 0, 2, 0, 0, 1.08%, 0, 1, 1, 27.48
1621247343, 94, 1, 2, 0, 0, 1.08%, 0, 1, 1, 0.78
1621247348, 97, 1, 2, 0, 0, 1.08%, 0, 1, 1, 27.29
1621247353, 100, 0, 2, 0, 0, 1.08%, 0, 1, 1, 27.29
1621247358, 103, 0, 2, 0, 0, 1.08%, 0, 1, 1, 27.29
1621247364, 105, 1, 2, 0, 0, 1.08%, 0, 1, 1, 27.16
1621247369, 108, 1, 2, 0, 0, 1.08%, 0, 1, 1, 27.27
1621247376, 110, 0, 2, 0, 0, 1.08%, 0, 1, 1, 0.97
1621247381, 112, 1, 2, 0, 0, 1.08%, 0, 1, 1, 27.09
1621247386, 115, 1, 2, 0, 0, 1.08%, 0, 1, 1, 27.09
1621247391, 118, 0, 2, 0, 0, 1.08%, 0, 1, 1, 27.14
1621247396, 121, 0, 2, 0, 0, 1.08%, 0, 1, 1, 27.18
1621247406, 123, 1, 2, 0, 0, 1.08%, 0, 1, 1, 1.16
1621247411, 126, 0, 2, 0, 0, 1.08%, 0, 1, 1, 27.28
1621247420, 128, 0, 2, 0, 0, 1.08%, 0, 1, 1, 1.16
1621247425, 131, 0, 2, 0, 0, 1.08%, 0, 1, 1, 27.09
1621247430, 133, 1, 2, 0, 0, 1.08%, 0, 1, 1, 27.17
1621247435, 136, 1, 2, 0, 0, 1.08%, 0, 1, 1, 27.39
1621247440, 139, 0, 2, 0, 0, 1.08%, 0, 1, 1, 25.05
1621247445, 141, 1, 2, 0, 0, 1.08%, 0, 1, 1, 26.99
1621247450, 144, 1, 2, 0, 0, 1.08%, 0, 1, 1, 27.46
1621247455, 147, 0, 2, 0, 0, 1.08%, 0, 1, 1, 27.51
1621247460, 150, 0, 2, 0, 0, 1.08%, 0, 1, 1, 27.54
1621247465, 153, 0, 2, 0, 0, 1.08%, 0, 1, 1, 27.63
1621247471, 155, 1, 2, 0, 0, 1.08%, 0, 1, 1, 27.60
1621247476, 158, 1, 2, 0, 0, 1.08%, 0, 1, 1, 27.62
1621247481, 161, 1, 2, 0, 0, 1.08%, 0, 1, 1, 27.70
1621247486, 164, 1, 2, 0, 0, 1.08%, 0, 1, 1, 27.72
1621247491, 167, 1, 2, 0, 0, 1.08%, 0, 1, 1, 27.71
1621247497, 170, 0, 2, 0, 0, 1.08%, 0, 1, 1, 27.73
1621247502, 173, 0, 2, 0, 0, 1.08%, 0, 1, 1, 27.72
1621247507, 176, 0, 2, 0, 0, 1.08%, 0, 1, 1, 27.74
1621247512, 179, 0, 2, 0, 0, 1.08%, 0, 1, 1, 27.73
1621247517, 181, 1, 2, 0, 0, 1.08%, 0, 1, 1, 27.71
1621247523, 184, 1, 2, 0, 0, 1.08%, 0, 1, 1, 27.76
1621247528, 187, 1, 2, 0, 0, 1.08%, 0, 1, 1, 27.71
1621247533, 190, 1, 2, 0, 0, 1.08%, 0, 1, 1, 27.77
1621247538, 193, 0, 2, 0, 0, 1.08%, 0, 1, 1, 27.75
1621247543, 196, 0, 2, 0, 0, 1.08%, 0, 1, 1, 27.73
1621247549, 199, 0, 2, 0, 0, 1.08%, 0, 1, 1, 27.73
1621247554, 202, 0, 2, 0, 0, 1.08%, 0, 1, 1, 27.75
1621247559, 204, 1, 2, 0, 0, 1.08%, 0, 1, 1, 27.60
1621247564, 207, 1, 2, 0, 0, 1.08%, 0, 1, 1, 27.53
1621247569, 210, 0, 2, 0, 0, 1.08%, 0, 1, 1, 27.64
1621247574, 213, 0, 2, 0, 0, 1.08%, 0, 1, 1, 27.78
1621247579, 216, 0, 2, 0, 0, 1.08%, 0, 1, 1, 27.82
1621247584, 219, 0, 2, 0, 0, 1.08%, 0, 1, 1, 27.85
1621247590, 221, 1, 2, 0, 0, 1.08%, 0, 1, 1, 27.85
1621247595, 224, 1, 2, 0, 0, 1.08%, 0, 1, 1, 27.79
1621247600, 227, 1, 2, 0, 0, 1.08%, 0, 1, 1, 27.82
1621247605, 230, 1, 2, 0, 0, 1.08%, 0, 1, 1, 27.87
1621247610, 233, 1, 2, 0, 0, 1.08%, 0, 1, 1, 27.88
1621247615, 236, 0, 2, 0, 0, 1.08%, 0, 1, 1, 27.85
1621247621, 239, 0, 2, 0, 0, 1.08%, 0, 1, 1, 27.84
1621247626, 242, 0, 2, 0, 0, 1.08%, 0, 1, 1, 27.87
1621247631, 245, 0, 2, 0, 0, 1.08%, 0, 1, 1, 27.85
1621247636, 247, 1, 2, 0, 0, 1.08%, 0, 1, 1, 27.79
1621247641, 250, 1, 2, 0, 0, 1.08%, 0, 1, 1, 27.76
1621247647, 253, 1, 2, 0, 0, 1.08%, 0, 1, 1, 27.81
1621247652, 256, 1, 2, 0, 0, 1.08%, 0, 1, 1, 27.85
1621247657, 259, 0, 2, 0, 0, 1.08%, 0, 1, 1, 27.79
1621247662, 262, 0, 2, 0, 0, 1.08%, 0, 1, 1, 27.79
1621247667, 265, 0, 2, 0, 0, 1.08%, 0, 1, 1, 27.85
1621247672, 268, 0, 2, 0, 0, 1.08%, 0, 1, 1, 27.81
1621247678, 270, 1, 2, 0, 0, 1.08%, 0, 1, 1, 27.85
1621247683, 273, 1, 2, 0, 0, 1.08%, 0, 1, 1, 27.89
1621247688, 276, 1, 2, 0, 0, 1.08%, 0, 1, 1, 27.89
1621247693, 279, 1, 2, 0, 0, 1.08%, 0, 1, 1, 27.96
1621247698, 282, 0, 2, 0, 0, 1.08%, 0, 1, 1, 27.94
1621247703, 285, 0, 2, 0, 0, 1.08%, 0, 1, 1, 27.90
1621247709, 288, 0, 2, 0, 0, 1.08%, 0, 1, 1, 27.98
1621247714, 291, 0, 2, 0, 0, 1.08%, 0, 1, 1, 27.95
1621247719, 293, 1, 2, 0, 0, 1.08%, 0, 1, 1, 27.93
1621247724, 296, 1, 2, 0, 0, 1.08%, 0, 1, 1, 27.93
1621247729, 299, 1, 2, 0, 0, 1.08%, 0, 1, 1, 27.84
1621247734, 302, 1, 2, 0, 0, 1.08%, 0, 1, 1, 27.84
1621247740, 305, 1, 2, 0, 0, 1.08%, 0, 1, 1, 27.83
1621247745, 308, 0, 2, 0, 0, 1.08%, 0, 1, 1, 27.84
1621247750, 311, 0, 2, 0, 0, 1.08%, 0, 1, 1, 27.80
1621247755, 314, 0, 2, 0, 0, 1.08%, 0, 1, 1, 27.94
1621247760, 317, 0, 2, 0, 0, 1.08%, 0, 1, 1, 27.93
1621247765, 319, 1, 2, 0, 0, 1.08%, 0, 1, 1, 27.89
1621247771, 322, 1, 2, 0, 0, 1.08%, 0, 1, 1, 27.90
1621247776, 325, 1, 2, 0, 0, 1.08%, 0, 1, 1, 27.92
1621247781, 328, 1, 2, 0, 0, 1.08%, 0, 1, 1, 27.93
1621247786, 331, 0, 2, 0, 0, 1.08%, 0, 1, 1, 27.87
1621247791, 334, 0, 2, 0, 0, 1.08%, 0, 1, 1, 27.87
1621247796, 337, 0, 2, 0, 0, 1.08%, 0, 1, 1, 27.89
1621247802, 340, 0, 2, 0, 0, 1.08%, 0, 1, 1, 27.87
1621247807, 342, 1, 2, 0, 0, 1.08%, 0, 1, 1, 27.87
1621247812, 345, 1, 2, 0, 0, 1.08%, 0, 1, 1, 27.89
1621247817, 348, 1, 2, 0, 0, 1.08%, 0, 1, 1, 27.86
1621247822, 351, 1, 2, 0, 0, 1.08%, 0, 1, 1, 27.87
1621247827, 354, 0, 2, 0, 0, 1.08%, 0, 1, 1, 27.89
1621247833, 357, 0, 2, 0, 0, 1.08%, 0, 1, 1, 27.91
1621247838, 360, 0, 2, 0, 0, 1.08%, 0, 1, 1, 27.80
1621247843, 363, 0, 2, 0, 0, 1.08%, 0, 1, 1, 27.92
1621247848, 365, 1, 2, 0, 0, 1.08%, 0, 1, 1, 27.93
1621247853, 368, 1, 2, 0, 0, 1.08%, 0, 1, 1, 27.95
1621247858, 371, 1, 2, 0, 0, 1.08%, 0, 1, 1, 27.93
1621247863, 374, 1, 2, 0, 0, 1.08%, 0, 1, 1, 27.89
1621247869, 377, 1, 2, 0, 0, 1.08%, 0, 1, 1, 27.91
1621247874, 380, 0, 2, 0, 0, 1.08%, 0, 1, 1, 27.89
1621247879, 383, 0, 2, 0, 0, 1.08%, 0, 1, 1, 27.94
1621247884, 386, 0, 3, 1, 0, 1.08%, 0, 1, 2, 28.69
