# unix_time, cycles_done, cur_path, paths_total, pending_total, pending_favs, map_size, unique_crashes, unique_hangs, max_depth, execs_per_sec
1619762978, 0, 0, 1, 1, 1, 14.06%, 0, 0, 1, 164.61
1619762983, 0, 0, 10, 10, 1, 15.36%, 0, 0, 2, 165.91
1619762988, 0, 0, 15, 15, 1, 16.02%, 0, 0, 2, 165.30
1619762993, 0, 0, 19, 19, 1, 16.05%, 0, 0, 2, 164.10
1619762998, 0, 0, 20, 20, 1, 16.05%, 0, 0, 2, 80.04
1619763003, 0, 0, 22, 22, 1, 16.05%, 0, 0, 2, 145.34
1619763008, 0, 0, 25, 25, 1, 16.05%, 0, 0, 2, 161.04
1619763013, 0, 0, 30, 30, 1, 16.05%, 0, 0, 2, 165.74
1619763018, 0, 0, 33, 33, 1, 16.05%, 0, 0, 2, 167.20
1619763023, 0, 0, 37, 37, 1, 16.10%, 0, 0, 2, 160.89
1619763028, 0, 0, 40, 40, 1, 16.11%, 0, 0, 2, 166.66
1619763033, 0, 0, 41, 41, 1, 16.11%, 0, 0, 2, 166.43
1619763038, 0, 0, 42, 42, 1, 16.11%, 0, 0, 2, 168.58
1619763043, 0, 0, 43, 43, 1, 16.11%, 0, 0, 2, 169.78
1619763053, 0, 0, 46, 46, 1, 16.11%, 0, 0, 2, 168.20
1619763063, 0, 0, 47, 47, 1, 16.11%, 0, 0, 2, 167.41
1619763068, 0, 0, 50, 50, 1, 16.11%, 0, 0, 2, 167.59
1619763074, 0, 0, 51, 51, 1, 16.11%, 0, 0, 2, 165.55
1619763089, 0, 0, 52, 52, 1, 16.11%, 0, 0, 2, 168.03
1619763094, 0, 0, 54, 54, 1, 16.11%, 0, 0, 2, 167.27
1619763099, 0, 0, 56, 56, 1, 16.11%, 0, 0, 2, 167.99
1619763104, 0, 0, 58, 58, 1, 16.11%, 0, 0, 2, 166.49
1619763109, 0, 0, 59, 59, 1, 16.11%, 0, 0, 2, 166.16
1619763114, 0, 0, 62, 62, 1, 16.13%, 0, 0, 2, 164.79
1619763119, 0, 0, 63, 63, 1, 16.13%, 0, 0, 2, 164.85
1619763129, 0, 0, 64, 64, 1, 16.13%, 0, 0, 2, 166.29
1619763134, 0, 0, 65, 65, 1, 16.13%, 0, 0, 2, 164.58
1619763144, 0, 0, 67, 67, 1, 16.13%, 0, 0, 2, 167.38
1619763149, 0, 0, 68, 68, 1, 16.13%, 0, 0, 2, 166.20
1619763155, 0, 0, 70, 70, 1, 16.13%, 0, 0, 2, 170.11
1619763175, 0, 0, 71, 71, 1, 16.13%, 0, 0, 2, 166.83
1619763205, 0, 0, 72, 72, 1, 16.13%, 0, 0, 2, 166.69
1619763210, 0, 0, 73, 73, 1, 16.13%, 0, 0, 2, 165.59
1619763215, 0, 0, 77, 77, 1, 16.13%, 0, 0, 2, 159.64
1619763220, 0, 0, 88, 88, 1, 16.13%, 0, 0, 2, 166.74
1619763256, 0, 0, 89, 89, 1, 16.13%, 0, 0, 2, 165.13
1619763276, 0, 0, 90, 90, 1, 16.13%, 0, 0, 2, 166.16
1619763281, 0, 0, 91, 91, 1, 16.13%, 0, 0, 2, 167.62
1619763286, 0, 0, 92, 92, 1, 16.13%, 0, 0, 2, 167.11
1619763291, 0, 0, 94, 94, 1, 16.13%, 0, 0, 2, 166.17
1619763296, 0, 0, 95, 95, 1, 16.13%, 0, 0, 2, 166.01
1619763311, 0, 0, 97, 97, 1, 16.13%, 0, 0, 2, 167.71
1619763316, 0, 0, 99, 99, 1, 16.13%, 0, 0, 2, 167.19
1619763327, 0, 0, 100, 100, 1, 16.13%, 0, 0, 2, 166.28
1619763337, 0, 0, 103, 103, 1, 16.13%, 0, 0, 2, 168.22
1619763342, 0, 0, 104, 104, 1, 16.13%, 0, 0, 2, 167.07
1619763352, 0, 0, 105, 105, 1, 16.13%, 0, 0, 2, 164.40
1619763380, 0, 0, 106, 106, 1, 16.13%, 0, 0, 2, 10.05
1619763390, 0, 0, 110, 110, 1, 16.60%, 0, 0, 2, 721.96
1619763395, 0, 0, 113, 113, 1, 16.60%, 0, 0, 2, 800.77
1619763400, 0, 0, 116, 116, 1, 16.60%, 0, 0, 2, 837.87
1619763405, 0, 0, 119, 119, 1, 16.60%, 0, 0, 2, 836.74
1619763410, 0, 0, 120, 120, 1, 16.60%, 0, 0, 2, 832.46
1619763421, 0, 0, 121, 121, 1, 16.60%, 0, 0, 2, 850.89
1619763426, 0, 0, 122, 122, 1, 16.60%, 0, 0, 2, 855.55
1619763431, 0, 0, 124, 124, 1, 16.60%, 0, 0, 2, 860.22
1619763441, 0, 0, 125, 125, 1, 16.60%, 0, 0, 2, 845.10
1619763451, 0, 0, 126, 126, 1, 16.60%, 0, 0, 2, 849.74
1619763457, 0, 0, 130, 130, 1, 16.60%, 0, 0, 2, 831.09
1619763462, 0, 0, 131, 131, 1, 16.60%, 0, 0, 2, 843.11
1619763472, 0, 0, 133, 133, 1, 16.60%, 0, 0, 2, 858.47
1619763492, 0, 0, 134, 134, 1, 16.60%, 0, 0, 2, 836.09
1619763503, 0, 0, 135, 135, 1, 16.60%, 0, 0, 2, 851.09
1619763528, 0, 0, 136, 136, 1, 16.60%, 0, 0, 2, 836.51
1619763533, 0, 0, 137, 137, 1, 16.60%, 0, 0, 2, 819.79
1619763548, 0, 12, 138, 137, 9, 16.60%, 0, 0, 2, 834.73
1619763564, 0, 12, 139, 138, 9, 16.60%, 0, 0, 3, 850.97
1619763599, 0, 12, 140, 139, 9, 16.60%, 0, 0, 3, 830.65
1619763610, 0, 12, 141, 140, 9, 16.60%, 0, 0, 3, 858.57
1619763625, 0, 12, 142, 141, 9, 16.60%, 0, 0, 3, 831.87
1619763630, 0, 12, 143, 142, 9, 16.60%, 0, 0, 3, 825.16
1619763743, 0, 12, 144, 143, 9, 16.60%, 0, 0, 3, 843.68
1619763763, 0, 35, 144, 142, 9, 16.60%, 0, 0, 3, 847.12
1619763768, 0, 35, 145, 143, 9, 16.60%, 0, 0, 3, 859.81
1619763778, 0, 35, 146, 144, 9, 16.60%, 0, 0, 3, 853.17
1619763788, 0, 35, 147, 145, 9, 16.60%, 0, 0, 3, 859.86
1619763819, 0, 35, 148, 146, 9, 16.60%, 0, 0, 3, 848.95
1619763901, 0, 35, 149, 147, 9, 16.60%, 0, 0, 3, 922.46
1619763972, 0, 36, 149, 146, 8, 16.60%, 0, 0, 3, 980.30
1619764008, 0, 36, 150, 147, 8, 16.60%, 0, 0, 3, 848.07
