# unix_time, cycles_done, cur_path, paths_total, pending_total, pending_favs, map_size, unique_crashes, unique_hangs, max_depth, execs_per_sec
1621222344, 0, 0, 3, 3, 1, 1.08%, 0, 0, 1, 15.47
1621222600, 0, 1, 3, 2, 0, 1.08%, 0, 0, 1, 23.69
1621222662, 0, 2, 3, 1, 0, 1.08%, 0, 0, 1, 23.37
1621222724, 1, 0, 3, 0, 0, 1.08%, 0, 0, 1, 23.84
1621222734, 1, 1, 3, 0, 0, 1.08%, 0, 0, 1, 23.94
1621222744, 1, 2, 3, 0, 0, 1.08%, 0, 0, 1, 23.59
1621222749, 2, 0, 3, 0, 0, 1.08%, 0, 0, 1, 23.96
1621222759, 2, 1, 3, 0, 0, 1.08%, 0, 0, 1, 24.09
1621222764, 2, 2, 3, 0, 0, 1.08%, 0, 0, 1, 24.05
1621222770, 3, 0, 3, 0, 0, 1.08%, 0, 0, 1, 23.98
1621222785, 3, 1, 3, 0, 0, 1.08%, 0, 0, 1, 23.44
1621222790, 3, 2, 3, 0, 0, 1.08%, 0, 0, 1, 24.18
1621222795, 4, 0, 3, 0, 0, 1.08%, 0, 0, 1, 23.75
1621222806, 4, 1, 3, 0, 0, 1.08%, 0, 0, 1, 23.99
1621222811, 4, 2, 3, 0, 0, 1.08%, 0, 0, 1, 23.91
1621222816, 5, 0, 3, 0, 0, 1.08%, 0, 0, 1, 24.20
1621222831, 5, 1, 3, 0, 0, 1.08%, 0, 0, 1, 23.90
1621222836, 5, 2, 3, 0, 0, 1.08%, 0, 0, 1, 23.84
1621222841, 6, 0, 3, 0, 0, 1.08%, 0, 0, 1, 23.83
1621222852, 6, 1, 3, 0, 0, 1.08%, 0, 0, 1, 24.14
1621222857, 6, 2, 3, 0, 0, 1.08%, 0, 0, 1, 24.04
1621222862, 7, 0, 3, 0, 0, 1.08%, 0, 0, 1, 24.01
1621222872, 7, 1, 3, 0, 0, 1.08%, 0, 0, 1, 23.71
1621222882, 7, 2, 3, 0, 0, 1.08%, 0, 0, 1, 23.83
1621222887, 8, 0, 3, 0, 0, 1.08%, 0, 0, 1, 24.03
1621222897, 8, 1, 3, 0, 0, 1.08%, 0, 0, 1, 24.05
1621222903, 8, 2, 3, 0, 0, 1.08%, 0, 0, 1, 23.73
1621222913, 9, 0, 3, 0, 0, 1.08%, 0, 0, 1, 24.20
1621222923, 9, 1, 3, 0, 0, 1.08%, 0, 0, 1, 24.05
1621222928, 9, 2, 3, 0, 0, 1.08%, 0, 0, 1, 23.65
1621222938, 10, 0, 3, 0, 0, 1.08%, 0, 0, 1, 23.81
1621222949, 10, 1, 3, 0, 0, 1.08%, 0, 0, 1, 22.76
1621222954, 10, 2, 3, 0, 0, 1.08%, 0, 0, 1, 23.49
1621222964, 11, 0, 3, 0, 0, 1.08%, 0, 0, 1, 23.98
1621222974, 11, 1, 3, 0, 0, 1.08%, 0, 0, 1, 24.28
1621222979, 11, 2, 3, 0, 0, 1.08%, 0, 0, 1, 23.88
1621222984, 12, 0, 3, 0, 0, 1.08%, 0, 0, 1, 23.63
1621223000, 12, 1, 3, 0, 0, 1.08%, 0, 0, 1, 24.37
1621223005, 12, 2, 3, 0, 0, 1.08%, 0, 0, 1, 24.41
1621223015, 13, 0, 3, 0, 0, 1.08%, 0, 0, 1, 23.99
1621223025, 13, 1, 3, 0, 0, 1.08%, 0, 0, 1, 24.04
1621223030, 13, 2, 3, 0, 0, 1.08%, 0, 0, 1, 23.99
1621223035, 14, 0, 3, 0, 0, 1.08%, 0, 0, 1, 24.06
1621223045, 14, 1, 3, 0, 0, 1.08%, 0, 0, 1, 23.79
1621223055, 14, 2, 3, 0, 0, 1.08%, 0, 0, 1, 24.11
1621223061, 15, 0, 3, 0, 0, 1.08%, 0, 0, 1, 24.04
1621223071, 15, 1, 3, 0, 0, 1.08%, 0, 0, 1, 23.85
1621223081, 15, 2, 3, 0, 0, 1.08%, 0, 0, 1, 23.80
1621223086, 16, 0, 3, 0, 0, 1.08%, 0, 0, 1, 23.75
1621223096, 16, 1, 3, 0, 0, 1.08%, 0, 0, 1, 24.02
1621223101, 16, 2, 3, 0, 0, 1.08%, 0, 0, 1, 22.01
1621223112, 17, 0, 3, 0, 0, 1.08%, 0, 0, 1, 23.67
1621223122, 17, 1, 3, 0, 0, 1.08%, 0, 0, 1, 24.05
1621223127, 17, 2, 3, 0, 0, 1.08%, 0, 0, 1, 24.17
1621223132, 18, 0, 3, 0, 0, 1.08%, 0, 0, 1, 24.34
1621223142, 18, 1, 3, 0, 0, 1.08%, 0, 0, 1, 23.86
1621223153, 18, 2, 3, 0, 0, 1.08%, 0, 0, 1, 24.08
1621223158, 19, 0, 3, 0, 0, 1.08%, 0, 0, 1, 24.33
1621223168, 19, 1, 3, 0, 0, 1.08%, 0, 0, 1, 23.48
1621223173, 19, 2, 3, 0, 0, 1.08%, 0, 0, 1, 23.58
1621223178, 20, 0, 3, 0, 0, 1.08%, 0, 0, 1, 24.09
1621223193, 20, 1, 3, 0, 0, 1.08%, 0, 0, 1, 24.03
1621223199, 20, 2, 3, 0, 0, 1.08%, 0, 0, 1, 24.04
1621223204, 21, 0, 3, 0, 0, 1.08%, 0, 0, 1, 24.09
1621223214, 21, 1, 3, 0, 0, 1.08%, 0, 0, 1, 23.97
1621223219, 21, 2, 3, 0, 0, 1.08%, 0, 0, 1, 23.95
1621223224, 22, 0, 3, 0, 0, 1.08%, 0, 0, 1, 23.87
1621223234, 22, 1, 3, 0, 0, 1.08%, 0, 0, 1, 23.63
1621223239, 22, 2, 3, 0, 0, 1.08%, 0, 0, 1, 21.75
1621223250, 23, 0, 3, 0, 0, 1.08%, 0, 0, 1, 24.02
1621223260, 23, 1, 3, 0, 0, 1.08%, 0, 0, 1, 23.87
1621223265, 23, 2, 3, 0, 0, 1.08%, 0, 0, 1, 23.80
1621223270, 24, 0, 3, 0, 0, 1.08%, 0, 0, 1, 23.85
1621223280, 24, 1, 3, 0, 0, 1.08%, 0, 0, 1, 23.78
1621223285, 24, 2, 3, 0, 0, 1.08%, 0, 0, 1, 23.23
1621223296, 25, 0, 3, 0, 0, 1.08%, 0, 0, 1, 23.91
1621223306, 25, 1, 3, 0, 0, 1.08%, 0, 0, 1, 21.12
1621223311, 25, 2, 3, 0, 0, 1.08%, 0, 0, 1, 23.07
1621223321, 26, 0, 3, 0, 0, 1.08%, 0, 0, 1, 23.96
1621223331, 26, 1, 3, 0, 0, 1.08%, 0, 0, 1, 24.03
1621223336, 26, 2, 3, 0, 0, 1.08%, 0, 0, 1, 24.22
1621223342, 27, 0, 3, 0, 0, 1.08%, 0, 0, 1, 23.78
1621223352, 27, 1, 3, 0, 0, 1.08%, 0, 0, 1, 23.45
1621223357, 27, 2, 3, 0, 0, 1.08%, 0, 0, 1, 23.90
1621223362, 28, 0, 3, 0, 0, 1.08%, 0, 0, 1, 23.75
1621223372, 28, 1, 3, 0, 0, 1.08%, 0, 0, 1, 23.20
1621223377, 28, 2, 3, 0, 0, 1.08%, 0, 0, 1, 23.37
1621223382, 29, 0, 3, 0, 0, 1.08%, 0, 0, 1, 23.49
1621223393, 29, 1, 3, 0, 0, 1.08%, 0, 0, 1, 24.04
1621223398, 29, 2, 3, 0, 0, 1.08%, 0, 0, 1, 23.99
1621223403, 30, 0, 3, 0, 0, 1.08%, 0, 0, 1, 24.02
1621223418, 30, 2, 3, 0, 0, 1.08%, 0, 0, 1, 24.61
1621223428, 31, 0, 3, 0, 0, 1.08%, 0, 0, 1, 24.25
1621223439, 31, 1, 3, 0, 0, 1.08%, 0, 0, 1, 22.23
1621223444, 31, 2, 3, 0, 0, 1.08%, 0, 0, 1, 23.81
1621223449, 32, 0, 3, 0, 0, 1.08%, 0, 0, 1, 24.24
1621223464, 32, 1, 3, 0, 0, 1.08%, 0, 0, 1, 23.97
1621223469, 32, 2, 3, 0, 0, 1.08%, 0, 0, 1, 23.60
1621223474, 33, 0, 3, 0, 0, 1.08%, 0, 0, 1, 23.92
1621223485, 33, 1, 3, 0, 0, 1.08%, 0, 0, 1, 24.31
1621223490, 33, 2, 3, 0, 0, 1.08%, 0, 0, 1, 24.53
1621223500, 34, 0, 3, 0, 0, 1.08%, 0, 0, 1, 24.19
1621223510, 34, 1, 3, 0, 0, 1.08%, 0, 0, 1, 23.73
1621223515, 34, 2, 3, 0, 0, 1.08%, 0, 0, 1, 24.21
1621223521, 35, 0, 3, 0, 0, 1.08%, 0, 0, 1, 23.89
1621223531, 35, 1, 3, 0, 0, 1.08%, 0, 0, 1, 23.99
1621223536, 35, 2, 3, 0, 0, 1.08%, 0, 0, 1, 23.96
1621223541, 36, 0, 3, 0, 0, 1.08%, 0, 0, 1, 23.93
