# unix_time, cycles_done, cur_path, paths_total, pending_total, pending_favs, map_size, unique_crashes, unique_hangs, max_depth, execs_per_sec
1621536151, 0, 0, 1, 1, 1, 0.16%, 0, 0, 1, 4.81
1621536663, 1, 0, 1, 0, 0, 0.16%, 0, 0, 1, 7.48
1621536669, 2, 0, 1, 0, 0, 0.16%, 0, 0, 1, 7.41
1621536674, 4, 0, 1, 0, 0, 0.16%, 0, 0, 1, 7.43
1621536679, 5, 0, 1, 0, 0, 0.16%, 0, 0, 1, 7.65
1621536684, 7, 0, 1, 0, 0, 0.16%, 0, 0, 1, 7.56
1621536689, 9, 0, 1, 0, 0, 0.16%, 0, 0, 1, 7.51
1621536694, 10, 0, 1, 0, 0, 0.16%, 0, 0, 1, 7.51
1621536699, 12, 0, 1, 0, 0, 0.16%, 0, 0, 1, 7.50
1621536704, 13, 0, 1, 0, 0, 0.16%, 0, 0, 1, 7.35
1621536709, 15, 0, 1, 0, 0, 0.16%, 0, 0, 1, 7.53
1621536715, 16, 0, 1, 0, 0, 0.16%, 0, 0, 1, 7.52
1621536720, 18, 0, 1, 0, 0, 0.16%, 0, 0, 1, 7.52
1621536725, 19, 0, 1, 0, 0, 0.16%, 0, 0, 1, 7.48
1621536730, 21, 0, 1, 0, 0, 0.16%, 0, 0, 1, 7.49
1621536735, 22, 0, 1, 0, 0, 0.16%, 0, 0, 1, 7.47
1621536740, 24, 0, 1, 0, 0, 0.16%, 0, 0, 1, 7.47
1621536745, 25, 0, 1, 0, 0, 0.16%, 0, 0, 1, 7.44
1621536750, 27, 0, 1, 0, 0, 0.16%, 0, 0, 1, 7.41
1621536755, 28, 0, 1, 0, 0, 0.16%, 0, 0, 1, 7.33
1621536761, 30, 0, 1, 0, 0, 0.16%, 0, 0, 1, 7.42
1621536766, 31, 0, 1, 0, 0, 0.16%, 0, 0, 1, 7.40
1621536771, 33, 0, 1, 0, 0, 0.16%, 0, 0, 1, 7.46
1621536776, 34, 0, 1, 0, 0, 0.16%, 0, 0, 1, 7.53
1621536781, 36, 0, 1, 0, 0, 0.16%, 0, 0, 1, 7.57
1621536786, 37, 0, 1, 0, 0, 0.16%, 0, 0, 1, 7.39
1621536791, 39, 0, 1, 0, 0, 0.16%, 0, 0, 1, 7.43
1621536796, 40, 0, 1, 0, 0, 0.16%, 0, 0, 1, 7.50
1621536801, 42, 0, 1, 0, 0, 0.16%, 0, 0, 1, 7.53
1621536806, 43, 0, 1, 0, 0, 0.16%, 0, 0, 1, 7.50
1621536812, 45, 0, 1, 0, 0, 0.16%, 0, 0, 1, 7.40
1621536817, 47, 0, 1, 0, 0, 0.16%, 0, 0, 1, 7.52
1621536822, 48, 0, 1, 0, 0, 0.16%, 0, 0, 1, 7.40
1621536827, 50, 0, 1, 0, 0, 0.16%, 0, 0, 1, 7.47
1621536832, 51, 0, 1, 0, 0, 0.16%, 0, 0, 1, 7.48
1621536839, 52, 0, 1, 0, 0, 0.16%, 0, 1, 1, 0.20
1621536844, 53, 0, 1, 0, 0, 0.16%, 0, 1, 1, 7.14
1621536849, 55, 0, 1, 0, 0, 0.16%, 0, 1, 1, 7.29
1621536854, 56, 0, 1, 0, 0, 0.16%, 0, 1, 1, 7.29
1621536859, 58, 0, 1, 0, 0, 0.16%, 0, 1, 1, 7.37
1621536864, 59, 0, 1, 0, 0, 0.16%, 0, 1, 1, 7.50
1621536870, 61, 0, 1, 0, 0, 0.16%, 0, 1, 1, 7.51
1621536875, 62, 0, 1, 0, 0, 0.16%, 0, 1, 1, 7.53
1621536880, 64, 0, 1, 0, 0, 0.16%, 0, 1, 1, 7.48
1621536885, 65, 0, 1, 0, 0, 0.16%, 0, 1, 1, 7.48
1621536890, 67, 0, 1, 0, 0, 0.16%, 0, 1, 1, 7.43
1621536895, 68, 0, 1, 0, 0, 0.16%, 0, 1, 1, 7.48
1621536900, 70, 0, 1, 0, 0, 0.16%, 0, 1, 1, 7.44
1621536905, 71, 0, 1, 0, 0, 0.16%, 0, 1, 1, 7.47
1621536910, 73, 0, 1, 0, 0, 0.16%, 0, 1, 1, 7.49
1621536916, 74, 0, 1, 0, 0, 0.16%, 0, 1, 1, 7.41
1621536921, 76, 0, 1, 0, 0, 0.16%, 0, 1, 1, 7.47
1621536926, 77, 0, 1, 0, 0, 0.16%, 0, 1, 1, 7.52
1621536931, 79, 0, 1, 0, 0, 0.16%, 0, 1, 1, 7.43
1621536936, 80, 0, 1, 0, 0, 0.16%, 0, 1, 1, 7.45
1621536941, 82, 0, 1, 0, 0, 0.16%, 0, 1, 1, 7.52
1621536946, 84, 0, 1, 0, 0, 0.16%, 0, 1, 1, 7.53
1621536951, 85, 0, 1, 0, 0, 0.16%, 0, 1, 1, 7.41
1621536956, 87, 0, 1, 0, 0, 0.16%, 0, 1, 1, 7.48
1621536962, 88, 0, 1, 0, 0, 0.16%, 0, 1, 1, 7.37
1621536967, 90, 0, 1, 0, 0, 0.16%, 0, 1, 1, 7.46
1621536972, 91, 0, 1, 0, 0, 0.16%, 0, 1, 1, 7.41
1621536977, 93, 0, 1, 0, 0, 0.16%, 0, 1, 1, 7.39
1621536982, 94, 0, 1, 0, 0, 0.16%, 0, 1, 1, 7.40
1621536987, 96, 0, 1, 0, 0, 0.16%, 0, 1, 1, 7.37
1621536992, 97, 0, 1, 0, 0, 0.16%, 0, 1, 1, 7.43
1621536997, 99, 0, 1, 0, 0, 0.16%, 0, 1, 1, 7.47
1621537003, 100, 0, 1, 0, 0, 0.16%, 0, 1, 1, 7.42
1621537008, 102, 0, 1, 0, 0, 0.16%, 0, 1, 1, 7.43
1621537013, 103, 0, 1, 0, 0, 0.16%, 0, 1, 1, 7.41
1621537018, 105, 0, 1, 0, 0, 0.16%, 0, 1, 1, 7.57
1621537023, 106, 0, 1, 0, 0, 0.16%, 0, 1, 1, 7.50
1621537028, 108, 0, 1, 0, 0, 0.16%, 0, 1, 1, 7.29
1621537033, 109, 0, 1, 0, 0, 0.16%, 0, 1, 1, 7.23
1621537039, 111, 0, 1, 0, 0, 0.16%, 0, 1, 1, 7.29
1621537044, 112, 0, 1, 0, 0, 0.16%, 0, 1, 1, 7.51
1621537049, 114, 0, 1, 0, 0, 0.16%, 0, 1, 1, 7.51
1621537054, 115, 0, 1, 0, 0, 0.16%, 0, 1, 1, 7.31
1621537059, 117, 0, 1, 0, 0, 0.16%, 0, 1, 1, 7.48
1621537064, 118, 0, 1, 0, 0, 0.16%, 0, 1, 1, 7.48
1621537069, 120, 0, 1, 0, 0, 0.16%, 0, 1, 1, 7.45
1621537074, 122, 0, 1, 0, 0, 0.16%, 0, 1, 1, 7.53
1621537080, 123, 0, 1, 0, 0, 0.16%, 0, 1, 1, 7.36
1621537085, 125, 0, 1, 0, 0, 0.16%, 0, 1, 1, 7.33
1621537090, 126, 0, 1, 0, 0, 0.16%, 0, 1, 1, 7.50
1621537095, 128, 0, 1, 0, 0, 0.16%, 0, 1, 1, 7.43
1621537100, 129, 0, 1, 0, 0, 0.16%, 0, 1, 1, 7.47
1621537106, 130, 0, 1, 0, 0, 0.16%, 0, 1, 1, 0.20
1621537112, 131, 0, 1, 0, 0, 0.16%, 0, 1, 1, 7.39
1621537117, 133, 0, 1, 0, 0, 0.16%, 0, 1, 1, 7.46
1621537122, 134, 0, 1, 0, 0, 0.16%, 0, 1, 1, 7.39
1621537127, 136, 0, 1, 0, 0, 0.16%, 0, 1, 1, 7.34
1621537132, 137, 0, 1, 0, 0, 0.16%, 0, 1, 1, 7.44
1621537137, 139, 0, 1, 0, 0, 0.16%, 0, 1, 1, 7.48
1621537142, 140, 0, 1, 0, 0, 0.16%, 0, 1, 1, 7.42
1621537147, 142, 0, 1, 0, 0, 0.16%, 0, 1, 1, 7.50
1621537153, 143, 0, 1, 0, 0, 0.16%, 0, 1, 1, 7.62
1621537158, 145, 0, 1, 0, 0, 0.16%, 0, 1, 1, 7.50
1621537163, 146, 0, 1, 0, 0, 0.16%, 0, 1, 1, 7.51
1621537168, 148, 0, 1, 0, 0, 0.16%, 0, 1, 1, 7.47
1621537173, 149, 0, 1, 0, 0, 0.16%, 0, 1, 1, 7.53
1621537178, 151, 0, 1, 0, 0, 0.16%, 0, 1, 1, 7.48
1621537183, 152, 0, 1, 0, 0, 0.16%, 0, 1, 1, 7.50
1621537188, 154, 0, 1, 0, 0, 0.16%, 0, 1, 1, 7.45
1621537194, 155, 0, 1, 0, 0, 0.16%, 0, 1, 1, 7.49
1621537199, 157, 0, 1, 0, 0, 0.16%, 0, 1, 1, 7.46
1621537204, 159, 0, 1, 0, 0, 0.16%, 0, 1, 1, 7.42
1621537209, 160, 0, 1, 0, 0, 0.16%, 0, 1, 1, 7.48
1621537214, 162, 0, 1, 0, 0, 0.16%, 0, 1, 1, 7.54
1621537219, 163, 0, 1, 0, 0, 0.16%, 0, 1, 1, 7.54
1621537224, 165, 0, 1, 0, 0, 0.16%, 0, 1, 1, 7.40
1621537236, 167, 0, 1, 0, 0, 0.16%, 0, 1, 1, 7.58
1621537241, 168, 0, 1, 0, 0, 0.16%, 0, 1, 1, 7.50
1621537246, 170, 0, 1, 0, 0, 0.16%, 0, 1, 1, 7.48
1621537251, 171, 0, 1, 0, 0, 0.16%, 0, 1, 1, 7.42
1621537256, 173, 0, 1, 0, 0, 0.16%, 0, 1, 1, 7.44
1621537261, 174, 0, 1, 0, 0, 0.16%, 0, 1, 1, 7.34
1621537266, 176, 0, 1, 0, 0, 0.16%, 0, 1, 1, 7.39
1621537271, 177, 0, 1, 0, 0, 0.16%, 0, 1, 1, 7.43
1621537276, 179, 0, 1, 0, 0, 0.16%, 0, 1, 1, 7.23
1621537282, 180, 0, 1, 0, 0, 0.16%, 0, 1, 1, 7.42
1621537287, 182, 0, 1, 0, 0, 0.16%, 0, 1, 1, 7.44
1621537292, 183, 0, 1, 0, 0, 0.16%, 0, 1, 1, 7.40
1621537297, 185, 0, 1, 0, 0, 0.16%, 0, 1, 1, 7.33
1621537302, 186, 0, 1, 0, 0, 0.16%, 0, 1, 1, 7.25
1621537307, 188, 0, 1, 0, 0, 0.16%, 0, 1, 1, 7.20
1621537313, 189, 0, 1, 0, 0, 0.16%, 0, 1, 1, 7.33
1621537318, 191, 0, 1, 0, 0, 0.16%, 0, 1, 1, 7.35
1621537323, 192, 0, 1, 0, 0, 0.16%, 0, 1, 1, 7.33
1621537328, 194, 0, 1, 0, 0, 0.16%, 0, 1, 1, 7.52
1621537333, 195, 0, 1, 0, 0, 0.16%, 0, 1, 1, 7.44
1621537338, 197, 0, 1, 0, 0, 0.16%, 0, 1, 1, 7.37
1621537343, 198, 0, 1, 0, 0, 0.16%, 0, 1, 1, 7.48
1621537349, 200, 0, 1, 0, 0, 0.16%, 0, 1, 1, 7.30
