# unix_time, cycles_done, cur_path, paths_total, pending_total, pending_favs, map_size, unique_crashes, unique_hangs, max_depth, execs_per_sec
1621117692, 0, 0, 24, 24, 7, 2.13%, 0, 0, 1, 5.97
1621117697, 0, 0, 27, 27, 7, 2.14%, 0, 0, 2, 9.20
1621117707, 0, 0, 29, 29, 7, 2.15%, 0, 0, 2, 8.38
1621117712, 0, 0, 30, 30, 7, 2.17%, 0, 0, 2, 6.01
1621117723, 0, 0, 32, 32, 7, 2.17%, 0, 0, 2, 5.04
1621117738, 0, 0, 33, 33, 7, 2.17%, 0, 0, 2, 7.79
1621117743, 0, 0, 34, 34, 7, 2.17%, 0, 0, 2, 5.50
1621117758, 0, 0, 36, 36, 7, 2.17%, 0, 0, 2, 7.78
1621117851, 0, 0, 37, 37, 7, 2.17%, 0, 0, 2, 4.94
1621117856, 0, 0, 38, 38, 7, 2.17%, 0, 0, 2, 4.66
1621117912, 0, 0, 39, 39, 7, 2.17%, 0, 0, 2, 15.78
1621117989, 0, 0, 40, 40, 7, 2.17%, 0, 0, 2, 15.71
1621117994, 0, 0, 42, 42, 7, 2.18%, 0, 0, 2, 15.95
1621117999, 0, 0, 45, 45, 7, 2.18%, 0, 0, 2, 15.25
1621118086, 0, 0, 46, 46, 7, 2.18%, 0, 0, 2, 7.92
1621118091, 0, 0, 47, 47, 7, 2.18%, 0, 0, 2, 7.91
1621118096, 0, 0, 48, 48, 7, 2.18%, 0, 0, 2, 7.90
1621118102, 0, 0, 50, 50, 7, 2.18%, 0, 0, 2, 7.94
1621118107, 0, 0, 51, 51, 7, 2.18%, 0, 0, 2, 8.36
1621118117, 0, 0, 52, 52, 7, 2.18%, 0, 0, 2, 8.07
1621118291, 0, 0, 53, 53, 7, 2.18%, 0, 0, 2, 13.89
1621118460, 0, 0, 54, 54, 7, 2.18%, 0, 0, 2, 7.81
1621118475, 0, 0, 55, 55, 7, 2.18%, 0, 0, 2, 7.91
