# unix_time, cycles_done, cur_path, paths_total, pending_total, pending_favs, map_size, unique_crashes, unique_hangs, max_depth, execs_per_sec
1619739792, 0, 0, 2, 2, 2, 14.05%, 0, 0, 1, 147.60
1619739797, 0, 0, 9, 9, 2, 14.85%, 0, 0, 2, 156.20
1619739802, 0, 0, 15, 15, 2, 15.82%, 0, 0, 2, 155.61
1619739807, 0, 0, 19, 19, 2, 15.84%, 0, 0, 2, 157.51
1619739812, 0, 0, 20, 20, 2, 15.84%, 0, 0, 2, 157.60
1619739817, 0, 0, 30, 30, 2, 15.90%, 0, 0, 2, 157.59
1619739822, 0, 0, 34, 34, 2, 15.90%, 0, 0, 2, 155.83
1619739828, 0, 0, 38, 38, 2, 15.90%, 0, 0, 2, 162.63
1619739833, 0, 0, 40, 40, 2, 15.90%, 0, 0, 2, 154.46
1619739838, 0, 0, 41, 41, 2, 15.90%, 0, 0, 2, 154.45
1619739843, 0, 0, 43, 43, 2, 15.90%, 0, 0, 2, 156.05
1619739848, 0, 0, 45, 45, 2, 15.90%, 0, 0, 2, 142.41
1619739858, 0, 0, 47, 47, 2, 15.90%, 0, 0, 2, 155.75
1619739863, 0, 0, 49, 49, 2, 15.91%, 0, 0, 2, 155.49
1619739868, 0, 0, 51, 51, 2, 15.91%, 0, 0, 2, 161.95
1619739878, 0, 0, 53, 53, 2, 15.91%, 0, 0, 2, 157.52
1619739883, 0, 0, 54, 54, 2, 15.91%, 0, 0, 2, 158.27
1619739893, 0, 0, 55, 55, 2, 15.91%, 0, 0, 2, 156.41
1619739898, 0, 0, 56, 56, 2, 15.91%, 0, 0, 2, 153.88
1619739909, 0, 0, 57, 57, 2, 15.91%, 0, 0, 2, 154.94
1619739914, 0, 0, 68, 68, 2, 15.91%, 0, 0, 2, 156.28
1619739924, 0, 0, 70, 70, 2, 15.91%, 0, 0, 2, 152.76
1619739934, 0, 0, 71, 71, 2, 15.91%, 0, 0, 2, 155.66
1619739939, 0, 0, 72, 72, 2, 15.91%, 0, 0, 2, 153.34
1619739944, 0, 0, 73, 73, 2, 15.91%, 0, 0, 2, 155.48
1619739949, 0, 0, 76, 76, 2, 15.91%, 0, 0, 2, 155.66
1619739960, 0, 0, 77, 77, 2, 15.91%, 0, 0, 2, 152.42
1619739970, 0, 0, 78, 78, 2, 15.91%, 0, 0, 2, 154.33
1619739975, 0, 0, 79, 79, 2, 15.91%, 0, 0, 2, 154.94
1619739985, 0, 0, 80, 80, 2, 15.91%, 0, 0, 2, 158.66
1619739990, 0, 0, 82, 82, 2, 15.91%, 0, 0, 2, 156.04
1619739995, 0, 0, 83, 83, 2, 15.91%, 0, 0, 2, 153.18
1619740000, 0, 0, 85, 85, 2, 15.91%, 0, 0, 2, 155.32
1619740010, 0, 0, 86, 86, 2, 15.91%, 0, 0, 2, 155.14
1619740020, 0, 0, 88, 88, 2, 15.91%, 0, 0, 2, 156.10
1619740036, 0, 0, 89, 89, 2, 15.91%, 0, 0, 2, 159.83
1619740046, 0, 0, 90, 90, 2, 15.91%, 0, 0, 2, 154.01
1619740056, 0, 0, 91, 91, 2, 15.91%, 0, 0, 2, 155.72
1619740081, 0, 0, 97, 97, 2, 15.91%, 0, 0, 2, 166.26
1619740112, 0, 0, 99, 99, 2, 15.91%, 0, 0, 2, 154.07
1619740122, 0, 0, 100, 100, 2, 15.91%, 0, 0, 2, 154.96
1619740142, 0, 0, 102, 102, 2, 15.91%, 0, 0, 2, 154.21
1619740147, 0, 0, 103, 103, 2, 15.91%, 0, 0, 2, 153.51
1619740178, 0, 0, 104, 104, 2, 15.91%, 0, 0, 2, 156.40
1619740183, 0, 0, 105, 105, 2, 15.91%, 0, 0, 2, 152.61
1619740224, 0, 0, 106, 106, 2, 15.91%, 0, 0, 2, 8.12
1619740235, 0, 0, 112, 112, 2, 16.35%, 0, 0, 2, 389.77
1619740240, 0, 0, 114, 114, 2, 16.35%, 0, 0, 2, 485.40
1619740245, 0, 0, 118, 118, 2, 16.35%, 0, 0, 2, 534.66
1619740250, 0, 0, 120, 120, 2, 16.35%, 0, 0, 2, 512.47
1619740255, 0, 0, 121, 121, 2, 16.35%, 0, 0, 2, 497.21
1619740260, 0, 0, 123, 123, 2, 16.35%, 0, 0, 2, 486.23
1619740265, 0, 0, 124, 124, 2, 16.35%, 0, 0, 2, 483.42
1619740276, 0, 0, 126, 126, 2, 16.35%, 0, 0, 2, 502.20
1619740281, 0, 0, 128, 128, 2, 16.35%, 0, 0, 2, 554.96
1619740291, 0, 5, 128, 127, 9, 16.35%, 0, 0, 2, 480.07
1619740311, 0, 5, 129, 128, 9, 16.35%, 0, 0, 3, 588.97
1619740321, 0, 5, 130, 129, 9, 16.35%, 0, 0, 3, 526.45
1619740337, 0, 5, 131, 130, 9, 16.35%, 0, 0, 3, 507.11
1619740342, 0, 5, 132, 131, 9, 16.35%, 0, 0, 3, 541.32
1619740357, 0, 5, 133, 132, 9, 16.35%, 0, 0, 3, 560.99
1619740367, 0, 5, 134, 133, 9, 16.35%, 0, 0, 3, 567.81
1619740377, 0, 5, 135, 134, 9, 16.35%, 0, 0, 3, 515.31
1619740382, 0, 5, 136, 135, 9, 16.35%, 0, 0, 3, 531.28
1619740418, 0, 5, 138, 137, 9, 16.35%, 0, 0, 3, 615.39
1619740423, 0, 5, 139, 138, 9, 16.35%, 0, 0, 3, 611.08
1619740428, 0, 5, 142, 141, 9, 16.35%, 0, 0, 3, 527.10
1619740433, 0, 5, 143, 142, 9, 16.35%, 0, 0, 3, 599.50
1619740438, 0, 23, 143, 141, 8, 16.35%, 0, 0, 3, 632.99
1619740454, 0, 23, 145, 143, 8, 16.35%, 0, 0, 3, 528.32
1619740469, 0, 23, 146, 144, 8, 16.35%, 0, 0, 3, 609.45
1619740504, 0, 23, 147, 145, 8, 16.35%, 0, 0, 3, 604.96
1619740520, 0, 23, 148, 146, 8, 16.35%, 0, 0, 3, 638.25
1619740540, 0, 23, 149, 147, 8, 16.35%, 0, 0, 3, 757.99
1619740565, 0, 25, 150, 147, 7, 16.35%, 0, 0, 3, 632.84
1619740601, 0, 25, 151, 148, 7, 16.35%, 0, 0, 3, 550.32
1619740657, 0, 25, 152, 149, 7, 16.35%, 0, 0, 3, 508.25
1619740713, 0, 47, 152, 148, 6, 16.35%, 0, 0, 3, 645.64
1619740819, 0, 47, 153, 149, 6, 16.35%, 0, 0, 3, 573.85
1619740849, 0, 53, 153, 148, 5, 16.35%, 0, 0, 3, 535.95
1619740865, 0, 53, 154, 149, 5, 16.35%, 0, 0, 3, 641.04
1619740870, 0, 53, 155, 150, 5, 16.35%, 0, 0, 3, 588.24
1619740976, 0, 53, 156, 151, 5, 16.35%, 0, 0, 3, 559.62
1619740981, 0, 57, 156, 150, 4, 16.35%, 0, 0, 3, 527.29
