# unix_time, cycles_done, cur_path, paths_total, pending_total, pending_favs, map_size, unique_crashes, unique_hangs, max_depth, execs_per_sec
1654296497, 0, 0, 2, 2, 1, 0.15%, 0, 0, 1, 63.75
1654296538, 0, 1, 2, 1, 0, 0.15%, 0, 0, 1, 68.87
1654296574, 1, 1, 2, 0, 0, 0.15%, 0, 0, 1, 68.47
1654296579, 3, 0, 2, 0, 0, 0.15%, 0, 0, 1, 68.48
1654296584, 4, 1, 2, 0, 0, 0.15%, 0, 0, 1, 68.65
1654296589, 6, 0, 2, 0, 0, 0.15%, 0, 0, 1, 69.08
1654296594, 7, 1, 2, 0, 0, 0.15%, 0, 0, 1, 68.57
1654296600, 8, 1, 2, 0, 0, 0.15%, 0, 0, 1, 67.99
1654296605, 10, 0, 2, 0, 0, 0.15%, 0, 0, 1, 68.32
1654296610, 11, 1, 2, 0, 0, 0.15%, 0, 0, 1, 67.93
1654296615, 13, 0, 2, 0, 0, 0.15%, 0, 0, 1, 68.16
1654296620, 14, 0, 2, 0, 0, 0.15%, 0, 0, 1, 67.97
1654296625, 15, 1, 2, 0, 0, 0.15%, 0, 0, 1, 70.13
1654296631, 17, 0, 2, 0, 0, 0.15%, 0, 0, 1, 69.55
1654296636, 19, 1, 2, 0, 0, 0.15%, 0, 0, 1, 111.49
1654296641, 22, 0, 2, 0, 0, 0.15%, 0, 0, 1, 131.71
1654296646, 24, 1, 2, 0, 0, 0.15%, 0, 0, 1, 130.24
1654296651, 27, 0, 2, 0, 0, 0.15%, 0, 0, 1, 117.58
1654296656, 29, 0, 2, 0, 0, 0.15%, 0, 0, 1, 100.66
1654296661, 30, 1, 2, 0, 0, 0.15%, 0, 0, 1, 73.79
1654296666, 31, 1, 2, 0, 0, 0.15%, 0, 0, 1, 69.67
1654296671, 33, 0, 2, 0, 0, 0.15%, 0, 0, 1, 69.48
1654296677, 34, 1, 2, 0, 0, 0.15%, 0, 0, 1, 67.04
1654296682, 36, 0, 2, 0, 0, 0.15%, 0, 0, 1, 69.24
1654296687, 37, 0, 2, 0, 0, 0.15%, 0, 0, 1, 68.22
1654296692, 38, 1, 2, 0, 0, 0.15%, 0, 0, 1, 67.98
1654296697, 40, 0, 2, 0, 0, 0.15%, 0, 0, 1, 68.64
1654296702, 41, 1, 2, 0, 0, 0.15%, 0, 0, 1, 69.19
1654296708, 42, 1, 2, 0, 0, 0.15%, 0, 0, 1, 69.53
1654296713, 44, 0, 2, 0, 0, 0.15%, 0, 0, 1, 69.06
1654296718, 45, 1, 2, 0, 0, 0.15%, 0, 0, 1, 69.82
1654296723, 47, 0, 2, 0, 0, 0.15%, 0, 0, 1, 68.45
1654296728, 48, 1, 2, 0, 0, 0.15%, 0, 0, 1, 69.68
1654296733, 49, 1, 2, 0, 0, 0.15%, 0, 0, 1, 69.00
1654296738, 51, 0, 2, 0, 0, 0.15%, 0, 0, 1, 68.55
1654296743, 52, 1, 2, 0, 0, 0.15%, 0, 0, 1, 69.43
1654296748, 53, 1, 2, 0, 0, 0.15%, 0, 0, 1, 68.03
1654296753, 55, 0, 2, 0, 0, 0.15%, 0, 0, 1, 68.53
1654296758, 56, 1, 2, 0, 0, 0.15%, 0, 0, 1, 69.46
1654296763, 58, 0, 2, 0, 0, 0.15%, 0, 0, 1, 67.79
1654296769, 59, 0, 2, 0, 0, 0.15%, 0, 0, 1, 67.52
1654296774, 60, 1, 2, 0, 0, 0.15%, 0, 0, 1, 68.72
1654296779, 62, 0, 2, 0, 0, 0.15%, 0, 0, 1, 69.59
1654296784, 63, 1, 2, 0, 0, 0.15%, 0, 0, 1, 69.05
1654296789, 64, 1, 2, 0, 0, 0.15%, 0, 0, 1, 69.16
1654296794, 66, 0, 2, 0, 0, 0.15%, 0, 0, 1, 69.11
1654296799, 67, 1, 2, 0, 0, 0.15%, 0, 0, 1, 68.91
1654296805, 69, 0, 2, 0, 0, 0.15%, 0, 0, 1, 68.53
1654296810, 70, 0, 2, 0, 0, 0.15%, 0, 0, 1, 69.50
1654296815, 71, 1, 2, 0, 0, 0.15%, 0, 0, 1, 69.58
1654296820, 73, 0, 2, 0, 0, 0.15%, 0, 0, 1, 67.36
1654296825, 74, 1, 2, 0, 0, 0.15%, 0, 0, 1, 68.00
1654296830, 75, 1, 2, 0, 0, 0.15%, 0, 0, 1, 68.42
1654296835, 77, 0, 2, 0, 0, 0.15%, 0, 0, 1, 68.80
1654296840, 78, 1, 2, 0, 0, 0.15%, 0, 0, 1, 69.62
1654296845, 80, 0, 2, 0, 0, 0.15%, 0, 0, 1, 68.86
1654296850, 81, 0, 2, 0, 0, 0.15%, 0, 0, 1, 68.85
1654296856, 82, 1, 2, 0, 0, 0.15%, 0, 0, 1, 69.21
1654296861, 84, 0, 2, 0, 0, 0.15%, 0, 0, 1, 70.26
1654296866, 85, 1, 2, 0, 0, 0.15%, 0, 0, 1, 69.55
1654296871, 86, 1, 2, 0, 0, 0.15%, 0, 0, 1, 70.11
1654296876, 88, 0, 2, 0, 0, 0.15%, 0, 0, 1, 68.29
1654296881, 89, 1, 2, 0, 0, 0.15%, 0, 0, 1, 68.31
1654296886, 91, 0, 2, 0, 0, 0.15%, 0, 0, 1, 68.79
1654296891, 92, 0, 2, 0, 0, 0.15%, 0, 0, 1, 69.00
1654296896, 93, 1, 2, 0, 0, 0.15%, 0, 0, 1, 67.72
1654296902, 95, 0, 2, 0, 0, 0.15%, 0, 0, 1, 67.81
1654296907, 96, 1, 2, 0, 0, 0.15%, 0, 0, 1, 68.68
1654296912, 97, 1, 2, 0, 0, 0.15%, 0, 0, 1, 68.87
1654296917, 99, 0, 2, 0, 0, 0.15%, 0, 0, 1, 68.88
1654296922, 100, 1, 2, 0, 0, 0.15%, 0, 0, 1, 69.63
1654296928, 102, 0, 2, 0, 0, 0.15%, 0, 0, 1, 69.27
1654296933, 103, 1, 2, 0, 0, 0.15%, 0, 0, 1, 68.46
1654296938, 104, 1, 2, 0, 0, 0.15%, 0, 0, 1, 68.79
1654296943, 106, 0, 2, 0, 0, 0.15%, 0, 0, 1, 68.12
1654296948, 107, 1, 2, 0, 0, 0.15%, 0, 0, 1, 69.07
1654296953, 109, 0, 2, 0, 0, 0.15%, 0, 0, 1, 67.09
1654296958, 110, 0, 2, 0, 0, 0.15%, 0, 0, 1, 67.42
1654296963, 111, 1, 2, 0, 0, 0.15%, 0, 0, 1, 67.55
1654296968, 113, 0, 2, 0, 0, 0.15%, 0, 0, 1, 68.39
1654296974, 114, 0, 2, 0, 0, 0.15%, 0, 0, 1, 68.53
1654296979, 115, 1, 2, 0, 0, 0.15%, 0, 0, 1, 68.08
1654296984, 117, 0, 2, 0, 0, 0.15%, 0, 0, 1, 67.54
1654296989, 118, 1, 2, 0, 0, 0.15%, 0, 0, 1, 69.23
1654296994, 120, 0, 2, 0, 0, 0.15%, 0, 0, 1, 67.98
1654296999, 121, 0, 2, 0, 0, 0.15%, 0, 0, 1, 67.49
1654297005, 122, 1, 2, 0, 0, 0.15%, 0, 0, 1, 68.11
1654297010, 124, 0, 2, 0, 0, 0.15%, 0, 0, 1, 68.71
1654297015, 125, 1, 2, 0, 0, 0.15%, 0, 0, 1, 69.08
1654297020, 126, 1, 2, 0, 0, 0.15%, 0, 0, 1, 69.11
1654297025, 128, 0, 2, 0, 0, 0.15%, 0, 0, 1, 68.08
1654297030, 129, 1, 2, 0, 0, 0.15%, 0, 0, 1, 67.86
1654297035, 130, 1, 2, 0, 0, 0.15%, 0, 0, 1, 67.20
1654297041, 132, 0, 2, 0, 0, 0.15%, 0, 0, 1, 68.36
1654297046, 133, 1, 2, 0, 0, 0.15%, 0, 0, 1, 70.16
1654297051, 135, 0, 2, 0, 0, 0.15%, 0, 0, 1, 69.22
1654297056, 136, 0, 2, 0, 0, 0.15%, 0, 0, 1, 68.16
1654297061, 137, 1, 2, 0, 0, 0.15%, 0, 0, 1, 69.32
1654297066, 139, 0, 2, 0, 0, 0.15%, 0, 0, 1, 69.59
1654297071, 140, 1, 2, 0, 0, 0.15%, 0, 0, 1, 68.67
1654297076, 141, 1, 2, 0, 0, 0.15%, 0, 0, 1, 68.09
1654297081, 143, 0, 2, 0, 0, 0.15%, 0, 0, 1, 68.21
1654297087, 144, 1, 2, 0, 0, 0.15%, 0, 0, 1, 68.22
1654297092, 146, 0, 2, 0, 0, 0.15%, 0, 0, 1, 69.08
1654297097, 147, 1, 2, 0, 0, 0.15%, 0, 0, 1, 69.19
1654297102, 148, 1, 2, 0, 0, 0.15%, 0, 0, 1, 68.03
1654297107, 150, 0, 2, 0, 0, 0.15%, 0, 0, 1, 69.29
1654297112, 151, 1, 2, 0, 0, 0.15%, 0, 0, 1, 68.16
1654297121, 152, 1, 2, 0, 0, 0.15%, 0, 1, 1, 0.99
1654297126, 153, 1, 2, 0, 0, 0.15%, 0, 1, 1, 66.72
1654297131, 155, 0, 2, 0, 0, 0.15%, 0, 1, 1, 67.62
1654297136, 156, 1, 2, 0, 0, 0.15%, 0, 1, 1, 67.98
1654297141, 158, 0, 2, 0, 0, 0.15%, 0, 1, 1, 67.95
1654297147, 159, 0, 2, 0, 0, 0.15%, 0, 1, 1, 69.19
1654297152, 159, 1, 2, 0, 0, 0.15%, 0, 1, 1, 0.79
1654297157, 160, 1, 2, 0, 0, 0.15%, 0, 1, 1, 70.17
1654297162, 162, 0, 2, 0, 0, 0.15%, 0, 1, 1, 69.13
1654297167, 163, 1, 2, 0, 0, 0.15%, 0, 1, 1, 69.47
1654297173, 165, 0, 2, 0, 0, 0.15%, 0, 1, 1, 68.81
1654297178, 166, 1, 2, 0, 0, 0.15%, 0, 1, 1, 68.73
1654297183, 167, 1, 2, 0, 0, 0.15%, 0, 1, 1, 68.84
1654297193, 169, 0, 2, 0, 0, 0.15%, 0, 1, 1, 2.13
1654297198, 170, 1, 2, 0, 0, 0.15%, 0, 1, 1, 69.27
1654297203, 171, 1, 2, 0, 0, 0.15%, 0, 1, 1, 69.53
1654297208, 173, 0, 2, 0, 0, 0.15%, 0, 1, 1, 68.25
1654297213, 174, 1, 2, 0, 0, 0.15%, 0, 1, 1, 69.00
1654297218, 176, 0, 2, 0, 0, 0.15%, 0, 1, 1, 69.00
1654297223, 177, 0, 2, 0, 0, 0.15%, 0, 1, 1, 68.74
1654297228, 178, 1, 2, 0, 0, 0.15%, 0, 1, 1, 69.41
1654297233, 180, 0, 2, 0, 0, 0.15%, 0, 1, 1, 69.25
1654297242, 180, 1, 2, 0, 0, 0.15%, 0, 1, 1, 0.60
1654297247, 182, 0, 2, 0, 0, 0.15%, 0, 1, 1, 67.52
1654297252, 183, 1, 2, 0, 0, 0.15%, 0, 1, 1, 68.75
1654297257, 185, 0, 2, 0, 0, 0.15%, 0, 1, 1, 67.87
1654297262, 186, 0, 2, 0, 0, 0.15%, 0, 1, 1, 69.19
1654297271, 187, 0, 2, 0, 0, 0.15%, 0, 1, 1, 1.37
1654297276, 188, 1, 2, 0, 0, 0.15%, 0, 1, 1, 68.79
1654297281, 190, 0, 2, 0, 0, 0.15%, 0, 1, 1, 69.45
1654297286, 191, 1, 2, 0, 0, 0.15%, 0, 1, 1, 68.01
1654297291, 192, 1, 2, 0, 0, 0.15%, 0, 1, 1, 68.15
1654297300, 194, 0, 2, 0, 0, 0.15%, 0, 1, 1, 1.57
1654297305, 195, 0, 2, 0, 0, 0.15%, 0, 1, 1, 68.99
1654297310, 196, 1, 2, 0, 0, 0.15%, 0, 1, 1, 69.08
1654297319, 197, 1, 2, 0, 0, 0.15%, 0, 1, 1, 1.18
1654297324, 199, 0, 2, 0, 0, 0.15%, 0, 1, 1, 69.82
1654297330, 200, 1, 2, 0, 0, 0.15%, 0, 1, 1, 68.91
1654297335, 202, 0, 2, 0, 0, 0.15%, 0, 1, 1, 68.26
1654297340, 203, 0, 2, 0, 0, 0.15%, 0, 1, 1, 68.52
1654297345, 204, 1, 2, 0, 0, 0.15%, 0, 1, 1, 68.64
1654297350, 206, 0, 2, 0, 0, 0.15%, 0, 1, 1, 68.19
1654297355, 207, 1, 2, 0, 0, 0.15%, 0, 1, 1, 68.27
1654297361, 208, 1, 2, 0, 0, 0.15%, 0, 1, 1, 69.15
1654297366, 210, 0, 2, 0, 0, 0.15%, 0, 1, 1, 68.63
1654297371, 211, 1, 2, 0, 0, 0.15%, 0, 1, 1, 68.71
1654297376, 213, 0, 2, 0, 0, 0.15%, 0, 1, 1, 69.17
1654297381, 214, 0, 2, 0, 0, 0.15%, 0, 1, 1, 68.73
1654297386, 215, 1, 2, 0, 0, 0.15%, 0, 1, 1, 69.93
1654297391, 217, 0, 2, 0, 0, 0.15%, 0, 1, 1, 68.61
1654297399, 217, 1, 2, 0, 0, 0.15%, 0, 1, 1, 2.13
1654297404, 219, 0, 2, 0, 0, 0.15%, 0, 1, 1, 68.09
1654297409, 220, 1, 2, 0, 0, 0.15%, 0, 1, 1, 68.79
1654297414, 221, 1, 2, 0, 0, 0.15%, 0, 1, 1, 68.95
1654297419, 223, 0, 2, 0, 0, 0.15%, 0, 1, 1, 69.22
1654297424, 224, 1, 2, 0, 0, 0.15%, 0, 1, 1, 68.76
1654297429, 226, 0, 2, 0, 0, 0.15%, 0, 1, 1, 68.77
1654297438, 227, 0, 2, 0, 0, 0.15%, 0, 1, 1, 1.95
1654297443, 228, 0, 2, 0, 0, 0.15%, 0, 1, 1, 71.16
1654297448, 229, 1, 2, 0, 0, 0.15%, 0, 1, 1, 68.22
1654297453, 231, 0, 2, 0, 0, 0.15%, 0, 1, 1, 68.58
1654297464, 232, 1, 2, 0, 0, 0.15%, 0, 1, 1, 68.51
1654297469, 234, 0, 2, 0, 0, 0.15%, 0, 1, 1, 68.62
1654297475, 235, 1, 2, 0, 0, 0.15%, 0, 1, 1, 67.43
1654297480, 236, 1, 2, 0, 0, 0.15%, 0, 1, 1, 68.12
1654297485, 238, 0, 2, 0, 0, 0.15%, 0, 1, 1, 69.42
1654297496, 239, 1, 2, 0, 0, 0.15%, 0, 1, 1, 67.19
1654297504, 240, 1, 2, 0, 0, 0.15%, 0, 1, 1, 2.51
1654297509, 242, 0, 2, 0, 0, 0.15%, 0, 1, 1, 68.96
1654297514, 243, 1, 2, 0, 0, 0.15%, 0, 1, 1, 76.88
1654297519, 245, 0, 2, 0, 0, 0.15%, 0, 1, 1, 70.95
1654297524, 246, 1, 2, 0, 0, 0.15%, 0, 1, 1, 68.64
1654297532, 247, 0, 2, 0, 0, 0.15%, 0, 1, 1, 2.13
1654297539, 249, 0, 2, 0, 0, 0.15%, 0, 1, 1, 8.54
1654297549, 253, 0, 2, 0, 0, 0.15%, 0, 1, 1, 5.50
1654297554, 253, 1, 2, 0, 0, 0.15%, 0, 1, 1, 5.81
1654297559, 258, 0, 2, 0, 0, 0.15%, 0, 1, 1, 247.75
1654297565, 264, 0, 2, 0, 0, 0.15%, 0, 1, 1, 267.64
1654297579, 267, 1, 2, 0, 0, 0.15%, 0, 2, 1, 3.56
1654297584, 272, 1, 2, 0, 0, 0.15%, 0, 2, 1, 258.10
1654297593, 275, 1, 2, 0, 0, 0.15%, 0, 2, 1, 3.92
1654297598, 280, 1, 2, 0, 0, 0.15%, 0, 2, 1, 245.68
1654297604, 281, 0, 2, 0, 0, 0.15%, 0, 2, 1, 8.55
1654297610, 282, 0, 2, 0, 0, 0.15%, 0, 2, 1, 10.59
1654297618, 284, 1, 2, 0, 0, 0.15%, 0, 2, 1, 8.17
1654297623, 285, 0, 2, 0, 0, 0.15%, 0, 2, 1, 2.38
1654297628, 288, 0, 2, 0, 0, 0.15%, 0, 2, 1, 174.07
1654297633, 291, 1, 2, 0, 0, 0.15%, 0, 2, 1, 169.43
1654297639, 292, 1, 2, 0, 0, 0.15%, 0, 2, 1, 4.14
1654297644, 296, 0, 2, 0, 0, 0.15%, 0, 2, 1, 171.27
1654297649, 301, 1, 2, 0, 0, 0.15%, 0, 2, 1, 260.58
1654297655, 305, 0, 2, 0, 0, 0.15%, 0, 2, 1, 200.67
1654297660, 311, 0, 2, 0, 0, 0.15%, 0, 2, 1, 259.81
1654297666, 311, 1, 2, 0, 0, 0.15%, 0, 2, 1, 3.91
1654297671, 316, 1, 2, 0, 0, 0.15%, 0, 2, 1, 243.19
1654297680, 320, 0, 2, 0, 0, 0.15%, 0, 2, 1, 8.17
1654297690, 325, 0, 2, 0, 0, 0.15%, 0, 2, 1, 258.29
1654297695, 329, 1, 2, 0, 0, 0.15%, 0, 2, 1, 221.58
