# unix_time, cycles_done, cur_path, paths_total, pending_total, pending_favs, map_size, unique_crashes, unique_hangs, max_depth, execs_per_sec
1619755652, 0, 0, 1, 1, 1, 14.06%, 0, 0, 1, 144.40
1619755657, 0, 0, 10, 10, 1, 15.38%, 0, 0, 2, 152.35
1619755662, 0, 0, 13, 13, 1, 16.06%, 0, 0, 2, 157.57
1619755667, 0, 0, 18, 18, 1, 16.07%, 0, 0, 2, 148.42
1619755672, 0, 0, 21, 21, 1, 16.07%, 0, 0, 2, 142.25
1619755677, 0, 0, 23, 23, 1, 16.07%, 0, 0, 2, 148.18
1619755683, 0, 0, 26, 26, 1, 16.07%, 0, 0, 2, 151.70
1619755688, 0, 0, 29, 29, 1, 16.07%, 0, 0, 2, 153.02
1619755693, 0, 0, 35, 35, 1, 16.07%, 0, 0, 2, 153.07
1619755698, 0, 0, 41, 41, 1, 16.13%, 0, 0, 2, 152.75
1619755703, 0, 0, 43, 43, 1, 16.13%, 0, 0, 2, 149.65
1619755708, 0, 0, 45, 45, 1, 16.13%, 0, 0, 2, 150.11
1619755713, 0, 0, 47, 47, 1, 16.13%, 0, 0, 2, 150.70
1619755718, 0, 0, 50, 50, 1, 16.13%, 0, 0, 2, 155.70
1619755733, 0, 0, 51, 51, 1, 16.13%, 0, 0, 2, 14.49
1619755744, 0, 0, 52, 52, 1, 16.13%, 0, 0, 2, 149.94
1619755749, 0, 0, 54, 54, 1, 16.13%, 0, 0, 2, 151.94
1619755769, 0, 0, 55, 55, 1, 16.13%, 0, 0, 2, 151.56
1619755784, 0, 0, 58, 58, 1, 16.14%, 0, 0, 2, 152.46
1619755794, 0, 0, 59, 59, 1, 16.14%, 0, 0, 2, 154.27
1619755805, 0, 0, 60, 60, 1, 16.14%, 0, 0, 2, 154.50
1619755815, 0, 0, 62, 62, 1, 16.14%, 0, 0, 2, 155.39
1619755820, 0, 0, 65, 65, 1, 16.14%, 0, 0, 2, 155.60
1619755825, 0, 0, 67, 67, 1, 16.14%, 0, 0, 2, 156.39
1619755861, 0, 0, 68, 68, 1, 16.14%, 0, 0, 2, 152.94
1619755871, 0, 0, 69, 69, 1, 16.14%, 0, 0, 2, 155.44
1619755881, 0, 0, 74, 74, 1, 16.15%, 0, 0, 2, 150.14
1619755886, 0, 0, 80, 80, 1, 16.15%, 0, 0, 2, 153.22
1619755891, 0, 0, 81, 81, 1, 16.15%, 0, 0, 2, 154.88
1619755911, 0, 0, 82, 82, 1, 16.15%, 0, 0, 2, 153.83
1619755921, 0, 0, 83, 83, 1, 16.15%, 0, 0, 2, 155.03
1619755931, 0, 0, 84, 84, 1, 16.15%, 0, 0, 2, 152.05
1619755936, 0, 0, 85, 85, 1, 16.15%, 0, 0, 2, 151.31
1619755962, 0, 0, 86, 86, 1, 16.15%, 0, 0, 2, 154.41
1619755977, 0, 0, 87, 87, 1, 16.15%, 0, 0, 2, 156.44
1619756002, 0, 0, 88, 88, 1, 16.15%, 0, 0, 2, 154.93
1619756023, 0, 0, 89, 89, 1, 16.15%, 0, 0, 2, 153.70
1619756058, 0, 0, 90, 90, 1, 16.15%, 0, 0, 2, 153.50
1619756069, 0, 0, 91, 91, 1, 16.15%, 0, 0, 2, 156.19
1619756084, 0, 0, 92, 92, 1, 16.15%, 0, 0, 2, 152.18
1619756092, 0, 0, 93, 93, 1, 16.15%, 0, 0, 2, 0.32
1619756097, 0, 0, 95, 95, 1, 16.59%, 0, 0, 2, 283.34
1619756102, 0, 0, 100, 100, 1, 16.59%, 0, 0, 2, 453.62
1619756107, 0, 0, 102, 102, 1, 16.59%, 0, 0, 2, 490.99
1619756112, 0, 0, 104, 104, 1, 16.59%, 0, 0, 2, 501.17
1619756117, 0, 0, 105, 105, 1, 16.59%, 0, 0, 2, 506.02
1619756122, 0, 0, 108, 108, 1, 16.59%, 0, 0, 2, 493.38
1619756137, 0, 0, 109, 109, 1, 16.59%, 0, 0, 2, 557.44
1619756142, 0, 0, 111, 111, 1, 16.59%, 0, 0, 2, 519.76
1619756147, 0, 0, 112, 112, 1, 16.59%, 0, 0, 2, 560.59
1619756152, 0, 0, 113, 113, 1, 16.59%, 0, 0, 2, 515.91
1619756163, 0, 0, 114, 114, 1, 16.59%, 0, 0, 2, 579.36
1619756168, 0, 0, 115, 115, 1, 16.59%, 0, 0, 2, 609.21
1619756173, 0, 0, 116, 116, 1, 16.59%, 0, 0, 2, 589.72
1619756183, 0, 0, 117, 117, 1, 16.59%, 0, 0, 2, 509.50
1619756198, 0, 0, 118, 118, 1, 16.59%, 0, 0, 2, 647.40
1619756208, 0, 0, 119, 119, 1, 16.59%, 0, 0, 2, 565.10
1619756234, 0, 0, 120, 120, 1, 16.59%, 0, 0, 2, 582.30
1619756249, 0, 0, 121, 121, 1, 16.59%, 0, 0, 2, 575.79
1619756254, 0, 0, 122, 122, 1, 16.59%, 0, 0, 2, 543.83
1619756295, 0, 4, 122, 121, 6, 16.59%, 0, 0, 2, 584.22
1619756300, 0, 4, 123, 122, 6, 16.59%, 0, 0, 3, 734.92
1619756340, 0, 4, 124, 123, 6, 16.59%, 0, 0, 3, 530.15
1619756355, 0, 4, 125, 124, 6, 16.59%, 0, 0, 3, 597.52
1619756391, 0, 4, 126, 125, 6, 16.59%, 0, 0, 3, 698.80
1619756396, 0, 4, 127, 126, 6, 16.59%, 0, 0, 3, 561.18
1619756437, 0, 4, 128, 127, 6, 16.59%, 0, 0, 3, 528.87
1619756452, 0, 4, 129, 128, 6, 16.59%, 0, 0, 3, 528.77
1619756467, 0, 4, 130, 129, 6, 16.59%, 0, 0, 3, 540.39
1619756493, 0, 4, 131, 130, 6, 16.59%, 0, 0, 3, 851.27
1619756508, 0, 4, 132, 131, 6, 16.59%, 0, 0, 3, 816.42
1619756523, 0, 4, 134, 133, 6, 16.59%, 0, 0, 3, 818.11
1619756544, 0, 9, 135, 133, 5, 16.59%, 0, 0, 3, 800.46
1619756554, 0, 9, 136, 134, 5, 16.59%, 0, 0, 3, 802.41
1619756599, 0, 9, 137, 135, 5, 16.59%, 0, 0, 3, 803.36
1619756625, 0, 9, 138, 136, 5, 16.59%, 0, 0, 3, 807.40
1619756752, 0, 9, 139, 137, 5, 16.59%, 0, 0, 3, 489.11
1619756777, 0, 26, 139, 136, 5, 16.59%, 0, 0, 3, 518.81
1619756787, 0, 26, 140, 137, 5, 16.59%, 0, 0, 3, 499.51
1619756838, 0, 26, 141, 138, 5, 16.59%, 0, 0, 3, 539.50
1619756853, 0, 26, 142, 139, 5, 16.63%, 0, 0, 3, 524.47
