# unix_time, cycles_done, cur_path, paths_total, pending_total, pending_favs, map_size, unique_crashes, unique_hangs, max_depth, execs_per_sec
1621110728, 0, 0, 10, 10, 5, 1.45%, 0, 0, 1, 18.90
1621110734, 0, 0, 13, 13, 5, 1.46%, 0, 0, 2, 19.77
1621110739, 0, 0, 15, 15, 5, 2.03%, 0, 0, 2, 15.79
1621110744, 0, 0, 18, 18, 5, 2.03%, 0, 0, 2, 15.94
1621110749, 0, 0, 19, 19, 5, 2.03%, 0, 0, 2, 18.94
1621110754, 0, 0, 21, 21, 5, 2.04%, 0, 0, 2, 13.17
1621110800, 0, 0, 26, 26, 5, 2.04%, 0, 0, 2, 14.53
1621110805, 0, 0, 28, 28, 5, 2.04%, 0, 0, 2, 12.59
1621110810, 0, 0, 30, 30, 5, 2.04%, 0, 0, 2, 11.62
1621110815, 0, 0, 33, 33, 5, 2.04%, 0, 0, 2, 10.89
1621110830, 0, 0, 34, 34, 5, 2.04%, 0, 0, 2, 20.21
1621110836, 0, 0, 35, 35, 5, 2.04%, 0, 0, 2, 19.98
1621110887, 0, 0, 37, 37, 5, 2.04%, 0, 0, 2, 15.75
1621110892, 0, 0, 39, 39, 5, 2.05%, 0, 0, 2, 13.10
1621110897, 0, 0, 41, 41, 5, 2.07%, 0, 0, 2, 16.54
1621110902, 0, 0, 44, 44, 5, 2.07%, 0, 0, 2, 17.42
1621110943, 0, 0, 46, 46, 5, 2.07%, 0, 0, 2, 16.80
1621110948, 0, 0, 47, 47, 5, 2.07%, 0, 0, 2, 17.76
1621110953, 0, 0, 50, 50, 5, 2.09%, 0, 0, 2, 18.19
1621110959, 0, 0, 52, 52, 5, 2.10%, 0, 0, 2, 18.61
1621111142, 0, 0, 53, 53, 5, 2.10%, 0, 0, 2, 12.50
1621111199, 0, 0, 58, 58, 5, 2.10%, 0, 0, 2, 17.77
1621111204, 0, 0, 66, 66, 5, 2.10%, 0, 0, 2, 16.31
1621111209, 0, 0, 72, 72, 5, 2.11%, 0, 0, 2, 16.31
1621111214, 0, 0, 73, 73, 5, 2.11%, 0, 0, 2, 12.60
1621111219, 0, 0, 79, 79, 5, 2.11%, 0, 0, 2, 12.47
1621111224, 0, 0, 85, 85, 5, 2.11%, 0, 0, 2, 14.86
1621111229, 0, 0, 92, 92, 5, 2.11%, 0, 0, 2, 21.06
1621111235, 0, 0, 96, 96, 5, 2.11%, 0, 0, 2, 19.69
1621111240, 0, 0, 99, 99, 5, 2.11%, 0, 0, 2, 12.13
1621111245, 0, 0, 103, 103, 5, 2.11%, 0, 0, 2, 10.48
1621111250, 0, 0, 107, 107, 5, 2.11%, 0, 0, 2, 10.73
1621111255, 0, 0, 111, 111, 5, 2.11%, 0, 0, 2, 12.63
1621111260, 0, 0, 113, 113, 5, 2.16%, 0, 0, 2, 14.14
1621111265, 0, 0, 119, 119, 5, 2.19%, 0, 0, 2, 14.16
1621111270, 0, 0, 125, 125, 5, 2.19%, 0, 0, 2, 12.16
1621111275, 0, 0, 130, 130, 5, 2.19%, 0, 0, 2, 11.47
1621111281, 0, 0, 132, 132, 5, 2.19%, 0, 0, 2, 9.18
1621111286, 0, 0, 136, 136, 5, 2.19%, 0, 0, 2, 9.56
