# unix_time, cycles_done, cur_path, paths_total, pending_total, pending_favs, map_size, unique_crashes, unique_hangs, max_depth, execs_per_sec
1621122485, 0, 0, 2, 2, 1, 1.97%, 0, 0, 1, 4.41
1621122490, 0, 0, 4, 4, 1, 1.97%, 0, 0, 2, 4.45
1621122501, 0, 0, 5, 5, 1, 1.97%, 0, 0, 2, 4.59
1621122521, 0, 0, 6, 6, 1, 1.97%, 0, 0, 2, 4.51
1621122542, 0, 0, 7, 7, 1, 1.97%, 0, 0, 2, 4.18
1621122794, 0, 0, 8, 8, 1, 1.97%, 0, 0, 2, 9.48
1621122942, 0, 0, 10, 10, 1, 1.99%, 0, 0, 2, 8.22
1621122947, 0, 0, 13, 13, 1, 1.99%, 0, 0, 2, 8.20
1621122953, 0, 0, 14, 14, 1, 1.99%, 0, 0, 2, 8.17
1621122958, 0, 0, 16, 16, 1, 1.99%, 0, 0, 2, 8.20
1621122963, 0, 0, 18, 18, 1, 2.01%, 0, 0, 2, 8.23
1621123066, 0, 0, 19, 19, 1, 2.01%, 0, 0, 2, 7.71
1621123071, 0, 0, 21, 21, 1, 2.01%, 0, 0, 2, 7.56
1621123081, 0, 0, 22, 22, 1, 2.01%, 0, 0, 2, 7.99
1621123086, 0, 0, 25, 25, 1, 2.04%, 0, 0, 2, 7.93
1621123091, 0, 0, 27, 27, 1, 2.04%, 0, 0, 2, 8.64
1621123096, 0, 0, 29, 29, 1, 2.05%, 0, 0, 2, 8.94
1621123102, 0, 0, 30, 30, 1, 2.05%, 0, 0, 2, 8.30
1621123557, 0, 0, 31, 31, 1, 2.05%, 0, 0, 2, 8.26
1621123578, 0, 0, 32, 32, 1, 2.05%, 0, 0, 2, 8.26
1621123629, 0, 0, 36, 36, 1, 2.05%, 0, 0, 2, 8.95
1621123634, 0, 0, 37, 37, 1, 2.05%, 0, 0, 2, 9.10
1621123639, 0, 0, 40, 40, 1, 2.05%, 0, 0, 2, 9.72
1621123644, 0, 0, 41, 41, 1, 2.05%, 0, 0, 2, 9.75
1621123649, 0, 0, 47, 47, 1, 2.05%, 0, 0, 2, 15.73
1621123654, 0, 0, 50, 50, 1, 2.09%, 0, 0, 2, 20.35
1621123660, 0, 0, 52, 52, 1, 2.09%, 0, 0, 2, 14.31
1621123665, 0, 0, 53, 53, 1, 2.09%, 0, 0, 2, 10.62
1621123670, 0, 0, 56, 56, 1, 2.09%, 0, 0, 2, 9.15
1621123675, 0, 0, 59, 59, 1, 2.09%, 0, 0, 2, 10.17
1621123680, 0, 0, 62, 62, 1, 2.11%, 0, 0, 2, 15.15
