# unix_time, cycles_done, cur_path, paths_total, pending_total, pending_favs, map_size, unique_crashes, unique_hangs, max_depth, execs_per_sec
1654329359, 0, 0, 1, 1, 1, 0.23%, 0, 0, 1, 55.56
1654329374, 0, 0, 2, 2, 1, 3.31%, 0, 0, 2, 65.75
1654329400, 0, 1, 2, 1, 1, 3.31%, 0, 0, 2, 63.20
1654329406, 0, 1, 4, 3, 1, 3.31%, 0, 0, 3, 5.17
1654329570, 0, 1, 5, 4, 1, 3.31%, 0, 0, 3, 3.57
1654329866, 0, 1, 6, 5, 1, 3.32%, 0, 0, 3, 6.45
1654329943, 0, 5, 6, 4, 1, 3.32%, 0, 0, 3, 3.40
1654329994, 0, 5, 7, 5, 1, 3.34%, 0, 0, 4, 4.13
1654330563, 0, 5, 8, 6, 1, 3.36%, 0, 0, 4, 4.35
