# unix_time, cycles_done, cur_path, paths_total, pending_total, pending_favs, map_size, unique_crashes, unique_hangs, max_depth, execs_per_sec
1621116430, 0, 0, 25, 25, 7, 2.21%, 0, 0, 1, 11.57
1621116435, 0, 0, 27, 27, 7, 2.22%, 0, 0, 2, 10.13
1621116440, 0, 0, 28, 28, 7, 2.22%, 0, 0, 2, 9.57
1621116451, 0, 0, 31, 31, 7, 2.22%, 0, 0, 2, 9.76
1621116456, 0, 0, 32, 32, 7, 2.22%, 0, 0, 2, 9.61
1621116471, 0, 0, 34, 34, 7, 2.22%, 0, 0, 2, 9.71
1621116491, 0, 0, 35, 35, 7, 2.22%, 0, 0, 2, 10.62
1621116604, 0, 0, 40, 40, 7, 2.23%, 0, 0, 2, 9.29
1621116651, 0, 0, 41, 41, 7, 2.23%, 0, 0, 2, 9.69
1621116810, 0, 0, 43, 43, 7, 2.24%, 0, 0, 2, 8.77
1621116820, 0, 0, 45, 45, 7, 2.24%, 0, 0, 2, 9.04
1621116825, 0, 0, 47, 47, 7, 2.26%, 0, 0, 2, 9.14
1621116830, 0, 0, 49, 49, 7, 2.26%, 0, 0, 2, 9.13
1621116835, 0, 0, 51, 51, 7, 2.26%, 0, 0, 2, 9.87
1621116840, 0, 0, 52, 52, 7, 2.26%, 0, 0, 2, 9.29
1621116846, 0, 0, 54, 54, 7, 2.26%, 0, 0, 2, 9.60
1621116851, 0, 0, 55, 55, 7, 2.26%, 0, 0, 2, 9.10
1621117050, 0, 0, 57, 57, 7, 2.26%, 0, 0, 2, 8.92
1621117066, 0, 0, 58, 58, 7, 2.26%, 0, 0, 2, 9.01
1621117523, 0, 0, 58, 58, 7, 2.26%, 1, 0, 2, 9.65
