# unix_time, cycles_done, cur_path, paths_total, pending_total, pending_favs, map_size, unique_crashes, unique_hangs, max_depth, execs_per_sec
1621527632, 0, 0, 1, 1, 1, 0.16%, 0, 0, 1, 7.09
1621528104, 1, 0, 1, 0, 0, 0.16%, 0, 0, 1, 7.60
1621528110, 3, 0, 1, 0, 0, 0.16%, 0, 0, 1, 7.63
1621528115, 5, 0, 1, 0, 0, 0.16%, 0, 0, 1, 7.55
1621528120, 6, 0, 1, 0, 0, 0.16%, 0, 0, 1, 7.48
1621528125, 8, 0, 1, 0, 0, 0.16%, 0, 0, 1, 7.40
1621528130, 9, 0, 1, 0, 0, 0.16%, 0, 0, 1, 7.38
1621528135, 11, 0, 1, 0, 0, 0.16%, 0, 0, 1, 7.53
1621528140, 12, 0, 1, 0, 0, 0.16%, 0, 0, 1, 7.35
1621528146, 14, 0, 1, 0, 0, 0.16%, 0, 0, 1, 7.40
1621528151, 15, 0, 1, 0, 0, 0.16%, 0, 0, 1, 7.50
1621528156, 17, 0, 1, 0, 0, 0.16%, 0, 0, 1, 7.55
1621528161, 18, 0, 1, 0, 0, 0.16%, 0, 0, 1, 7.55
1621528166, 20, 0, 1, 0, 0, 0.16%, 0, 0, 1, 7.55
1621528171, 21, 0, 1, 0, 0, 0.16%, 0, 0, 1, 7.65
1621528176, 23, 0, 1, 0, 0, 0.16%, 0, 0, 1, 7.54
1621528182, 25, 0, 1, 0, 0, 0.16%, 0, 0, 1, 7.58
1621528187, 26, 0, 1, 0, 0, 0.16%, 0, 0, 1, 7.39
1621528192, 28, 0, 1, 0, 0, 0.16%, 0, 0, 1, 7.48
1621528197, 29, 0, 1, 0, 0, 0.16%, 0, 0, 1, 7.49
1621528202, 31, 0, 1, 0, 0, 0.16%, 0, 0, 1, 7.51
1621528207, 32, 0, 1, 0, 0, 0.16%, 0, 0, 1, 7.64
1621528212, 34, 0, 1, 0, 0, 0.16%, 0, 0, 1, 7.62
1621528218, 35, 0, 1, 0, 0, 0.16%, 0, 0, 1, 7.65
1621528223, 37, 0, 1, 0, 0, 0.16%, 0, 0, 1, 7.45
1621528228, 38, 0, 1, 0, 0, 0.16%, 0, 0, 1, 7.51
1621528233, 40, 0, 1, 0, 0, 0.16%, 0, 0, 1, 7.29
1621528238, 41, 0, 1, 0, 0, 0.16%, 0, 0, 1, 7.52
1621528243, 43, 0, 1, 0, 0, 0.16%, 0, 0, 1, 7.41
1621528249, 44, 0, 1, 0, 0, 0.16%, 0, 0, 1, 7.40
1621528254, 46, 0, 1, 0, 0, 0.16%, 0, 0, 1, 7.41
1621528259, 47, 0, 1, 0, 0, 0.16%, 0, 0, 1, 7.58
1621528264, 49, 0, 1, 0, 0, 0.16%, 0, 0, 1, 7.62
1621528269, 51, 0, 1, 0, 0, 0.16%, 0, 0, 1, 7.59
1621528274, 52, 0, 1, 0, 0, 0.16%, 0, 0, 1, 7.63
1621528279, 54, 0, 1, 0, 0, 0.16%, 0, 0, 1, 7.58
1621528284, 55, 0, 1, 0, 0, 0.16%, 0, 0, 1, 7.71
1621528290, 57, 0, 1, 0, 0, 0.16%, 0, 0, 1, 7.44
1621528295, 58, 0, 1, 0, 0, 0.16%, 0, 0, 1, 7.65
1621528300, 60, 0, 1, 0, 0, 0.16%, 0, 0, 1, 7.44
1621528305, 61, 0, 1, 0, 0, 0.16%, 0, 0, 1, 7.48
1621528310, 63, 0, 1, 0, 0, 0.16%, 0, 0, 1, 7.59
1621528315, 64, 0, 1, 0, 0, 0.16%, 0, 0, 1, 7.60
1621528320, 66, 0, 1, 0, 0, 0.16%, 0, 0, 1, 7.46
1621528325, 67, 0, 1, 0, 0, 0.16%, 0, 0, 1, 7.45
1621528330, 69, 0, 1, 0, 0, 0.16%, 0, 0, 1, 7.55
1621528336, 71, 0, 1, 0, 0, 0.16%, 0, 0, 1, 7.64
1621528345, 72, 0, 1, 0, 0, 0.16%, 0, 1, 1, 0.39
1621528351, 74, 0, 1, 0, 0, 0.16%, 0, 1, 1, 7.49
1621528356, 75, 0, 1, 0, 0, 0.16%, 0, 1, 1, 7.51
1621528361, 77, 0, 1, 0, 0, 0.16%, 0, 1, 1, 7.72
1621528366, 78, 0, 1, 0, 0, 0.16%, 0, 1, 1, 7.51
1621528371, 80, 0, 1, 0, 0, 0.16%, 0, 1, 1, 7.41
1621528376, 81, 0, 1, 0, 0, 0.16%, 0, 1, 1, 7.50
1621528381, 83, 0, 1, 0, 0, 0.16%, 0, 1, 1, 7.61
1621528386, 84, 0, 1, 0, 0, 0.16%, 0, 1, 1, 7.56
1621528391, 86, 0, 1, 0, 0, 0.16%, 0, 1, 1, 7.47
1621528397, 87, 0, 1, 0, 0, 0.16%, 0, 1, 1, 7.24
1621528402, 89, 0, 1, 0, 0, 0.16%, 0, 1, 1, 7.37
1621528407, 90, 0, 1, 0, 0, 0.16%, 0, 1, 1, 7.34
1621528412, 92, 0, 1, 0, 0, 0.16%, 0, 1, 1, 7.29
1621528417, 93, 0, 1, 0, 0, 0.16%, 0, 1, 1, 7.59
1621528422, 95, 0, 1, 0, 0, 0.16%, 0, 1, 1, 7.60
1621528429, 96, 0, 1, 0, 0, 0.16%, 0, 2, 1, 0.39
1621528434, 97, 0, 1, 0, 0, 0.16%, 0, 2, 1, 7.39
1621528439, 99, 0, 1, 0, 0, 0.16%, 0, 2, 1, 7.28
1621528444, 100, 0, 1, 0, 0, 0.16%, 0, 2, 1, 7.35
1621528449, 102, 0, 1, 0, 0, 0.16%, 0, 2, 1, 7.43
1621528455, 103, 0, 1, 0, 0, 0.16%, 0, 2, 1, 7.55
1621528460, 105, 0, 1, 0, 0, 0.16%, 0, 2, 1, 7.36
1621528465, 106, 0, 1, 0, 0, 0.16%, 0, 2, 1, 7.56
1621528470, 108, 0, 1, 0, 0, 0.16%, 0, 2, 1, 7.46
1621528475, 109, 0, 1, 0, 0, 0.16%, 0, 2, 1, 7.24
1621528480, 111, 0, 1, 0, 0, 0.16%, 0, 2, 1, 7.52
1621528485, 112, 0, 1, 0, 0, 0.16%, 0, 2, 1, 7.25
1621528491, 114, 0, 1, 0, 0, 0.16%, 0, 2, 1, 7.60
1621528496, 115, 0, 1, 0, 0, 0.16%, 0, 2, 1, 7.54
1621528501, 117, 0, 1, 0, 0, 0.16%, 0, 2, 1, 7.34
1621528506, 118, 0, 1, 0, 0, 0.16%, 0, 2, 1, 7.18
1621528511, 120, 0, 1, 0, 0, 0.16%, 0, 2, 1, 7.44
1621528516, 121, 0, 1, 0, 0, 0.16%, 0, 2, 1, 7.25
1621528521, 123, 0, 1, 0, 0, 0.16%, 0, 2, 1, 7.69
1621528530, 124, 0, 1, 0, 0, 0.16%, 0, 2, 1, 0.20
1621528535, 125, 0, 1, 0, 0, 0.16%, 0, 2, 1, 7.63
1621528540, 127, 0, 1, 0, 0, 0.16%, 0, 2, 1, 7.50
1621528545, 129, 0, 1, 0, 0, 0.16%, 0, 2, 1, 7.55
1621528550, 130, 0, 1, 0, 0, 0.16%, 0, 2, 1, 7.61
1621528555, 132, 0, 1, 0, 0, 0.16%, 0, 2, 1, 7.60
1621528561, 133, 0, 1, 0, 0, 0.16%, 0, 2, 1, 7.62
1621528566, 135, 0, 1, 0, 0, 0.16%, 0, 2, 1, 7.63
1621528571, 136, 0, 1, 0, 0, 0.16%, 0, 2, 1, 7.54
1621528576, 138, 0, 1, 0, 0, 0.16%, 0, 2, 1, 7.56
1621528581, 139, 0, 1, 0, 0, 0.16%, 0, 2, 1, 7.42
1621528586, 141, 0, 1, 0, 0, 0.16%, 0, 2, 1, 7.48
1621528591, 143, 0, 1, 0, 0, 0.16%, 0, 2, 1, 7.57
1621528597, 144, 0, 1, 0, 0, 0.16%, 0, 2, 1, 7.54
1621528602, 146, 0, 1, 0, 0, 0.16%, 0, 2, 1, 7.41
1621528607, 147, 0, 1, 0, 0, 0.16%, 0, 2, 1, 7.47
1621528612, 149, 0, 1, 0, 0, 0.16%, 0, 2, 1, 7.57
1621528617, 150, 0, 1, 0, 0, 0.16%, 0, 2, 1, 7.53
1621528622, 152, 0, 1, 0, 0, 0.16%, 0, 2, 1, 7.41
1621528627, 153, 0, 1, 0, 0, 0.16%, 0, 2, 1, 7.36
1621528632, 155, 0, 1, 0, 0, 0.16%, 0, 2, 1, 7.60
1621528637, 156, 0, 1, 0, 0, 0.16%, 0, 2, 1, 7.63
1621528643, 158, 0, 1, 0, 0, 0.16%, 0, 2, 1, 7.84
1621528648, 159, 0, 1, 0, 0, 0.16%, 0, 2, 1, 7.51
1621528653, 161, 0, 1, 0, 0, 0.16%, 0, 2, 1, 7.50
1621528658, 163, 0, 1, 0, 0, 0.16%, 0, 2, 1, 7.72
1621528663, 164, 0, 1, 0, 0, 0.16%, 0, 2, 1, 7.33
1621528668, 165, 0, 1, 0, 0, 0.16%, 0, 2, 1, 7.50
1621528673, 167, 0, 1, 0, 0, 0.16%, 0, 2, 1, 7.60
1621528678, 169, 0, 1, 0, 0, 0.16%, 0, 2, 1, 7.53
1621528683, 170, 0, 1, 0, 0, 0.16%, 0, 2, 1, 7.51
1621528689, 172, 0, 1, 0, 0, 0.16%, 0, 2, 1, 7.42
1621528694, 173, 0, 1, 0, 0, 0.16%, 0, 2, 1, 7.34
1621528699, 175, 0, 1, 0, 0, 0.16%, 0, 2, 1, 7.42
1621528704, 176, 0, 1, 0, 0, 0.16%, 0, 2, 1, 7.39
1621528709, 178, 0, 1, 0, 0, 0.16%, 0, 2, 1, 8.22
1621528718, 180, 0, 1, 0, 0, 0.16%, 0, 2, 1, 0.39
1621528723, 183, 0, 1, 0, 0, 0.16%, 0, 2, 1, 15.06
1621528728, 186, 0, 1, 0, 0, 0.16%, 0, 2, 1, 15.03
1621528733, 189, 0, 1, 0, 0, 0.16%, 0, 2, 1, 14.95
1621528738, 192, 0, 1, 0, 0, 0.16%, 0, 2, 1, 14.92
1621528743, 195, 0, 1, 0, 0, 0.16%, 0, 2, 1, 15.14
1621528750, 196, 0, 1, 0, 0, 0.16%, 0, 2, 1, 0.39
1621528755, 200, 0, 1, 0, 0, 0.16%, 0, 2, 1, 14.63
1621528760, 203, 0, 1, 0, 0, 0.16%, 0, 2, 1, 14.93
1621528765, 206, 0, 1, 0, 0, 0.16%, 0, 2, 1, 15.10
1621528772, 207, 0, 1, 0, 0, 0.16%, 0, 2, 1, 0.39
1621528782, 210, 0, 1, 0, 0, 0.16%, 0, 2, 1, 15.02
1621528787, 213, 0, 1, 0, 0, 0.16%, 0, 2, 1, 14.98
1621528793, 216, 0, 1, 0, 0, 0.16%, 0, 2, 1, 14.98
1621528798, 219, 0, 1, 0, 0, 0.16%, 0, 2, 1, 14.89
1621528803, 222, 0, 1, 0, 0, 0.16%, 0, 2, 1, 14.88
1621528808, 225, 0, 1, 0, 0, 0.16%, 0, 2, 1, 14.98
1621528813, 228, 0, 1, 0, 0, 0.16%, 0, 2, 1, 15.01
1621528818, 231, 0, 1, 0, 0, 0.16%, 0, 2, 1, 15.03
1621528823, 234, 0, 1, 0, 0, 0.16%, 0, 2, 1, 14.78
1621528828, 238, 0, 1, 0, 0, 0.16%, 0, 2, 1, 14.88
1621528834, 240, 0, 2, 1, 0, 0.16%, 0, 2, 2, 298.55
