# unix_time, cycles_done, cur_path, paths_total, pending_total, pending_favs, map_size, unique_crashes, unique_hangs, max_depth, execs_per_sec
1654319623, 0, 0, 1, 1, 1, 0.00%, 0, 0, 1, 62.99
1654319659, 3, 0, 1, 0, 0, 0.00%, 0, 0, 1, 79.53
1654319664, 6, 0, 1, 0, 0, 0.00%, 0, 0, 1, 79.14
1654319670, 10, 0, 1, 0, 0, 0.00%, 0, 0, 1, 79.56
1654319675, 13, 0, 1, 0, 0, 0.00%, 0, 0, 1, 78.39
1654319680, 16, 0, 1, 0, 0, 0.00%, 0, 0, 1, 77.25
1654319685, 19, 0, 1, 0, 0, 0.00%, 0, 0, 1, 74.29
1654319690, 22, 0, 1, 0, 0, 0.00%, 0, 0, 1, 75.39
1654319695, 25, 0, 1, 0, 0, 0.00%, 0, 0, 1, 77.12
1654319700, 28, 0, 1, 0, 0, 0.00%, 0, 0, 1, 78.25
1654319705, 31, 0, 1, 0, 0, 0.00%, 0, 0, 1, 75.80
1654319710, 34, 0, 1, 0, 0, 0.00%, 0, 0, 1, 75.32
1654319716, 37, 0, 1, 0, 0, 0.00%, 0, 0, 1, 75.13
1654319721, 40, 0, 1, 0, 0, 0.00%, 0, 0, 1, 74.79
1654319726, 43, 0, 1, 0, 0, 0.00%, 0, 0, 1, 74.72
1654319731, 46, 0, 1, 0, 0, 0.00%, 0, 0, 1, 77.10
1654319736, 49, 0, 1, 0, 0, 0.00%, 0, 0, 1, 75.53
1654319741, 52, 0, 1, 0, 0, 0.00%, 0, 0, 1, 75.60
1654319746, 55, 0, 1, 0, 0, 0.00%, 0, 0, 1, 75.70
1654319752, 58, 0, 1, 0, 0, 0.00%, 0, 0, 1, 76.05
1654319757, 61, 0, 1, 0, 0, 0.00%, 0, 0, 1, 76.23
1654319762, 64, 0, 1, 0, 0, 0.00%, 0, 0, 1, 78.45
1654319767, 67, 0, 1, 0, 0, 0.00%, 0, 0, 1, 75.34
1654319772, 70, 0, 1, 0, 0, 0.00%, 0, 0, 1, 75.35
1654319777, 74, 0, 1, 0, 0, 0.00%, 0, 0, 1, 79.37
1654319782, 77, 0, 1, 0, 0, 0.00%, 0, 0, 1, 75.99
1654319787, 80, 0, 1, 0, 0, 0.00%, 0, 0, 1, 75.09
1654319792, 82, 0, 1, 0, 0, 0.00%, 0, 0, 1, 75.67
1654319797, 86, 0, 1, 0, 0, 0.00%, 0, 0, 1, 74.81
1654319803, 89, 0, 1, 0, 0, 0.00%, 0, 0, 1, 74.39
1654319808, 92, 0, 1, 0, 0, 0.00%, 0, 0, 1, 75.73
1654319813, 94, 0, 1, 0, 0, 0.00%, 0, 0, 1, 73.82
1654319818, 97, 0, 1, 0, 0, 0.00%, 0, 0, 1, 77.27
1654319823, 101, 0, 1, 0, 0, 0.00%, 0, 0, 1, 79.33
1654319828, 104, 0, 1, 0, 0, 0.00%, 0, 0, 1, 76.90
1654319833, 107, 0, 1, 0, 0, 0.00%, 0, 0, 1, 78.28
1654319838, 110, 0, 1, 0, 0, 0.00%, 0, 0, 1, 79.13
1654319844, 113, 0, 1, 0, 0, 0.00%, 0, 0, 1, 79.25
1654319849, 116, 0, 1, 0, 0, 0.00%, 0, 0, 1, 76.34
1654319854, 119, 0, 1, 0, 0, 0.00%, 0, 0, 1, 75.40
1654319859, 122, 0, 1, 0, 0, 0.00%, 0, 0, 1, 75.41
1654319864, 125, 0, 1, 0, 0, 0.00%, 0, 0, 1, 75.42
1654319869, 129, 0, 1, 0, 0, 0.00%, 0, 0, 1, 78.51
1654319874, 132, 0, 1, 0, 0, 0.00%, 0, 0, 1, 75.96
1654319879, 135, 0, 1, 0, 0, 0.00%, 0, 0, 1, 74.70
1654319885, 138, 0, 1, 0, 0, 0.00%, 0, 0, 1, 79.83
1654319890, 141, 0, 1, 0, 0, 0.00%, 0, 0, 1, 76.35
1654319895, 144, 0, 1, 0, 0, 0.00%, 0, 0, 1, 80.40
1654319900, 147, 0, 1, 0, 0, 0.00%, 0, 0, 1, 76.31
1654319905, 150, 0, 1, 0, 0, 0.00%, 0, 0, 1, 76.02
1654319910, 153, 0, 1, 0, 0, 0.00%, 0, 0, 1, 74.55
1654319915, 156, 0, 1, 0, 0, 0.00%, 0, 0, 1, 75.28
1654319921, 159, 0, 1, 0, 0, 0.00%, 0, 0, 1, 79.71
1654319926, 162, 0, 1, 0, 0, 0.00%, 0, 0, 1, 76.85
1654319931, 165, 0, 1, 0, 0, 0.00%, 0, 0, 1, 75.22
1654319936, 169, 0, 1, 0, 0, 0.00%, 0, 0, 1, 79.76
1654319941, 172, 0, 1, 0, 0, 0.00%, 0, 0, 1, 79.29
1654319946, 175, 0, 1, 0, 0, 0.00%, 0, 0, 1, 76.64
1654319951, 178, 0, 1, 0, 0, 0.00%, 0, 0, 1, 76.65
1654319956, 181, 0, 1, 0, 0, 0.00%, 0, 0, 1, 75.14
1654319961, 184, 0, 1, 0, 0, 0.00%, 0, 0, 1, 75.62
1654319966, 187, 0, 1, 0, 0, 0.00%, 0, 0, 1, 77.04
1654319971, 190, 0, 1, 0, 0, 0.00%, 0, 0, 1, 77.32
1654319976, 193, 0, 1, 0, 0, 0.00%, 0, 0, 1, 77.13
1654319982, 196, 0, 1, 0, 0, 0.00%, 0, 0, 1, 80.12
1654319987, 199, 0, 1, 0, 0, 0.00%, 0, 0, 1, 76.96
1654319992, 202, 0, 1, 0, 0, 0.00%, 0, 0, 1, 75.37
1654319997, 205, 0, 1, 0, 0, 0.00%, 0, 0, 1, 76.25
1654320002, 209, 0, 1, 0, 0, 0.00%, 0, 0, 1, 79.20
1654320007, 212, 0, 1, 0, 0, 0.00%, 0, 0, 1, 79.13
1654320012, 215, 0, 1, 0, 0, 0.00%, 0, 0, 1, 77.06
1654320018, 218, 0, 1, 0, 0, 0.00%, 0, 0, 1, 79.00
1654320023, 221, 0, 1, 0, 0, 0.00%, 0, 0, 1, 76.59
1654320028, 224, 0, 1, 0, 0, 0.00%, 0, 0, 1, 75.41
1654320033, 227, 0, 1, 0, 0, 0.00%, 0, 0, 1, 75.56
1654320038, 230, 0, 1, 0, 0, 0.00%, 0, 0, 1, 75.20
1654320043, 233, 0, 1, 0, 0, 0.00%, 0, 0, 1, 74.34
1654320048, 236, 0, 1, 0, 0, 0.00%, 0, 0, 1, 77.24
1654320054, 239, 0, 1, 0, 0, 0.00%, 0, 0, 1, 77.59
1654320059, 243, 0, 1, 0, 0, 0.00%, 0, 0, 1, 79.27
1654320064, 246, 0, 1, 0, 0, 0.00%, 0, 0, 1, 75.97
1654320069, 249, 0, 1, 0, 0, 0.00%, 0, 0, 1, 80.28
1654320074, 252, 0, 1, 0, 0, 0.00%, 0, 0, 1, 76.70
1654320079, 255, 0, 1, 0, 0, 0.00%, 0, 0, 1, 75.89
1654320084, 258, 0, 1, 0, 0, 0.00%, 0, 0, 1, 75.84
1654320090, 261, 0, 1, 0, 0, 0.00%, 0, 0, 1, 77.43
1654320095, 264, 0, 1, 0, 0, 0.00%, 0, 0, 1, 80.45
1654320100, 268, 0, 1, 0, 0, 0.00%, 0, 0, 1, 77.90
1654320105, 271, 0, 1, 0, 0, 0.00%, 0, 0, 1, 74.74
1654320110, 274, 0, 1, 0, 0, 0.00%, 0, 0, 1, 78.53
1654320115, 277, 0, 1, 0, 0, 0.00%, 0, 0, 1, 75.96
1654320120, 280, 0, 1, 0, 0, 0.00%, 0, 0, 1, 75.55
1654320125, 283, 0, 1, 0, 0, 0.00%, 0, 0, 1, 74.80
1654320131, 286, 0, 1, 0, 0, 0.00%, 0, 0, 1, 77.10
1654320136, 289, 0, 1, 0, 0, 0.00%, 0, 0, 1, 77.61
1654320141, 292, 0, 1, 0, 0, 0.00%, 0, 0, 1, 76.37
1654320146, 295, 0, 1, 0, 0, 0.00%, 0, 0, 1, 78.36
1654320151, 298, 0, 1, 0, 0, 0.00%, 0, 0, 1, 75.05
1654320156, 301, 0, 1, 0, 0, 0.00%, 0, 0, 1, 74.94
1654320162, 304, 0, 1, 0, 0, 0.00%, 0, 0, 1, 75.25
1654320167, 307, 0, 1, 0, 0, 0.00%, 0, 0, 1, 77.08
1654320172, 310, 0, 1, 0, 0, 0.00%, 0, 0, 1, 79.47
1654320177, 314, 0, 1, 0, 0, 0.00%, 0, 0, 1, 77.20
1654320182, 317, 0, 1, 0, 0, 0.00%, 0, 0, 1, 75.82
1654320187, 320, 0, 1, 0, 0, 0.00%, 0, 0, 1, 77.96
1654320192, 323, 0, 1, 0, 0, 0.00%, 0, 0, 1, 79.14
1654320197, 326, 0, 1, 0, 0, 0.00%, 0, 0, 1, 76.90
1654320203, 329, 0, 1, 0, 0, 0.00%, 0, 0, 1, 75.14
1654320208, 332, 0, 1, 0, 0, 0.00%, 0, 0, 1, 74.53
1654320213, 335, 0, 1, 0, 0, 0.00%, 0, 0, 1, 76.64
1654320218, 338, 0, 1, 0, 0, 0.00%, 0, 0, 1, 77.87
1654320223, 341, 0, 1, 0, 0, 0.00%, 0, 0, 1, 72.92
1654320228, 344, 0, 1, 0, 0, 0.00%, 0, 0, 1, 75.77
1654320233, 347, 0, 1, 0, 0, 0.00%, 0, 0, 1, 79.92
1654320239, 350, 0, 1, 0, 0, 0.00%, 0, 0, 1, 79.62
1654320244, 354, 0, 1, 0, 0, 0.00%, 0, 0, 1, 76.23
1654320249, 356, 0, 1, 0, 0, 0.00%, 0, 0, 1, 75.21
1654320254, 360, 0, 1, 0, 0, 0.00%, 0, 0, 1, 78.07
1654320259, 363, 0, 1, 0, 0, 0.00%, 0, 0, 1, 77.12
1654320264, 366, 0, 1, 0, 0, 0.00%, 0, 0, 1, 74.95
1654320269, 369, 0, 1, 0, 0, 0.00%, 0, 0, 1, 78.00
1654320274, 372, 0, 1, 0, 0, 0.00%, 0, 0, 1, 78.45
1654320280, 375, 0, 1, 0, 0, 0.00%, 0, 0, 1, 75.64
1654320285, 378, 0, 1, 0, 0, 0.00%, 0, 0, 1, 77.74
1654320290, 381, 0, 1, 0, 0, 0.00%, 0, 0, 1, 77.42
1654320295, 384, 0, 1, 0, 0, 0.00%, 0, 0, 1, 75.88
1654320303, 386, 0, 1, 0, 0, 0.00%, 0, 1, 1, 2.70
1654320308, 389, 0, 1, 0, 0, 0.00%, 0, 1, 1, 80.39
1654320313, 393, 0, 1, 0, 0, 0.00%, 0, 1, 1, 78.87
1654320318, 395, 0, 1, 0, 0, 0.00%, 0, 1, 1, 76.35
1654320324, 398, 0, 1, 0, 0, 0.00%, 0, 1, 1, 75.28
1654320329, 402, 0, 1, 0, 0, 0.00%, 0, 1, 1, 75.69
1654320334, 405, 0, 1, 0, 0, 0.00%, 0, 1, 1, 78.28
1654320339, 408, 0, 1, 0, 0, 0.00%, 0, 1, 1, 75.10
1654320344, 411, 0, 1, 0, 0, 0.00%, 0, 1, 1, 76.92
1654320349, 414, 0, 1, 0, 0, 0.00%, 0, 1, 1, 79.25
1654320354, 417, 0, 1, 0, 0, 0.00%, 0, 1, 1, 76.31
1654320366, 418, 0, 1, 0, 0, 0.00%, 0, 1, 1, 2.90
1654320371, 421, 0, 1, 0, 0, 0.00%, 0, 1, 1, 77.30
1654320376, 424, 0, 1, 0, 0, 0.00%, 0, 1, 1, 75.41
1654320381, 427, 0, 1, 0, 0, 0.00%, 0, 1, 1, 75.52
1654320386, 430, 0, 1, 0, 0, 0.00%, 0, 1, 1, 78.51
1654320393, 431, 0, 1, 0, 0, 0.00%, 0, 1, 1, 0.20
1654320399, 432, 0, 1, 0, 0, 0.00%, 0, 1, 1, 1.18
1654320404, 435, 0, 1, 0, 0, 0.00%, 0, 1, 1, 76.76
1654320409, 438, 0, 1, 0, 0, 0.00%, 0, 1, 1, 75.29
1654320418, 440, 0, 1, 0, 0, 0.00%, 0, 1, 1, 1.76
1654320423, 443, 0, 1, 0, 0, 0.00%, 0, 1, 1, 77.31
1654320428, 446, 0, 1, 0, 0, 0.00%, 0, 1, 1, 76.27
1654320434, 446, 0, 1, 0, 0, 0.00%, 0, 2, 1, 2.89
1654320441, 448, 0, 1, 0, 0, 0.00%, 0, 2, 1, 0.40
1654320446, 451, 0, 1, 0, 0, 0.00%, 0, 2, 1, 74.01
1654320451, 454, 0, 1, 0, 0, 0.00%, 0, 2, 1, 74.34
1654320458, 455, 0, 1, 0, 0, 0.00%, 0, 2, 1, 0.99
1654320463, 458, 0, 1, 0, 0, 0.00%, 0, 2, 1, 75.38
1654320468, 461, 0, 1, 0, 0, 0.00%, 0, 2, 1, 77.59
1654320473, 464, 0, 1, 0, 0, 0.00%, 0, 2, 1, 78.07
1654320481, 466, 0, 1, 0, 0, 0.00%, 0, 2, 1, 0.79
1654320487, 469, 0, 1, 0, 0, 0.00%, 0, 2, 1, 78.05
1654320492, 472, 0, 1, 0, 0, 0.00%, 0, 2, 1, 77.06
1654320497, 475, 0, 1, 0, 0, 0.00%, 0, 2, 1, 78.09
1654320502, 478, 0, 1, 0, 0, 0.00%, 0, 2, 1, 75.45
1654320507, 481, 0, 1, 0, 0, 0.00%, 0, 2, 1, 75.03
1654320514, 482, 0, 1, 0, 0, 0.00%, 0, 2, 1, 0.20
1654320519, 486, 0, 1, 0, 0, 0.00%, 0, 2, 1, 74.99
1654320524, 489, 0, 1, 0, 0, 0.00%, 0, 2, 1, 75.29
1654320530, 492, 0, 1, 0, 0, 0.00%, 0, 2, 1, 75.17
1654320535, 495, 0, 1, 0, 0, 0.00%, 0, 2, 1, 77.66
1654320540, 498, 0, 1, 0, 0, 0.00%, 0, 2, 1, 75.96
1654320545, 501, 0, 1, 0, 0, 0.00%, 0, 2, 1, 74.86
1654320550, 504, 0, 1, 0, 0, 0.00%, 0, 2, 1, 74.31
1654320555, 507, 0, 1, 0, 0, 0.00%, 0, 2, 1, 74.80
1654320566, 510, 0, 1, 0, 0, 0.00%, 0, 2, 1, 75.19
1654320571, 513, 0, 1, 0, 0, 0.00%, 0, 2, 1, 74.39
1654320580, 515, 0, 1, 0, 0, 0.00%, 0, 2, 1, 3.07
1654320585, 519, 0, 1, 0, 0, 0.00%, 0, 2, 1, 74.77
1654320597, 522, 0, 1, 0, 0, 0.00%, 0, 2, 1, 76.67
1654320604, 524, 0, 1, 0, 0, 0.00%, 0, 2, 1, 0.20
1654320609, 527, 0, 1, 0, 0, 0.00%, 0, 2, 1, 76.46
1654320614, 530, 0, 1, 0, 0, 0.00%, 0, 2, 1, 74.77
1654320619, 532, 0, 1, 0, 0, 0.00%, 0, 2, 1, 74.84
1654320624, 535, 0, 1, 0, 0, 0.00%, 0, 2, 1, 73.52
1654320629, 538, 0, 1, 0, 0, 0.00%, 0, 2, 1, 74.85
1654320634, 541, 0, 1, 0, 0, 0.00%, 0, 2, 1, 75.75
1654320641, 542, 0, 1, 0, 0, 0.00%, 0, 2, 1, 1.95
1654320646, 545, 0, 1, 0, 0, 0.00%, 0, 2, 1, 75.49
1654320651, 549, 0, 1, 0, 0, 0.00%, 0, 2, 1, 75.39
1654320657, 552, 0, 1, 0, 0, 0.00%, 0, 2, 1, 73.96
1654320662, 555, 0, 1, 0, 0, 0.00%, 0, 2, 1, 74.62
1654320667, 558, 0, 1, 0, 0, 0.00%, 0, 2, 1, 77.52
1654320672, 561, 0, 1, 0, 0, 0.00%, 0, 2, 1, 76.83
1654320677, 564, 0, 1, 0, 0, 0.00%, 0, 2, 1, 78.96
1654320684, 565, 0, 1, 0, 0, 0.00%, 0, 2, 1, 0.20
1654320689, 569, 0, 1, 0, 0, 0.00%, 0, 2, 1, 96.14
1654320694, 573, 0, 1, 0, 0, 0.00%, 0, 2, 1, 114.59
1654320699, 577, 0, 1, 0, 0, 0.00%, 0, 2, 1, 99.79
1654320709, 581, 0, 1, 0, 0, 0.00%, 0, 2, 1, 5.00
1654320714, 584, 0, 1, 0, 0, 0.00%, 0, 2, 1, 75.34
1654320719, 587, 0, 1, 0, 0, 0.00%, 0, 2, 1, 74.56
1654320724, 590, 0, 1, 0, 0, 0.00%, 0, 2, 1, 79.10
1654320729, 593, 0, 1, 0, 0, 0.00%, 0, 2, 1, 78.01
1654320734, 597, 0, 1, 0, 0, 0.00%, 0, 2, 1, 78.02
1654320746, 601, 0, 1, 0, 0, 0.00%, 0, 2, 1, 77.16
1654320751, 604, 0, 1, 0, 0, 0.00%, 0, 2, 1, 79.30
1654320756, 607, 0, 1, 0, 0, 0.00%, 0, 2, 1, 75.58
1654320761, 610, 0, 1, 0, 0, 0.00%, 0, 2, 1, 74.43
1654320766, 613, 0, 1, 0, 0, 0.00%, 0, 2, 1, 79.09
1654320771, 616, 0, 1, 0, 0, 0.00%, 0, 2, 1, 76.96
1654320776, 619, 0, 1, 0, 0, 0.00%, 0, 2, 1, 75.83
1654320782, 622, 0, 1, 0, 0, 0.00%, 0, 2, 1, 77.73
1654320787, 625, 0, 1, 0, 0, 0.00%, 0, 2, 1, 77.54
1654320792, 628, 0, 1, 0, 0, 0.00%, 0, 2, 1, 75.44
1654320797, 631, 0, 1, 0, 0, 0.00%, 0, 2, 1, 74.18
1654320802, 634, 0, 1, 0, 0, 0.00%, 0, 2, 1, 73.89
1654320807, 637, 0, 1, 0, 0, 0.00%, 0, 2, 1, 74.11
1654320812, 640, 0, 1, 0, 0, 0.00%, 0, 2, 1, 75.40
1654320817, 643, 0, 1, 0, 0, 0.00%, 0, 2, 1, 74.00
1654320822, 646, 0, 1, 0, 0, 0.00%, 0, 2, 1, 73.83
1654320827, 649, 0, 1, 0, 0, 0.00%, 0, 2, 1, 74.96
