# unix_time, cycles_done, cur_path, paths_total, pending_total, pending_favs, map_size, unique_crashes, unique_hangs, max_depth, execs_per_sec
1621239382, 0, 0, 2, 2, 1, 1.08%, 0, 0, 1, 13.90
1621239783, 0, 1, 2, 1, 0, 1.08%, 0, 0, 1, 27.66
1621239834, 2, 0, 2, 0, 0, 1.08%, 0, 0, 1, 27.43
1621239839, 4, 1, 2, 0, 0, 1.08%, 0, 0, 1, 27.37
1621239844, 7, 1, 2, 0, 0, 1.08%, 0, 0, 1, 27.48
1621239849, 10, 1, 2, 0, 0, 1.08%, 0, 0, 1, 27.47
1621239854, 13, 0, 2, 0, 0, 1.08%, 0, 0, 1, 27.51
1621239859, 16, 0, 2, 0, 0, 1.08%, 0, 0, 1, 27.36
1621239864, 18, 1, 2, 0, 0, 1.08%, 0, 0, 1, 27.50
1621239869, 21, 1, 2, 0, 0, 1.08%, 0, 0, 1, 27.55
1621239874, 24, 0, 2, 0, 0, 1.08%, 0, 0, 1, 27.38
1621239880, 27, 0, 2, 0, 0, 1.08%, 0, 0, 1, 27.59
1621239885, 29, 1, 2, 0, 0, 1.08%, 0, 0, 1, 27.44
1621239890, 32, 1, 2, 0, 0, 1.08%, 0, 0, 1, 27.55
1621239895, 35, 0, 2, 0, 0, 1.08%, 0, 0, 1, 27.54
1621239900, 38, 0, 2, 0, 0, 1.08%, 0, 0, 1, 27.46
1621239905, 41, 0, 2, 0, 0, 1.08%, 0, 0, 1, 27.53
1621239910, 43, 1, 2, 0, 0, 1.08%, 0, 0, 1, 27.17
1621239915, 46, 1, 2, 0, 0, 1.08%, 0, 0, 1, 27.42
1621239920, 49, 0, 2, 0, 0, 1.08%, 0, 0, 1, 27.47
1621239925, 52, 0, 2, 0, 0, 1.08%, 0, 0, 1, 27.51
1621239930, 54, 1, 2, 0, 0, 1.08%, 0, 0, 1, 27.53
1621239935, 57, 1, 2, 0, 0, 1.08%, 0, 0, 1, 27.54
1621239940, 60, 1, 2, 0, 0, 1.08%, 0, 0, 1, 27.62
1621239945, 63, 0, 2, 0, 0, 1.08%, 0, 0, 1, 27.65
1621239951, 66, 0, 2, 0, 0, 1.08%, 0, 0, 1, 27.68
1621239956, 69, 0, 2, 0, 0, 1.08%, 0, 0, 1, 27.66
1621239961, 71, 1, 2, 0, 0, 1.08%, 0, 0, 1, 27.52
1621239966, 74, 1, 2, 0, 0, 1.08%, 0, 0, 1, 27.54
1621239971, 77, 1, 2, 0, 0, 1.08%, 0, 0, 1, 27.54
1621239976, 80, 0, 2, 0, 0, 1.08%, 0, 0, 1, 27.59
1621239981, 83, 0, 2, 0, 0, 1.08%, 0, 0, 1, 27.67
1621239987, 86, 0, 2, 0, 0, 1.08%, 0, 0, 1, 27.66
1621239992, 88, 1, 2, 0, 0, 1.08%, 0, 0, 1, 27.53
1621239997, 91, 1, 2, 0, 0, 1.08%, 0, 0, 1, 27.66
1621240002, 94, 1, 2, 0, 0, 1.08%, 0, 0, 1, 27.60
1621240007, 97, 1, 2, 0, 0, 1.08%, 0, 0, 1, 27.75
1621240012, 100, 0, 2, 0, 0, 1.08%, 0, 0, 1, 27.74
1621240018, 103, 0, 2, 0, 0, 1.08%, 0, 0, 1, 27.51
1621240026, 105, 0, 2, 0, 0, 1.08%, 0, 1, 1, 0.78
1621240031, 107, 1, 2, 0, 0, 1.08%, 0, 1, 1, 27.08
1621240036, 110, 1, 2, 0, 0, 1.08%, 0, 1, 1, 27.04
1621240042, 113, 1, 2, 0, 0, 1.08%, 0, 1, 1, 27.18
1621240047, 116, 0, 2, 0, 0, 1.08%, 0, 1, 1, 27.33
1621240052, 119, 0, 2, 0, 0, 1.08%, 0, 1, 1, 27.41
1621240057, 121, 1, 2, 0, 0, 1.08%, 0, 1, 1, 27.53
1621240062, 124, 1, 2, 0, 0, 1.08%, 0, 1, 1, 27.44
1621240067, 127, 0, 2, 0, 0, 1.08%, 0, 1, 1, 27.33
1621240072, 130, 0, 2, 0, 0, 1.08%, 0, 1, 1, 27.49
1621240077, 132, 1, 2, 0, 0, 1.08%, 0, 1, 1, 27.51
1621240082, 135, 1, 2, 0, 0, 1.08%, 0, 1, 1, 27.38
1621240087, 138, 0, 2, 0, 0, 1.08%, 0, 1, 1, 27.37
1621240092, 141, 0, 2, 0, 0, 1.08%, 0, 1, 1, 27.28
1621240097, 143, 1, 2, 0, 0, 1.08%, 0, 1, 1, 27.49
1621240102, 146, 1, 2, 0, 0, 1.08%, 0, 1, 1, 27.53
1621240107, 149, 0, 2, 0, 0, 1.08%, 0, 1, 1, 27.30
1621240112, 152, 0, 2, 0, 0, 1.08%, 0, 1, 1, 27.35
1621240117, 154, 1, 2, 0, 0, 1.08%, 0, 1, 1, 27.46
1621240122, 157, 1, 2, 0, 0, 1.08%, 0, 1, 1, 27.50
1621240127, 160, 1, 2, 0, 0, 1.08%, 0, 1, 1, 27.57
1621240132, 163, 0, 2, 0, 0, 1.08%, 0, 1, 1, 27.42
1621240137, 166, 0, 2, 0, 0, 1.08%, 0, 1, 1, 27.49
1621240142, 168, 1, 2, 0, 0, 1.08%, 0, 1, 1, 27.49
1621240148, 169, 0, 2, 0, 0, 1.08%, 0, 1, 1, 0.59
1621240153, 171, 1, 2, 0, 0, 1.08%, 0, 1, 1, 27.16
1621240158, 174, 1, 2, 0, 0, 1.08%, 0, 1, 1, 27.14
1621240163, 177, 0, 2, 0, 0, 1.08%, 0, 1, 1, 27.18
1621240168, 180, 0, 2, 0, 0, 1.08%, 0, 1, 1, 27.32
1621240173, 183, 0, 2, 0, 0, 1.08%, 0, 1, 1, 27.58
1621240178, 185, 1, 2, 0, 0, 1.08%, 0, 1, 1, 27.48
1621240183, 188, 1, 2, 0, 0, 1.08%, 0, 1, 1, 27.46
1621240188, 191, 0, 2, 0, 0, 1.08%, 0, 1, 1, 27.56
1621240193, 194, 0, 2, 0, 0, 1.08%, 0, 1, 1, 27.57
1621240198, 196, 1, 2, 0, 0, 1.08%, 0, 1, 1, 27.59
1621240203, 199, 1, 2, 0, 0, 1.08%, 0, 1, 1, 27.38
1621240208, 202, 0, 2, 0, 0, 1.08%, 0, 1, 1, 27.51
1621240213, 205, 0, 2, 0, 0, 1.08%, 0, 1, 1, 27.35
1621240218, 207, 1, 2, 0, 0, 1.08%, 0, 1, 1, 27.35
1621240224, 210, 1, 2, 0, 0, 1.08%, 0, 1, 1, 27.46
1621240229, 213, 0, 2, 0, 0, 1.08%, 0, 1, 1, 27.51
1621240234, 216, 0, 2, 0, 0, 1.08%, 0, 1, 1, 27.52
1621240239, 218, 1, 2, 0, 0, 1.08%, 0, 1, 1, 27.38
1621240248, 221, 0, 2, 0, 0, 1.08%, 0, 1, 1, 0.40
1621240253, 224, 0, 2, 0, 0, 1.08%, 0, 1, 1, 27.10
1621240258, 226, 1, 2, 0, 0, 1.08%, 0, 1, 1, 27.28
1621240263, 229, 1, 2, 0, 0, 1.08%, 0, 1, 1, 27.40
1621240268, 232, 0, 2, 0, 0, 1.08%, 0, 1, 1, 27.45
1621240273, 235, 0, 2, 0, 0, 1.08%, 0, 1, 1, 27.49
1621240278, 237, 1, 2, 0, 0, 1.08%, 0, 1, 1, 27.49
1621240283, 240, 1, 2, 0, 0, 1.08%, 0, 1, 1, 27.47
1621240288, 243, 0, 2, 0, 0, 1.08%, 0, 1, 1, 27.51
1621240293, 246, 0, 2, 0, 0, 1.08%, 0, 1, 1, 27.56
1621240298, 248, 1, 2, 0, 0, 1.08%, 0, 1, 1, 27.42
1621240303, 251, 1, 2, 0, 0, 1.08%, 0, 1, 1, 27.47
1621240308, 254, 0, 2, 0, 0, 1.08%, 0, 1, 1, 27.51
1621240313, 257, 0, 2, 0, 0, 1.08%, 0, 1, 1, 27.46
1621240318, 260, 0, 2, 0, 0, 1.08%, 0, 1, 1, 27.54
1621240323, 262, 1, 2, 0, 0, 1.08%, 0, 1, 1, 27.52
1621240333, 265, 1, 2, 0, 0, 1.08%, 0, 1, 1, 27.19
1621240338, 268, 0, 2, 0, 0, 1.08%, 0, 1, 1, 27.35
1621240343, 271, 0, 2, 0, 0, 1.08%, 0, 1, 1, 27.47
1621240349, 273, 1, 2, 0, 0, 1.08%, 0, 1, 1, 27.46
1621240354, 276, 1, 2, 0, 0, 1.08%, 0, 1, 1, 27.37
1621240359, 279, 0, 2, 0, 0, 1.08%, 0, 1, 1, 27.37
1621240364, 282, 0, 2, 0, 0, 1.08%, 0, 1, 1, 27.44
1621240369, 284, 1, 2, 0, 0, 1.08%, 0, 1, 1, 27.44
1621240374, 287, 1, 2, 0, 0, 1.08%, 0, 1, 1, 27.45
1621240379, 290, 0, 2, 0, 0, 1.08%, 0, 1, 1, 27.45
1621240384, 293, 0, 2, 0, 0, 1.08%, 0, 1, 1, 27.52
1621240389, 295, 1, 2, 0, 0, 1.08%, 0, 1, 1, 27.57
1621240398, 298, 0, 2, 0, 0, 1.08%, 0, 1, 1, 0.78
1621240403, 301, 0, 2, 0, 0, 1.08%, 0, 1, 1, 27.31
1621240408, 304, 0, 2, 0, 0, 1.08%, 0, 1, 1, 27.55
1621240413, 306, 1, 2, 0, 0, 1.08%, 0, 1, 1, 27.58
1621240418, 309, 1, 2, 0, 0, 1.08%, 0, 1, 1, 27.54
1621240423, 312, 0, 2, 0, 0, 1.08%, 0, 1, 1, 27.44
1621240429, 315, 0, 2, 0, 0, 1.08%, 0, 1, 1, 27.58
1621240439, 318, 0, 2, 0, 0, 1.08%, 0, 1, 1, 27.54
1621240444, 321, 0, 2, 0, 0, 1.08%, 0, 1, 1, 27.66
1621240450, 323, 1, 2, 0, 0, 1.08%, 0, 1, 1, 27.48
1621240455, 326, 1, 2, 0, 0, 1.08%, 0, 1, 1, 27.64
1621240460, 329, 1, 2, 0, 0, 1.08%, 0, 1, 1, 27.65
1621240465, 332, 1, 2, 0, 0, 1.08%, 0, 1, 1, 27.62
1621240470, 335, 0, 2, 0, 0, 1.08%, 0, 1, 1, 27.64
1621240475, 338, 0, 2, 0, 0, 1.08%, 0, 1, 1, 27.65
1621240481, 338, 1, 2, 0, 0, 1.08%, 0, 2, 1, 0.59
1621240486, 341, 0, 2, 0, 0, 1.08%, 0, 2, 1, 27.44
1621240491, 344, 0, 2, 0, 0, 1.08%, 0, 2, 1, 27.53
1621240496, 347, 0, 2, 0, 0, 1.08%, 0, 2, 1, 27.69
1621240501, 349, 1, 2, 0, 0, 1.08%, 0, 2, 1, 27.58
1621240507, 352, 1, 2, 0, 0, 1.08%, 0, 2, 1, 27.68
1621240512, 355, 1, 2, 0, 0, 1.08%, 0, 2, 1, 27.56
1621240517, 358, 0, 2, 0, 0, 1.08%, 0, 2, 1, 27.54
1621240522, 361, 0, 2, 0, 0, 1.08%, 0, 2, 1, 27.59
1621240527, 363, 1, 2, 0, 0, 1.08%, 0, 2, 1, 27.67
1621240532, 366, 1, 2, 0, 0, 1.08%, 0, 2, 1, 27.70
1621240537, 369, 1, 2, 0, 0, 1.08%, 0, 2, 1, 27.60
1621240542, 372, 0, 2, 0, 0, 1.08%, 0, 2, 1, 27.58
1621240548, 375, 0, 2, 0, 0, 1.08%, 0, 2, 1, 27.52
1621240553, 378, 0, 2, 0, 0, 1.08%, 0, 2, 1, 27.48
1621240558, 380, 1, 2, 0, 0, 1.08%, 0, 2, 1, 27.47
1621240563, 383, 1, 2, 0, 0, 1.08%, 0, 2, 1, 27.62
1621240568, 386, 1, 2, 0, 0, 1.08%, 0, 2, 1, 27.67
1621240573, 389, 1, 2, 0, 0, 1.08%, 0, 2, 1, 27.78
1621240578, 392, 0, 2, 0, 0, 1.08%, 0, 2, 1, 27.68
1621240584, 393, 2, 3, 1, 1, 1.09%, 0, 2, 2, 42.55
