# unix_time, cycles_done, cur_path, paths_total, pending_total, pending_favs, map_size, unique_crashes, unique_hangs, max_depth, execs_per_sec
1621218692, 0, 0, 1, 1, 1, 1.39%, 0, 0, 1, 10.08
1621218697, 0, 0, 4, 4, 1, 1.40%, 0, 0, 2, 11.01
1621218708, 0, 0, 5, 5, 1, 1.93%, 0, 0, 2, 8.85
1621218713, 0, 0, 6, 6, 1, 2.01%, 0, 0, 2, 6.72
1621218718, 0, 0, 7, 7, 1, 2.01%, 0, 0, 2, 6.09
1621218723, 0, 0, 10, 10, 1, 2.01%, 0, 0, 2, 7.85
1621218733, 0, 0, 11, 11, 1, 2.01%, 0, 0, 2, 9.59
1621218739, 0, 0, 12, 12, 1, 2.02%, 0, 0, 2, 8.51
1621218795, 0, 0, 13, 13, 1, 2.02%, 0, 0, 2, 12.24
1621218800, 0, 0, 16, 16, 1, 2.02%, 0, 0, 2, 11.16
1621218805, 0, 0, 18, 18, 1, 2.02%, 0, 0, 2, 10.54
1621218810, 0, 0, 19, 19, 1, 2.02%, 0, 0, 2, 10.15
1621218815, 0, 0, 22, 22, 1, 2.02%, 0, 0, 2, 9.60
1621218821, 0, 0, 25, 25, 1, 2.02%, 0, 0, 2, 10.24
1621218826, 0, 0, 27, 27, 1, 2.02%, 0, 0, 2, 17.64
1621218902, 0, 0, 28, 28, 1, 2.03%, 0, 0, 2, 15.49
1621218907, 0, 0, 29, 29, 1, 2.05%, 0, 0, 2, 15.36
1621218953, 0, 0, 31, 31, 1, 2.07%, 0, 0, 2, 15.40
1621218958, 0, 0, 32, 32, 1, 2.08%, 0, 0, 2, 15.37
1621219061, 0, 0, 33, 33, 1, 2.08%, 0, 0, 2, 11.01
1621219092, 0, 0, 34, 34, 1, 2.08%, 0, 0, 2, 14.43
1621219097, 0, 0, 38, 38, 1, 2.08%, 0, 0, 2, 11.87
1621219102, 0, 0, 45, 45, 1, 2.09%, 0, 0, 2, 12.76
1621219108, 0, 0, 50, 50, 1, 2.09%, 0, 0, 2, 11.23
1621219113, 0, 0, 54, 54, 1, 2.09%, 0, 0, 2, 11.70
1621219118, 0, 0, 59, 59, 1, 2.12%, 0, 0, 2, 14.53
1621219123, 0, 0, 61, 61, 1, 2.12%, 0, 0, 2, 15.38
1621219128, 0, 0, 65, 65, 1, 2.12%, 0, 0, 2, 13.56
1621219133, 0, 0, 71, 71, 1, 2.12%, 0, 0, 2, 11.48
1621219138, 0, 0, 77, 77, 1, 2.12%, 0, 0, 2, 9.96
1621219143, 0, 0, 78, 78, 1, 2.12%, 0, 0, 2, 9.31
1621219149, 0, 0, 84, 84, 1, 2.12%, 0, 0, 2, 11.07
1621219154, 0, 0, 88, 88, 1, 2.12%, 0, 0, 2, 11.73
1621219159, 0, 0, 90, 90, 1, 2.12%, 0, 0, 2, 12.43
1621219164, 0, 0, 94, 94, 1, 2.12%, 0, 0, 2, 11.11
1621219169, 0, 0, 98, 98, 1, 2.12%, 0, 0, 2, 11.36
1621219174, 0, 0, 103, 103, 1, 2.12%, 0, 0, 2, 11.53
1621219179, 0, 0, 107, 107, 1, 2.12%, 0, 0, 2, 10.27
1621219185, 0, 0, 109, 109, 1, 2.12%, 0, 0, 2, 10.86
1621219190, 0, 0, 110, 110, 1, 2.12%, 0, 0, 2, 11.81
1621219195, 0, 0, 112, 112, 1, 2.12%, 0, 0, 2, 10.96
1621219200, 0, 0, 116, 116, 1, 2.12%, 0, 0, 2, 10.68
1621219205, 0, 0, 121, 121, 1, 2.12%, 0, 0, 2, 9.95
1621219210, 0, 0, 125, 125, 1, 2.12%, 0, 0, 2, 11.33
1621219215, 0, 0, 129, 129, 1, 2.12%, 0, 0, 2, 10.57
1621219220, 0, 0, 132, 132, 1, 2.12%, 0, 0, 2, 10.15
1621219225, 0, 0, 135, 135, 1, 2.12%, 0, 0, 2, 10.10
1621219230, 0, 0, 139, 139, 1, 2.12%, 0, 0, 2, 10.57
1621219235, 0, 0, 140, 140, 1, 2.12%, 0, 0, 2, 10.38
1621219240, 0, 0, 145, 145, 1, 2.12%, 0, 0, 2, 10.85
1621219245, 0, 0, 147, 147, 1, 2.12%, 0, 0, 2, 10.33
1621219251, 0, 0, 148, 148, 1, 2.12%, 0, 0, 2, 11.06
1621219266, 0, 0, 150, 150, 1, 2.12%, 0, 0, 2, 10.82
1621219271, 0, 0, 151, 151, 1, 2.12%, 0, 0, 2, 11.10
1621219287, 0, 0, 152, 152, 1, 2.12%, 0, 0, 2, 10.92
1621219297, 0, 0, 153, 153, 1, 2.12%, 0, 0, 2, 10.23
1621219312, 0, 0, 156, 156, 1, 2.12%, 0, 0, 2, 9.69
1621219317, 0, 0, 157, 157, 1, 2.12%, 0, 0, 2, 9.49
1621219342, 0, 0, 159, 159, 1, 2.12%, 0, 0, 2, 10.10
1621219348, 0, 0, 160, 160, 1, 2.12%, 0, 0, 2, 9.74
1621219353, 0, 0, 161, 161, 1, 2.12%, 0, 0, 2, 9.89
1621219358, 0, 0, 162, 162, 1, 2.12%, 0, 0, 2, 10.77
1621219394, 0, 0, 163, 163, 1, 2.12%, 0, 0, 2, 10.87
1621219425, 0, 0, 164, 164, 1, 2.12%, 0, 0, 2, 11.24
1621219507, 0, 0, 165, 165, 1, 2.12%, 0, 0, 2, 10.62
1621219527, 0, 0, 166, 166, 1, 2.12%, 0, 0, 2, 10.13
1621219532, 0, 0, 167, 167, 1, 2.12%, 0, 0, 2, 10.77
1621219537, 0, 0, 168, 168, 1, 2.12%, 0, 0, 2, 10.86
1621219573, 0, 0, 169, 169, 1, 2.12%, 0, 0, 2, 9.77
1621219599, 0, 0, 170, 170, 1, 2.12%, 0, 0, 2, 13.37
1621219604, 0, 0, 171, 171, 1, 2.12%, 0, 0, 2, 12.80
1621219630, 0, 0, 173, 173, 1, 2.12%, 0, 0, 2, 14.48
1621219635, 0, 0, 177, 177, 1, 2.12%, 0, 0, 2, 13.73
1621219640, 0, 0, 178, 178, 1, 2.12%, 0, 0, 2, 13.83
1621219650, 0, 1, 178, 177, 11, 2.12%, 0, 0, 2, 15.04
