# unix_time, cycles_done, cur_path, paths_total, pending_total, pending_favs, map_size, unique_crashes, unique_hangs, max_depth, execs_per_sec
1621247904, 0, 0, 7, 7, 1, 1.08%, 0, 0, 1, 14.19
1621247910, 0, 2, 7, 7, 1, 1.08%, 0, 0, 1, 14.33
1621247981, 0, 3, 7, 6, 0, 1.08%, 0, 0, 1, 28.11
1621248033, 0, 4, 7, 5, 0, 1.08%, 0, 0, 1, 28.19
1621248084, 0, 5, 7, 4, 0, 1.08%, 0, 0, 1, 28.10
1621248135, 0, 6, 7, 3, 0, 1.08%, 0, 0, 1, 28.18
1621248186, 1, 0, 7, 2, 0, 1.08%, 0, 0, 1, 28.16
1621248401, 1, 1, 7, 1, 0, 1.08%, 0, 0, 1, 28.19
1621248452, 2, 0, 7, 0, 0, 1.08%, 0, 0, 1, 27.95
1621248457, 2, 5, 7, 0, 0, 1.08%, 0, 0, 1, 28.00
1621248462, 3, 4, 7, 0, 0, 1.08%, 0, 0, 1, 27.99
1621248467, 4, 3, 7, 0, 0, 1.08%, 0, 0, 1, 28.07
1621248472, 5, 2, 7, 0, 0, 1.08%, 0, 0, 1, 28.01
1621248478, 6, 0, 7, 0, 0, 1.08%, 0, 0, 1, 28.04
1621248483, 6, 6, 7, 0, 0, 1.08%, 0, 0, 1, 28.11
1621248488, 7, 5, 7, 0, 0, 1.08%, 0, 0, 1, 28.04
1621248493, 8, 4, 7, 0, 0, 1.08%, 0, 0, 1, 27.98
1621248498, 9, 2, 7, 0, 0, 1.08%, 0, 0, 1, 28.02
1621248503, 10, 1, 7, 0, 0, 1.08%, 0, 0, 1, 28.02
1621248508, 11, 0, 7, 0, 0, 1.08%, 0, 0, 1, 28.00
1621248514, 11, 6, 7, 0, 0, 1.08%, 0, 0, 1, 28.02
1621248519, 12, 4, 7, 0, 0, 1.08%, 0, 0, 1, 28.00
1621248524, 13, 3, 7, 0, 0, 1.08%, 0, 0, 1, 28.04
1621248529, 14, 2, 7, 0, 0, 1.08%, 0, 0, 1, 28.09
1621248534, 15, 1, 7, 0, 0, 1.08%, 0, 0, 1, 28.04
1621248539, 16, 0, 7, 0, 0, 1.08%, 0, 0, 1, 28.01
1621248544, 16, 5, 7, 0, 0, 1.08%, 0, 0, 1, 28.03
1621248549, 17, 4, 7, 0, 0, 1.08%, 0, 0, 1, 28.07
1621248555, 18, 3, 7, 0, 0, 1.08%, 0, 0, 1, 28.08
1621248560, 19, 2, 7, 0, 0, 1.08%, 0, 0, 1, 28.09
1621248565, 20, 0, 7, 0, 0, 1.08%, 0, 0, 1, 27.99
1621248570, 20, 6, 7, 0, 0, 1.08%, 0, 0, 1, 28.06
1621248575, 21, 5, 7, 0, 0, 1.08%, 0, 0, 1, 28.03
1621248580, 22, 4, 7, 0, 0, 1.08%, 0, 0, 1, 28.04
1621248585, 23, 2, 7, 0, 0, 1.08%, 0, 0, 1, 28.03
1621248591, 24, 1, 7, 0, 0, 1.08%, 0, 0, 1, 28.02
1621248596, 25, 0, 7, 0, 0, 1.08%, 0, 0, 1, 28.07
1621248601, 25, 6, 7, 0, 0, 1.08%, 0, 0, 1, 28.12
1621248606, 26, 4, 7, 0, 0, 1.08%, 0, 0, 1, 28.10
1621248611, 27, 3, 7, 0, 0, 1.08%, 0, 0, 1, 28.03
1621248616, 28, 2, 7, 0, 0, 1.08%, 0, 0, 1, 28.08
1621248621, 29, 1, 7, 0, 0, 1.08%, 0, 0, 1, 28.16
1621248626, 29, 6, 7, 0, 0, 1.08%, 0, 0, 1, 28.08
1621248632, 30, 5, 7, 0, 0, 1.08%, 0, 0, 1, 28.16
1621248637, 31, 4, 7, 0, 0, 1.08%, 0, 0, 1, 28.11
1621248642, 32, 3, 7, 0, 0, 1.08%, 0, 0, 1, 28.11
1621248647, 33, 1, 7, 0, 0, 1.08%, 0, 0, 1, 28.02
1621248652, 34, 0, 7, 0, 0, 1.08%, 0, 0, 1, 28.02
1621248657, 34, 6, 7, 0, 0, 1.08%, 0, 0, 1, 28.11
1621248662, 35, 5, 7, 0, 0, 1.08%, 0, 0, 1, 28.11
1621248667, 36, 4, 7, 0, 0, 1.08%, 0, 0, 1, 28.01
1621248673, 37, 2, 7, 0, 0, 1.08%, 0, 0, 1, 28.08
1621248678, 38, 1, 7, 0, 0, 1.08%, 0, 0, 1, 27.96
1621248683, 39, 0, 7, 0, 0, 1.08%, 0, 0, 1, 27.92
1621248688, 39, 6, 7, 0, 0, 1.08%, 0, 0, 1, 27.95
1621248693, 40, 4, 7, 0, 0, 1.08%, 0, 0, 1, 28.00
1621248698, 41, 3, 7, 0, 0, 1.08%, 0, 0, 1, 28.07
1621248703, 42, 2, 7, 0, 0, 1.08%, 0, 0, 1, 28.05
1621248709, 43, 1, 7, 0, 0, 1.08%, 0, 0, 1, 28.02
1621248714, 43, 6, 7, 0, 0, 1.08%, 0, 0, 1, 28.01
1621248719, 44, 5, 7, 0, 0, 1.08%, 0, 0, 1, 28.08
1621248724, 45, 4, 7, 0, 0, 1.08%, 0, 0, 1, 28.01
1621248729, 46, 3, 7, 0, 0, 1.08%, 0, 0, 1, 28.01
1621248734, 47, 1, 7, 0, 0, 1.08%, 0, 0, 1, 28.06
1621248739, 48, 0, 7, 0, 0, 1.08%, 0, 0, 1, 28.08
1621248745, 48, 6, 7, 0, 0, 1.08%, 0, 0, 1, 28.14
1621248750, 49, 5, 7, 0, 0, 1.08%, 0, 0, 1, 28.04
1621248755, 50, 3, 7, 0, 0, 1.08%, 0, 0, 1, 28.03
1621248760, 51, 2, 7, 0, 0, 1.08%, 0, 0, 1, 28.02
1621248765, 52, 1, 7, 0, 0, 1.08%, 0, 0, 1, 27.96
1621248770, 53, 0, 7, 0, 0, 1.08%, 0, 0, 1, 27.98
1621248775, 53, 5, 7, 0, 0, 1.08%, 0, 0, 1, 28.03
1621248781, 54, 4, 7, 0, 0, 1.08%, 0, 0, 1, 27.93
1621248786, 55, 3, 7, 0, 0, 1.08%, 0, 0, 1, 27.96
1621248791, 56, 2, 7, 0, 0, 1.08%, 0, 0, 1, 27.91
1621248796, 57, 1, 7, 0, 0, 1.08%, 0, 0, 1, 27.89
1621248801, 57, 6, 7, 0, 0, 1.08%, 0, 0, 1, 27.91
1621248806, 58, 5, 7, 0, 0, 1.08%, 0, 0, 1, 27.85
1621248812, 59, 4, 7, 0, 0, 1.08%, 0, 0, 1, 27.83
1621248817, 60, 3, 7, 0, 0, 1.08%, 0, 0, 1, 27.90
1621248822, 61, 1, 7, 0, 0, 1.08%, 0, 0, 1, 27.89
1621248827, 62, 0, 7, 0, 0, 1.08%, 0, 0, 1, 27.85
1621248832, 62, 6, 7, 0, 0, 1.08%, 0, 0, 1, 27.74
1621248837, 63, 5, 7, 0, 0, 1.08%, 0, 0, 1, 27.84
1621248843, 64, 3, 7, 0, 0, 1.08%, 0, 0, 1, 27.92
1621248848, 65, 2, 7, 0, 0, 1.08%, 0, 0, 1, 27.85
1621248853, 66, 1, 7, 0, 0, 1.08%, 0, 0, 1, 27.91
1621248858, 67, 0, 7, 0, 0, 1.08%, 0, 0, 1, 27.96
1621248863, 67, 5, 7, 0, 0, 1.08%, 0, 0, 1, 27.84
1621248868, 68, 4, 7, 0, 0, 1.08%, 0, 0, 1, 27.89
1621248874, 69, 3, 7, 0, 0, 1.08%, 0, 0, 1, 27.89
1621248879, 70, 2, 7, 0, 0, 1.08%, 0, 0, 1, 27.88
1621248884, 71, 0, 7, 0, 0, 1.08%, 0, 0, 1, 27.90
1621248889, 71, 6, 7, 0, 0, 1.08%, 0, 0, 1, 27.87
1621248894, 72, 5, 7, 0, 0, 1.08%, 0, 0, 1, 27.90
1621248899, 73, 4, 7, 0, 0, 1.08%, 0, 0, 1, 27.95
1621248904, 74, 2, 7, 0, 0, 1.08%, 0, 0, 1, 27.97
1621248910, 75, 1, 7, 0, 0, 1.08%, 0, 0, 1, 28.02
1621248915, 76, 0, 7, 0, 0, 1.08%, 0, 0, 1, 28.06
1621248920, 76, 6, 7, 0, 0, 1.08%, 0, 0, 1, 28.11
1621248925, 77, 5, 7, 0, 0, 1.08%, 0, 0, 1, 28.19
1621248930, 78, 3, 7, 0, 0, 1.08%, 0, 0, 1, 28.17
1621248935, 79, 2, 7, 0, 0, 1.08%, 0, 0, 1, 28.15
1621248940, 80, 1, 7, 0, 0, 1.08%, 0, 0, 1, 28.11
1621248945, 81, 0, 7, 0, 0, 1.08%, 0, 0, 1, 28.12
1621248951, 81, 5, 7, 0, 0, 1.08%, 0, 0, 1, 28.01
1621248956, 82, 4, 7, 0, 0, 1.08%, 0, 0, 1, 28.08
1621248961, 83, 3, 7, 0, 0, 1.08%, 0, 0, 1, 27.98
1621248966, 84, 2, 7, 0, 0, 1.08%, 0, 0, 1, 28.06
1621248971, 85, 0, 7, 0, 0, 1.08%, 0, 0, 1, 28.07
1621248976, 85, 6, 7, 0, 0, 1.08%, 0, 0, 1, 28.09
1621248981, 86, 5, 7, 0, 0, 1.08%, 0, 0, 1, 27.97
1621248987, 87, 4, 7, 0, 0, 1.08%, 0, 0, 1, 27.99
1621248992, 88, 2, 7, 0, 0, 1.08%, 0, 0, 1, 28.04
1621248997, 89, 1, 7, 0, 0, 1.08%, 0, 0, 1, 28.05
1621249002, 90, 0, 7, 0, 0, 1.08%, 0, 0, 1, 28.04
1621249007, 90, 6, 7, 0, 0, 1.08%, 0, 0, 1, 27.97
1621249012, 91, 4, 7, 0, 0, 1.08%, 0, 0, 1, 28.04
1621249017, 92, 3, 7, 0, 0, 1.08%, 0, 0, 1, 28.05
1621249023, 93, 2, 7, 0, 0, 1.08%, 0, 0, 1, 28.02
1621249028, 94, 1, 7, 0, 0, 1.08%, 0, 0, 1, 28.08
1621249033, 94, 6, 7, 0, 0, 1.08%, 0, 0, 1, 28.10
1621249038, 95, 5, 7, 0, 0, 1.08%, 0, 0, 1, 28.04
1621249043, 96, 4, 7, 0, 0, 1.08%, 0, 0, 1, 28.09
1621249048, 97, 3, 7, 0, 0, 1.08%, 0, 0, 1, 28.05
1621249053, 98, 2, 7, 0, 0, 1.08%, 0, 0, 1, 28.02
1621249058, 99, 0, 7, 0, 0, 1.08%, 0, 0, 1, 28.07
1621249064, 99, 6, 7, 0, 0, 1.08%, 0, 0, 1, 28.07
1621249069, 100, 5, 7, 0, 0, 1.08%, 0, 0, 1, 27.95
1621249074, 101, 4, 7, 0, 0, 1.08%, 0, 0, 1, 27.97
1621249079, 102, 2, 7, 0, 0, 1.08%, 0, 0, 1, 27.92
1621249084, 103, 1, 7, 0, 0, 1.08%, 0, 0, 1, 27.91
1621249089, 104, 0, 7, 0, 0, 1.08%, 0, 0, 1, 28.04
1621249094, 104, 6, 7, 0, 0, 1.08%, 0, 0, 1, 28.10
1621249100, 105, 4, 7, 0, 0, 1.08%, 0, 0, 1, 28.15
