# unix_time, cycles_done, cur_path, paths_total, pending_total, pending_favs, map_size, unique_crashes, unique_hangs, max_depth, execs_per_sec
1621224777, 0, 0, 2, 2, 1, 1.08%, 0, 0, 1, 14.17
1621225024, 0, 1, 2, 1, 0, 1.08%, 0, 0, 1, 23.13
1621225086, 1, 1, 2, 0, 0, 1.08%, 0, 0, 1, 23.36
1621225091, 3, 1, 2, 0, 0, 1.08%, 0, 0, 1, 23.24
1621225096, 6, 0, 2, 0, 0, 1.08%, 0, 0, 1, 23.20
1621225101, 8, 1, 2, 0, 0, 1.08%, 0, 0, 1, 23.02
1621225106, 10, 1, 2, 0, 0, 1.08%, 0, 0, 1, 23.08
1621225111, 13, 0, 2, 0, 0, 1.08%, 0, 0, 1, 22.87
1621225116, 15, 1, 2, 0, 0, 1.08%, 0, 0, 1, 23.36
1621225121, 18, 0, 2, 0, 0, 1.08%, 0, 0, 1, 22.76
1621225126, 20, 0, 2, 0, 0, 1.08%, 0, 0, 1, 23.27
1621225132, 22, 1, 2, 0, 0, 1.08%, 0, 0, 1, 23.11
1621225137, 25, 0, 2, 0, 0, 1.08%, 0, 0, 1, 23.09
1621225142, 27, 1, 2, 0, 0, 1.08%, 0, 0, 1, 22.92
1621225147, 29, 1, 2, 0, 0, 1.08%, 0, 0, 1, 23.22
1621225152, 32, 0, 2, 0, 0, 1.08%, 0, 0, 1, 23.16
1621225157, 34, 1, 2, 0, 0, 1.08%, 0, 0, 1, 23.21
1621225163, 37, 0, 2, 0, 0, 1.08%, 0, 0, 1, 23.08
1621225168, 39, 0, 2, 0, 0, 1.08%, 0, 0, 1, 22.17
1621225173, 41, 1, 2, 0, 0, 1.08%, 0, 0, 1, 22.75
1621225178, 43, 1, 2, 0, 0, 1.08%, 0, 0, 1, 22.83
1621225183, 46, 0, 2, 0, 0, 1.08%, 0, 0, 1, 23.10
1621225188, 48, 1, 2, 0, 0, 1.08%, 0, 0, 1, 23.53
1621225193, 51, 0, 2, 0, 0, 1.08%, 0, 0, 1, 23.46
1621225198, 53, 0, 2, 0, 0, 1.08%, 0, 0, 1, 23.34
1621225203, 55, 1, 2, 0, 0, 1.08%, 0, 0, 1, 23.40
1621225208, 58, 0, 2, 0, 0, 1.08%, 0, 0, 1, 23.77
1621225213, 60, 1, 2, 0, 0, 1.08%, 0, 0, 1, 23.03
1621225219, 63, 0, 2, 0, 0, 1.08%, 0, 0, 1, 22.94
1621225224, 65, 0, 2, 0, 0, 1.08%, 0, 0, 1, 23.28
1621225229, 67, 1, 2, 0, 0, 1.08%, 0, 0, 1, 23.57
1621225234, 70, 0, 2, 0, 0, 1.08%, 0, 0, 1, 23.71
1621225239, 72, 1, 2, 0, 0, 1.08%, 0, 0, 1, 23.54
1621225244, 74, 1, 2, 0, 0, 1.08%, 0, 0, 1, 23.32
1621225249, 77, 0, 2, 0, 0, 1.08%, 0, 0, 1, 23.79
1621225254, 79, 1, 2, 0, 0, 1.08%, 0, 0, 1, 23.53
1621225259, 82, 0, 2, 0, 0, 1.08%, 0, 0, 1, 23.45
1621225264, 84, 0, 2, 0, 0, 1.08%, 0, 0, 1, 22.78
1621225269, 86, 1, 2, 0, 0, 1.08%, 0, 0, 1, 23.19
1621225275, 89, 0, 2, 0, 0, 1.08%, 0, 0, 1, 23.01
1621225280, 91, 1, 2, 0, 0, 1.08%, 0, 0, 1, 23.32
1621225285, 94, 0, 2, 0, 0, 1.08%, 0, 0, 1, 23.39
1621225290, 96, 0, 2, 0, 0, 1.08%, 0, 0, 1, 23.22
1621225295, 98, 1, 2, 0, 0, 1.08%, 0, 0, 1, 23.58
1621225300, 101, 0, 2, 0, 0, 1.08%, 0, 0, 1, 23.52
1621225305, 103, 1, 2, 0, 0, 1.08%, 0, 0, 1, 23.04
1621225311, 106, 0, 2, 0, 0, 1.08%, 0, 0, 1, 23.23
1621225316, 108, 0, 2, 0, 0, 1.08%, 0, 0, 1, 23.60
1621225321, 110, 1, 2, 0, 0, 1.08%, 0, 0, 1, 22.98
1621225326, 113, 0, 2, 0, 0, 1.08%, 0, 0, 1, 23.63
1621225331, 115, 1, 2, 0, 0, 1.08%, 0, 0, 1, 23.42
1621225336, 117, 1, 2, 0, 0, 1.08%, 0, 0, 1, 22.80
1621225341, 120, 0, 2, 0, 0, 1.08%, 0, 0, 1, 23.15
1621225347, 122, 1, 2, 0, 0, 1.08%, 0, 0, 1, 23.46
1621225352, 125, 0, 2, 0, 0, 1.08%, 0, 0, 1, 23.47
1621225357, 127, 1, 2, 0, 0, 1.08%, 0, 0, 1, 23.20
1621225362, 129, 1, 2, 0, 0, 1.08%, 0, 0, 1, 23.43
1621225367, 132, 0, 2, 0, 0, 1.08%, 0, 0, 1, 23.73
1621225372, 134, 1, 2, 0, 0, 1.08%, 0, 0, 1, 22.99
1621225377, 137, 0, 2, 0, 0, 1.08%, 0, 0, 1, 22.92
1621225383, 139, 1, 2, 0, 0, 1.08%, 0, 0, 1, 23.05
1621225388, 141, 1, 2, 0, 0, 1.08%, 0, 0, 1, 23.04
1621225393, 144, 0, 2, 0, 0, 1.08%, 0, 0, 1, 22.37
1621225398, 146, 0, 2, 0, 0, 1.08%, 0, 0, 1, 22.71
1621225403, 148, 1, 2, 0, 0, 1.08%, 0, 0, 1, 22.76
1621225408, 151, 0, 2, 0, 0, 1.08%, 0, 0, 1, 22.28
1621225413, 153, 0, 2, 0, 0, 1.08%, 0, 0, 1, 22.88
1621225418, 155, 1, 2, 0, 0, 1.08%, 0, 0, 1, 23.14
1621225424, 158, 0, 2, 0, 0, 1.08%, 0, 0, 1, 22.92
1621225429, 160, 1, 2, 0, 0, 1.08%, 0, 0, 1, 23.43
1621225434, 162, 1, 2, 0, 0, 1.08%, 0, 0, 1, 22.95
1621225439, 165, 0, 2, 0, 0, 1.08%, 0, 0, 1, 22.75
1621225444, 167, 0, 2, 0, 0, 1.08%, 0, 0, 1, 23.05
1621225449, 169, 1, 2, 0, 0, 1.08%, 0, 0, 1, 22.89
1621225454, 172, 0, 2, 0, 0, 1.08%, 0, 0, 1, 23.18
1621225459, 174, 1, 2, 0, 0, 1.08%, 0, 0, 1, 23.25
1621225464, 177, 0, 2, 0, 0, 1.08%, 0, 0, 1, 23.08
1621225470, 179, 0, 2, 0, 0, 1.08%, 0, 0, 1, 23.37
1621225475, 181, 1, 2, 0, 0, 1.08%, 0, 0, 1, 23.54
1621225480, 184, 0, 2, 0, 0, 1.08%, 0, 0, 1, 22.75
1621225485, 186, 1, 2, 0, 0, 1.08%, 0, 0, 1, 23.58
1621225490, 188, 1, 2, 0, 0, 1.08%, 0, 0, 1, 23.40
1621225495, 191, 0, 2, 0, 0, 1.08%, 0, 0, 1, 22.63
1621225500, 193, 1, 2, 0, 0, 1.08%, 0, 0, 1, 23.22
1621225505, 196, 0, 2, 0, 0, 1.08%, 0, 0, 1, 23.46
1621225511, 198, 0, 2, 0, 0, 1.08%, 0, 0, 1, 23.18
1621225516, 200, 1, 2, 0, 0, 1.08%, 0, 0, 1, 23.62
1621225521, 203, 0, 2, 0, 0, 1.08%, 0, 0, 1, 23.52
1621225526, 205, 1, 2, 0, 0, 1.08%, 0, 0, 1, 23.07
1621225531, 208, 0, 2, 0, 0, 1.08%, 0, 0, 1, 23.23
1621225536, 210, 0, 2, 0, 0, 1.08%, 0, 0, 1, 22.76
1621225541, 212, 1, 2, 0, 0, 1.08%, 0, 0, 1, 23.35
1621225546, 215, 0, 2, 0, 0, 1.08%, 0, 0, 1, 23.72
1621225551, 217, 1, 2, 0, 0, 1.08%, 0, 0, 1, 23.38
1621225557, 219, 1, 2, 0, 0, 1.08%, 0, 0, 1, 23.19
1621225562, 222, 0, 2, 0, 0, 1.08%, 0, 0, 1, 23.13
1621225567, 224, 1, 2, 0, 0, 1.08%, 0, 0, 1, 23.44
1621225572, 227, 0, 2, 0, 0, 1.08%, 0, 0, 1, 23.62
1621225577, 229, 1, 2, 0, 0, 1.08%, 0, 0, 1, 23.38
1621225582, 231, 1, 2, 0, 0, 1.08%, 0, 0, 1, 23.15
1621225587, 234, 0, 2, 0, 0, 1.08%, 0, 0, 1, 23.57
1621225592, 236, 1, 2, 0, 0, 1.08%, 0, 0, 1, 23.79
1621225597, 239, 0, 2, 0, 0, 1.08%, 0, 0, 1, 22.89
1621225602, 241, 0, 2, 0, 0, 1.08%, 0, 0, 1, 23.06
1621225608, 243, 1, 2, 0, 0, 1.08%, 0, 0, 1, 22.72
1621225613, 245, 1, 2, 0, 0, 1.08%, 0, 0, 1, 21.29
1621225618, 248, 0, 2, 0, 0, 1.08%, 0, 0, 1, 22.82
1621225623, 250, 1, 2, 0, 0, 1.08%, 0, 0, 1, 22.79
1621225628, 253, 0, 2, 0, 0, 1.08%, 0, 0, 1, 23.08
1621225633, 255, 0, 2, 0, 0, 1.08%, 0, 0, 1, 23.29
1621225638, 257, 1, 2, 0, 0, 1.08%, 0, 0, 1, 23.14
1621225644, 260, 0, 2, 0, 0, 1.08%, 0, 0, 1, 23.44
1621225649, 262, 1, 2, 0, 0, 1.08%, 0, 0, 1, 23.32
1621225654, 264, 1, 2, 0, 0, 1.08%, 0, 0, 1, 23.43
1621225659, 267, 0, 2, 0, 0, 1.08%, 0, 0, 1, 23.23
1621225664, 269, 1, 2, 0, 0, 1.08%, 0, 0, 1, 23.05
1621225669, 272, 0, 2, 0, 0, 1.08%, 0, 0, 1, 22.31
1621225674, 274, 0, 2, 0, 0, 1.08%, 0, 0, 1, 22.76
1621225679, 276, 1, 2, 0, 0, 1.08%, 0, 0, 1, 22.56
1621225685, 278, 1, 2, 0, 0, 1.08%, 0, 0, 1, 22.04
1621225690, 281, 0, 2, 0, 0, 1.08%, 0, 0, 1, 22.45
1621225695, 283, 1, 2, 0, 0, 1.08%, 0, 0, 1, 23.57
1621225700, 285, 1, 2, 0, 0, 1.08%, 0, 0, 1, 22.85
1621225705, 288, 0, 2, 0, 0, 1.08%, 0, 0, 1, 23.49
1621225710, 290, 1, 2, 0, 0, 1.08%, 0, 0, 1, 23.26
1621225715, 293, 0, 2, 0, 0, 1.08%, 0, 0, 1, 23.28
1621225720, 295, 0, 2, 0, 0, 1.08%, 0, 0, 1, 23.01
1621225725, 297, 1, 2, 0, 0, 1.08%, 0, 0, 1, 22.84
1621225730, 299, 1, 2, 0, 0, 1.08%, 0, 0, 1, 22.80
1621225735, 302, 0, 2, 0, 0, 1.08%, 0, 0, 1, 23.12
1621225741, 304, 1, 2, 0, 0, 1.08%, 0, 0, 1, 22.81
1621225746, 307, 0, 2, 0, 0, 1.08%, 0, 0, 1, 23.53
1621225751, 309, 1, 2, 0, 0, 1.08%, 0, 0, 1, 23.41
1621225756, 311, 1, 2, 0, 0, 1.08%, 0, 0, 1, 22.77
1621225761, 314, 0, 2, 0, 0, 1.08%, 0, 0, 1, 23.57
1621225766, 316, 1, 2, 0, 0, 1.08%, 0, 0, 1, 23.96
1621225771, 319, 0, 2, 0, 0, 1.08%, 0, 0, 1, 23.32
1621225776, 321, 0, 2, 0, 0, 1.08%, 0, 0, 1, 23.01
1621225781, 323, 1, 2, 0, 0, 1.08%, 0, 0, 1, 22.76
1621225786, 326, 0, 2, 0, 0, 1.08%, 0, 0, 1, 23.04
1621225792, 328, 1, 2, 0, 0, 1.08%, 0, 0, 1, 23.54
1621225797, 330, 1, 2, 0, 0, 1.08%, 0, 0, 1, 23.37
1621225802, 333, 0, 2, 0, 0, 1.08%, 0, 0, 1, 23.43
1621225807, 335, 1, 2, 0, 0, 1.08%, 0, 0, 1, 23.27
1621225812, 338, 0, 2, 0, 0, 1.08%, 0, 0, 1, 23.70
1621225817, 340, 1, 2, 0, 0, 1.08%, 0, 0, 1, 23.40
1621225822, 342, 1, 2, 0, 0, 1.08%, 0, 0, 1, 23.36
1621225827, 345, 0, 2, 0, 0, 1.08%, 0, 0, 1, 23.49
1621225832, 347, 1, 2, 0, 0, 1.08%, 0, 0, 1, 22.70
1621225837, 349, 1, 2, 0, 0, 1.08%, 0, 0, 1, 23.45
1621225843, 352, 0, 2, 0, 0, 1.08%, 0, 0, 1, 23.88
1621225848, 354, 1, 2, 0, 0, 1.08%, 0, 0, 1, 23.14
1621225853, 357, 0, 2, 0, 0, 1.08%, 0, 0, 1, 22.96
1621225858, 359, 1, 2, 0, 0, 1.08%, 0, 0, 1, 23.44
1621225863, 361, 1, 2, 0, 0, 1.08%, 0, 0, 1, 23.09
1621225868, 364, 0, 2, 0, 0, 1.08%, 0, 0, 1, 23.09
1621225873, 366, 1, 2, 0, 0, 1.08%, 0, 0, 1, 23.38
1621225878, 368, 1, 2, 0, 0, 1.08%, 0, 0, 1, 22.98
1621225884, 371, 0, 2, 0, 0, 1.08%, 0, 0, 1, 23.24
1621225889, 373, 1, 2, 0, 0, 1.08%, 0, 0, 1, 22.66
1621225894, 376, 0, 2, 0, 0, 1.08%, 0, 0, 1, 23.48
1621225899, 378, 1, 2, 0, 0, 1.08%, 0, 0, 1, 22.80
1621225904, 380, 1, 2, 0, 0, 1.08%, 0, 0, 1, 23.33
1621225909, 383, 0, 2, 0, 0, 1.08%, 0, 0, 1, 23.24
1621225914, 385, 1, 2, 0, 0, 1.08%, 0, 0, 1, 22.86
1621225920, 388, 0, 2, 0, 0, 1.08%, 0, 0, 1, 23.59
1621225925, 390, 0, 2, 0, 0, 1.08%, 0, 0, 1, 23.49
1621225930, 392, 1, 2, 0, 0, 1.08%, 0, 0, 1, 23.07
1621225935, 395, 0, 2, 0, 0, 1.08%, 0, 0, 1, 23.03
1621225940, 397, 1, 2, 0, 0, 1.08%, 0, 0, 1, 23.14
1621225945, 400, 0, 2, 0, 0, 1.08%, 0, 0, 1, 23.24
1621225950, 402, 0, 2, 0, 0, 1.08%, 0, 0, 1, 23.13
1621225956, 404, 1, 2, 0, 0, 1.08%, 0, 0, 1, 23.04
1621225961, 407, 0, 2, 0, 0, 1.08%, 0, 0, 1, 23.25
1621225966, 409, 1, 2, 0, 0, 1.08%, 0, 0, 1, 23.02
1621225971, 411, 1, 2, 0, 0, 1.08%, 0, 0, 1, 22.87
1621225976, 414, 0, 2, 0, 0, 1.08%, 0, 0, 1, 23.07
