# unix_time, cycles_done, cur_path, paths_total, pending_total, pending_favs, map_size, unique_crashes, unique_hangs, max_depth, execs_per_sec
1621234513, 0, 0, 1, 1, 1, 1.08%, 0, 0, 1, 14.47
1621235018, 3, 0, 1, 0, 0, 1.08%, 0, 0, 1, 24.37
1621235023, 8, 0, 1, 0, 0, 1.08%, 0, 0, 1, 24.19
1621235028, 12, 0, 1, 0, 0, 1.08%, 0, 0, 1, 24.36
1621235033, 17, 0, 1, 0, 0, 1.08%, 0, 0, 1, 24.08
1621235039, 22, 0, 1, 0, 0, 1.08%, 0, 0, 1, 24.20
1621235044, 27, 0, 1, 0, 0, 1.08%, 0, 0, 1, 24.28
1621235049, 32, 0, 1, 0, 0, 1.08%, 0, 0, 1, 24.17
1621235054, 37, 0, 1, 0, 0, 1.08%, 0, 0, 1, 24.28
1621235059, 42, 0, 1, 0, 0, 1.08%, 0, 0, 1, 24.42
1621235064, 47, 0, 1, 0, 0, 1.08%, 0, 0, 1, 24.31
1621235069, 52, 0, 1, 0, 0, 1.08%, 0, 0, 1, 24.16
1621235074, 57, 0, 1, 0, 0, 1.08%, 0, 0, 1, 24.24
1621235079, 62, 0, 1, 0, 0, 1.08%, 0, 0, 1, 24.57
1621235084, 67, 0, 1, 0, 0, 1.08%, 0, 0, 1, 24.37
1621235089, 72, 0, 1, 0, 0, 1.08%, 0, 0, 1, 24.21
1621235094, 77, 0, 1, 0, 0, 1.08%, 0, 0, 1, 24.27
1621235100, 82, 0, 1, 0, 0, 1.08%, 0, 0, 1, 24.38
1621235105, 86, 0, 1, 0, 0, 1.08%, 0, 0, 1, 24.29
1621235110, 91, 0, 1, 0, 0, 1.08%, 0, 0, 1, 24.28
1621235115, 96, 0, 1, 0, 0, 1.08%, 0, 0, 1, 24.52
1621235120, 101, 0, 1, 0, 0, 1.08%, 0, 0, 1, 24.43
1621235125, 102, 0, 1, 0, 0, 1.08%, 0, 1, 1, 0.40
1621235130, 107, 0, 1, 0, 0, 1.08%, 0, 1, 1, 24.44
1621235135, 111, 0, 1, 0, 0, 1.08%, 0, 1, 1, 24.23
1621235140, 116, 0, 1, 0, 0, 1.08%, 0, 1, 1, 24.26
1621235146, 121, 0, 1, 0, 0, 1.08%, 0, 1, 1, 24.20
1621235151, 126, 0, 1, 0, 0, 1.08%, 0, 1, 1, 24.28
1621235156, 131, 0, 1, 0, 0, 1.08%, 0, 1, 1, 24.21
1621235161, 136, 0, 1, 0, 0, 1.08%, 0, 1, 1, 24.21
1621235166, 141, 0, 1, 0, 0, 1.08%, 0, 1, 1, 24.41
1621235171, 146, 0, 1, 0, 0, 1.08%, 0, 1, 1, 24.23
1621235176, 151, 0, 1, 0, 0, 1.08%, 0, 1, 1, 24.14
1621235181, 156, 0, 1, 0, 0, 1.08%, 0, 1, 1, 24.01
1621235186, 161, 0, 1, 0, 0, 1.08%, 0, 1, 1, 24.14
1621235191, 166, 0, 1, 0, 0, 1.08%, 0, 1, 1, 24.25
1621235196, 171, 0, 1, 0, 0, 1.08%, 0, 1, 1, 24.28
1621235202, 176, 0, 1, 0, 0, 1.08%, 0, 1, 1, 24.15
1621235207, 181, 0, 1, 0, 0, 1.08%, 0, 1, 1, 24.37
1621235216, 185, 0, 1, 0, 0, 1.08%, 0, 1, 1, 0.59
1621235224, 188, 0, 1, 0, 0, 1.08%, 0, 1, 1, 0.40
1621235229, 193, 0, 1, 0, 0, 1.08%, 0, 1, 1, 24.43
1621235234, 198, 0, 1, 0, 0, 1.08%, 0, 1, 1, 24.39
1621235240, 203, 0, 1, 0, 0, 1.08%, 0, 1, 1, 24.18
1621235245, 208, 0, 1, 0, 0, 1.08%, 0, 1, 1, 24.34
1621235250, 213, 0, 1, 0, 0, 1.08%, 0, 1, 1, 24.29
1621235255, 218, 0, 1, 0, 0, 1.08%, 0, 1, 1, 24.55
1621235260, 223, 0, 1, 0, 0, 1.08%, 0, 1, 1, 25.03
1621235265, 228, 0, 1, 0, 0, 1.08%, 0, 1, 1, 25.18
1621235270, 233, 0, 1, 0, 0, 1.08%, 0, 1, 1, 24.86
1621235275, 238, 0, 1, 0, 0, 1.08%, 0, 1, 1, 24.82
1621235280, 243, 0, 1, 0, 0, 1.08%, 0, 1, 1, 24.46
1621235286, 248, 0, 1, 0, 0, 1.08%, 0, 1, 1, 24.31
1621235291, 253, 0, 1, 0, 0, 1.08%, 0, 1, 1, 24.41
1621235296, 258, 0, 1, 0, 0, 1.08%, 0, 1, 1, 24.47
1621235301, 263, 0, 1, 0, 0, 1.08%, 0, 1, 1, 24.47
1621235306, 268, 0, 1, 0, 0, 1.08%, 0, 1, 1, 24.37
1621235311, 273, 0, 1, 0, 0, 1.08%, 0, 1, 1, 24.76
1621235316, 278, 0, 1, 0, 0, 1.08%, 0, 1, 1, 24.40
1621235321, 283, 0, 1, 0, 0, 1.08%, 0, 1, 1, 24.23
1621235326, 288, 0, 1, 0, 0, 1.08%, 0, 1, 1, 24.95
1621235331, 293, 0, 1, 0, 0, 1.08%, 0, 1, 1, 24.42
1621235336, 298, 0, 1, 0, 0, 1.08%, 0, 1, 1, 24.14
1621235342, 303, 0, 1, 0, 0, 1.08%, 0, 1, 1, 24.33
1621235347, 308, 0, 1, 0, 0, 1.08%, 0, 1, 1, 24.15
1621235352, 313, 0, 1, 0, 0, 1.08%, 0, 1, 1, 24.11
1621235357, 318, 0, 1, 0, 0, 1.08%, 0, 1, 1, 24.74
1621235364, 320, 0, 1, 0, 0, 1.08%, 0, 1, 1, 0.20
1621235369, 325, 0, 1, 0, 0, 1.08%, 0, 1, 1, 24.42
1621235374, 330, 0, 1, 0, 0, 1.08%, 0, 1, 1, 24.20
1621235379, 335, 0, 1, 0, 0, 1.08%, 0, 1, 1, 24.39
1621235384, 340, 0, 1, 0, 0, 1.08%, 0, 1, 1, 24.87
1621235389, 345, 0, 1, 0, 0, 1.08%, 0, 1, 1, 24.87
1621235394, 350, 0, 1, 0, 0, 1.08%, 0, 1, 1, 24.39
1621235400, 355, 0, 1, 0, 0, 1.08%, 0, 1, 1, 24.10
1621235405, 360, 0, 1, 0, 0, 1.08%, 0, 1, 1, 24.22
1621235410, 365, 0, 1, 0, 0, 1.08%, 0, 1, 1, 24.51
1621235415, 370, 0, 1, 0, 0, 1.08%, 0, 1, 1, 24.66
1621235420, 375, 0, 1, 0, 0, 1.08%, 0, 1, 1, 24.31
1621235425, 380, 0, 1, 0, 0, 1.08%, 0, 1, 1, 24.34
1621235430, 385, 0, 1, 0, 0, 1.08%, 0, 1, 1, 24.19
1621235435, 390, 0, 1, 0, 0, 1.08%, 0, 1, 1, 24.14
1621235440, 395, 0, 1, 0, 0, 1.08%, 0, 1, 1, 24.65
1621235446, 400, 0, 1, 0, 0, 1.08%, 0, 1, 1, 24.12
1621235451, 405, 0, 1, 0, 0, 1.08%, 0, 1, 1, 24.07
1621235456, 410, 0, 1, 0, 0, 1.08%, 0, 1, 1, 24.53
1621235461, 415, 0, 1, 0, 0, 1.08%, 0, 1, 1, 24.43
1621235466, 420, 0, 1, 0, 0, 1.08%, 0, 1, 1, 24.13
1621235471, 425, 0, 1, 0, 0, 1.08%, 0, 1, 1, 24.34
1621235481, 430, 0, 1, 0, 0, 1.08%, 0, 1, 1, 0.59
1621235486, 434, 0, 1, 0, 0, 1.08%, 0, 1, 1, 24.02
1621235491, 439, 0, 1, 0, 0, 1.08%, 0, 1, 1, 24.08
1621235496, 444, 0, 1, 0, 0, 1.08%, 0, 1, 1, 24.65
1621235501, 449, 0, 1, 0, 0, 1.08%, 0, 1, 1, 24.29
1621235507, 454, 0, 1, 0, 0, 1.08%, 0, 1, 1, 24.13
1621235515, 457, 0, 1, 0, 0, 1.08%, 0, 1, 1, 1.15
1621235520, 463, 0, 1, 0, 0, 1.08%, 0, 1, 1, 24.50
1621235525, 468, 0, 1, 0, 0, 1.08%, 0, 1, 1, 27.09
1621235531, 470, 0, 1, 0, 0, 1.08%, 0, 1, 1, 0.20
1621235537, 476, 0, 1, 0, 0, 1.08%, 0, 1, 1, 28.03
1621235542, 481, 0, 1, 0, 0, 1.08%, 0, 1, 1, 27.71
1621235547, 487, 0, 1, 0, 0, 1.08%, 0, 1, 1, 27.91
1621235552, 493, 0, 1, 0, 0, 1.08%, 0, 1, 1, 27.59
1621235557, 498, 0, 1, 0, 0, 1.08%, 0, 1, 1, 27.38
1621235562, 504, 0, 1, 0, 0, 1.08%, 0, 1, 1, 27.88
1621235567, 510, 0, 1, 0, 0, 1.08%, 0, 1, 1, 27.79
1621235572, 515, 0, 1, 0, 0, 1.08%, 0, 1, 1, 28.09
1621235578, 516, 0, 1, 0, 0, 1.08%, 0, 1, 1, 0.59
1621235584, 522, 0, 1, 0, 0, 1.08%, 0, 1, 1, 27.70
1621235589, 528, 0, 1, 0, 0, 1.08%, 0, 1, 1, 27.46
1621235594, 533, 0, 1, 0, 0, 1.08%, 0, 1, 1, 27.47
1621235599, 539, 0, 1, 0, 0, 1.08%, 0, 1, 1, 27.56
1621235604, 545, 0, 1, 0, 0, 1.08%, 0, 1, 1, 27.39
1621235609, 550, 0, 1, 0, 0, 1.08%, 0, 1, 1, 27.67
1621235619, 555, 0, 1, 0, 0, 1.08%, 0, 1, 1, 1.16
1621235624, 561, 0, 1, 0, 0, 1.08%, 0, 1, 1, 27.58
1621235629, 566, 0, 1, 0, 0, 1.08%, 0, 1, 1, 27.56
1621235637, 570, 0, 1, 0, 0, 1.08%, 0, 1, 1, 0.40
1621235642, 576, 0, 1, 0, 0, 1.08%, 0, 1, 1, 27.72
1621235648, 577, 0, 1, 0, 0, 1.08%, 0, 1, 1, 0.40
1621235653, 582, 0, 1, 0, 0, 1.08%, 0, 1, 1, 27.27
1621235658, 588, 0, 1, 0, 0, 1.08%, 0, 1, 1, 27.25
1621235663, 594, 0, 1, 0, 0, 1.08%, 0, 1, 1, 27.75
1621235668, 599, 0, 1, 0, 0, 1.08%, 0, 1, 1, 27.93
1621235673, 605, 0, 1, 0, 0, 1.08%, 0, 1, 1, 27.69
1621235678, 611, 0, 1, 0, 0, 1.08%, 0, 1, 1, 27.57
1621235684, 616, 0, 1, 0, 0, 1.08%, 0, 1, 1, 27.68
1621235689, 622, 0, 1, 0, 0, 1.08%, 0, 1, 1, 27.64
1621235694, 628, 0, 1, 0, 0, 1.08%, 0, 1, 1, 27.85
1621235699, 634, 0, 1, 0, 0, 1.08%, 0, 1, 1, 27.66
1621235707, 637, 0, 1, 0, 0, 1.08%, 0, 1, 1, 0.59
1621235712, 642, 0, 1, 0, 0, 1.08%, 0, 1, 1, 27.83
