# unix_time, cycles_done, cur_path, paths_total, pending_total, pending_favs, map_size, unique_crashes, unique_hangs, max_depth, execs_per_sec
1621139166, 0, 0, 8, 8, 3, 1.97%, 0, 0, 1, 2.88
1621139176, 0, 0, 9, 9, 3, 1.97%, 0, 0, 2, 2.97
1621139181, 0, 0, 10, 10, 3, 1.98%, 0, 0, 2, 3.12
1621139186, 0, 0, 11, 11, 3, 1.98%, 0, 0, 2, 3.15
1621139207, 0, 0, 13, 13, 3, 1.98%, 0, 0, 2, 3.26
1621139232, 0, 0, 14, 14, 3, 1.98%, 0, 0, 2, 3.26
1621139393, 0, 0, 15, 15, 3, 1.98%, 0, 0, 2, 3.45
1621139855, 0, 0, 16, 16, 3, 1.98%, 0, 0, 2, 3.02
1621140338, 0, 0, 17, 17, 3, 1.99%, 0, 0, 2, 3.73
