# unix_time, cycles_done, cur_path, paths_total, pending_total, pending_favs, map_size, unique_crashes, unique_hangs, max_depth, execs_per_sec
1619730022, 0, 0, 4, 4, 2, 14.11%, 0, 0, 1, 157.25
1619730027, 0, 2, 11, 11, 2, 14.93%, 0, 0, 2, 161.85
1619730032, 0, 2, 15, 15, 2, 15.89%, 0, 0, 2, 159.01
1619730037, 0, 2, 19, 19, 2, 15.90%, 0, 0, 2, 159.61
1619730042, 0, 2, 29, 29, 2, 15.94%, 0, 0, 2, 158.47
1619730047, 0, 2, 34, 34, 2, 15.96%, 0, 0, 2, 156.61
1619730053, 0, 2, 35, 35, 2, 15.96%, 0, 0, 2, 155.36
1619730058, 0, 2, 37, 37, 2, 15.96%, 0, 0, 2, 155.56
1619730063, 0, 2, 38, 38, 2, 15.96%, 0, 0, 2, 155.97
1619730068, 0, 2, 40, 40, 2, 15.96%, 0, 0, 2, 155.65
1619730078, 0, 2, 42, 42, 2, 15.96%, 0, 0, 2, 156.12
1619730083, 0, 2, 45, 45, 2, 15.96%, 0, 0, 2, 155.82
1619730088, 0, 2, 47, 47, 2, 15.97%, 0, 0, 2, 156.77
1619730093, 0, 2, 49, 49, 2, 15.97%, 0, 0, 2, 156.76
1619730103, 0, 2, 51, 51, 2, 15.97%, 0, 0, 2, 162.85
1619730108, 0, 2, 53, 53, 2, 15.97%, 0, 0, 2, 159.96
1619730113, 0, 2, 54, 54, 2, 15.97%, 0, 0, 2, 155.12
1619730123, 0, 2, 55, 55, 2, 15.97%, 0, 0, 2, 155.28
1619730134, 0, 2, 61, 61, 2, 15.97%, 0, 0, 2, 155.67
1619730139, 0, 2, 70, 70, 2, 15.97%, 0, 0, 2, 156.90
1619730164, 0, 2, 71, 71, 2, 15.97%, 0, 0, 2, 153.03
1619730194, 0, 2, 72, 72, 2, 15.97%, 0, 0, 2, 160.73
1619730204, 0, 2, 73, 73, 2, 15.97%, 0, 0, 2, 158.79
1619730215, 0, 2, 74, 74, 2, 15.97%, 0, 0, 2, 160.14
1619730230, 0, 2, 75, 75, 2, 15.97%, 0, 0, 2, 157.48
1619730235, 0, 2, 76, 76, 2, 15.97%, 0, 0, 2, 155.65
1619730240, 0, 2, 77, 77, 2, 15.97%, 0, 0, 2, 154.35
1619730250, 0, 2, 79, 79, 2, 15.97%, 0, 0, 2, 158.26
1619730255, 0, 2, 80, 80, 2, 15.97%, 0, 0, 2, 154.16
1619730265, 0, 2, 81, 81, 2, 15.97%, 0, 0, 2, 158.09
1619730280, 0, 2, 82, 82, 2, 15.97%, 0, 0, 2, 154.18
1619730291, 0, 2, 83, 83, 2, 15.97%, 0, 0, 2, 157.19
1619730296, 0, 2, 84, 84, 2, 15.97%, 0, 0, 2, 156.62
1619730301, 0, 2, 85, 85, 2, 15.97%, 0, 0, 2, 157.30
1619730311, 0, 2, 86, 86, 2, 15.97%, 0, 0, 2, 156.40
1619730316, 0, 2, 87, 87, 2, 15.97%, 0, 0, 2, 155.46
1619730331, 0, 2, 88, 88, 2, 15.97%, 0, 0, 2, 152.99
1619730336, 0, 2, 90, 90, 2, 15.97%, 0, 0, 2, 154.41
1619730346, 0, 2, 91, 91, 2, 15.97%, 0, 0, 2, 163.79
1619730367, 0, 2, 92, 92, 2, 15.97%, 0, 0, 2, 154.84
1619730372, 0, 2, 93, 93, 2, 15.97%, 0, 0, 2, 154.77
1619730392, 0, 2, 95, 95, 2, 15.97%, 0, 0, 2, 153.30
1619730402, 0, 2, 97, 97, 2, 15.97%, 0, 0, 2, 157.25
1619730422, 0, 2, 100, 100, 2, 15.97%, 0, 0, 2, 154.58
1619730449, 0, 2, 101, 101, 2, 15.97%, 0, 0, 2, 2.63
1619730459, 0, 2, 108, 108, 2, 16.48%, 0, 0, 2, 689.74
1619730464, 0, 2, 112, 112, 2, 16.48%, 0, 0, 2, 717.01
1619730469, 0, 2, 114, 114, 2, 16.48%, 0, 0, 2, 761.61
1619730474, 0, 2, 115, 115, 2, 16.48%, 0, 0, 2, 753.99
1619730479, 0, 2, 117, 117, 2, 16.48%, 0, 0, 2, 759.44
1619730484, 0, 2, 119, 119, 2, 16.48%, 0, 0, 2, 780.77
1619730490, 0, 5, 119, 118, 8, 16.48%, 0, 0, 2, 781.39
1619730495, 0, 5, 122, 121, 8, 16.48%, 0, 0, 3, 801.05
1619730515, 0, 5, 124, 123, 8, 16.48%, 0, 0, 3, 812.02
1619730520, 0, 5, 125, 124, 8, 16.48%, 0, 0, 3, 819.18
1619730530, 0, 5, 126, 125, 8, 16.48%, 0, 0, 3, 803.65
1619730535, 0, 5, 128, 127, 8, 16.48%, 0, 0, 3, 803.95
1619730540, 0, 5, 129, 128, 8, 16.48%, 0, 0, 3, 796.27
1619730551, 0, 5, 130, 129, 8, 16.48%, 0, 0, 3, 760.68
1619730561, 0, 5, 131, 130, 8, 16.48%, 0, 0, 3, 793.15
1619730586, 0, 7, 132, 130, 7, 16.48%, 0, 0, 3, 780.47
1619730591, 0, 7, 133, 131, 7, 16.48%, 0, 0, 3, 793.29
1619730606, 0, 7, 134, 132, 7, 16.48%, 0, 0, 3, 798.16
1619730611, 0, 7, 135, 133, 7, 16.48%, 0, 0, 3, 1009.38
1619730616, 0, 7, 136, 134, 7, 16.48%, 0, 0, 3, 841.34
1619730632, 0, 7, 137, 135, 7, 16.48%, 0, 0, 3, 990.02
1619730637, 0, 7, 138, 136, 7, 16.48%, 0, 0, 3, 856.96
1619730667, 0, 7, 139, 137, 7, 16.48%, 0, 0, 3, 797.99
1619730672, 0, 28, 140, 137, 6, 16.48%, 0, 0, 3, 806.99
1619730708, 0, 28, 141, 138, 6, 16.48%, 0, 0, 3, 803.77
1619730744, 0, 28, 142, 139, 6, 16.48%, 0, 0, 3, 804.17
1619730749, 0, 28, 143, 140, 6, 16.48%, 0, 0, 3, 892.78
1619730759, 0, 29, 143, 139, 5, 16.48%, 0, 0, 3, 829.81
1619730764, 0, 29, 144, 140, 5, 16.48%, 0, 0, 3, 787.86
1619730769, 0, 29, 145, 141, 5, 16.48%, 0, 0, 3, 927.87
1619730800, 0, 29, 146, 142, 5, 16.48%, 0, 0, 3, 810.20
1619730841, 0, 29, 147, 143, 5, 16.48%, 0, 0, 3, 806.06
1619730851, 0, 40, 147, 142, 4, 16.48%, 0, 0, 3, 802.18
1619730866, 0, 40, 148, 143, 4, 16.48%, 0, 0, 3, 825.57
1619730917, 0, 40, 149, 144, 4, 16.48%, 0, 0, 3, 828.97
1619730942, 0, 46, 149, 143, 3, 16.48%, 0, 0, 3, 807.06
1619731018, 0, 46, 150, 144, 3, 16.48%, 0, 0, 3, 797.69
1619731033, 0, 58, 150, 143, 2, 16.48%, 0, 0, 3, 783.37
1619731038, 0, 58, 151, 144, 2, 16.48%, 0, 0, 3, 767.36
1619731125, 0, 73, 152, 144, 1, 16.48%, 0, 0, 3, 798.53
1619731165, 0, 73, 153, 145, 1, 16.48%, 0, 0, 3, 784.09
1619731221, 0, 85, 153, 144, 0, 16.48%, 0, 0, 3, 788.47
1619731226, 0, 85, 154, 145, 0, 16.79%, 0, 0, 3, 781.01
