# unix_time, cycles_done, cur_path, paths_total, pending_total, pending_favs, map_size, unique_crashes, unique_hangs, max_depth, execs_per_sec
1621584709, 0, 0, 4, 4, 2, 3.66%, 0, 0, 1, 0.20
1621584714, 0, 1, 4, 4, 2, 3.66%, 0, 0, 1, 0.20
1621584830, 0, 1, 5, 5, 2, 3.66%, 0, 0, 2, 0.20
1621584954, 0, 1, 6, 6, 2, 3.66%, 0, 0, 2, 0.20
1621585084, 0, 1, 6, 6, 2, 3.66%, 0, 1, 2, 0.20
1621585174, 0, 1, 6, 6, 2, 3.66%, 0, 2, 2, 0.20
1621585554, 0, 1, 7, 7, 2, 3.66%, 0, 2, 2, 0.20
1621585629, 0, 1, 8, 8, 2, 3.66%, 0, 2, 2, 0.20
1621585694, 0, 1, 8, 8, 2, 3.66%, 0, 3, 2, 0.20
1621585719, 0, 1, 8, 8, 2, 3.66%, 0, 4, 2, 0.20
