# unix_time, cycles_done, cur_path, paths_total, pending_total, pending_favs, map_size, unique_crashes, unique_hangs, max_depth, execs_per_sec
1621233299, 0, 0, 7, 7, 1, 1.08%, 0, 0, 1, 13.53
1621233304, 0, 2, 7, 7, 1, 1.08%, 0, 0, 1, 13.60
1621233386, 0, 3, 7, 6, 0, 1.08%, 0, 0, 1, 24.37
1621233448, 0, 4, 7, 5, 0, 1.08%, 0, 0, 1, 23.20
1621233510, 0, 5, 7, 4, 0, 1.08%, 0, 0, 1, 24.07
1621233572, 0, 6, 7, 3, 0, 1.08%, 0, 0, 1, 24.17
1621233628, 1, 0, 7, 2, 0, 1.08%, 0, 0, 1, 24.31
1621234111, 1, 1, 7, 1, 0, 1.08%, 0, 0, 1, 24.30
1621234183, 1, 3, 7, 0, 0, 1.08%, 0, 0, 1, 24.23
1621234193, 1, 5, 7, 0, 0, 1.08%, 0, 0, 1, 24.25
1621234198, 1, 6, 7, 0, 0, 1.08%, 0, 0, 1, 24.19
1621234203, 2, 0, 7, 0, 0, 1.08%, 0, 0, 1, 24.44
1621234214, 2, 1, 7, 0, 0, 1.08%, 0, 0, 1, 24.19
1621234219, 2, 2, 7, 0, 0, 1.08%, 0, 0, 1, 24.51
1621234224, 2, 4, 7, 0, 0, 1.08%, 0, 0, 1, 24.51
1621234229, 2, 5, 7, 0, 0, 1.08%, 0, 0, 1, 24.53
1621234234, 2, 6, 7, 0, 0, 1.08%, 0, 0, 1, 24.58
1621234239, 3, 0, 7, 0, 0, 1.08%, 0, 0, 1, 24.23
1621234250, 3, 1, 7, 0, 0, 1.08%, 0, 0, 1, 24.62
1621234255, 3, 2, 7, 0, 0, 1.08%, 0, 0, 1, 24.29
1621234260, 3, 3, 7, 0, 0, 1.08%, 0, 0, 1, 24.51
1621234265, 3, 4, 7, 0, 0, 1.08%, 0, 0, 1, 24.64
1621234270, 3, 6, 7, 0, 0, 1.08%, 0, 0, 1, 24.28
1621234275, 4, 0, 7, 0, 0, 1.08%, 0, 0, 1, 24.13
1621234286, 4, 1, 7, 0, 0, 1.08%, 0, 0, 1, 24.27
1621234296, 4, 3, 7, 0, 0, 1.08%, 0, 0, 1, 24.42
1621234306, 4, 4, 7, 0, 0, 1.08%, 0, 0, 1, 24.07
1621234311, 4, 6, 7, 0, 0, 1.08%, 0, 0, 1, 24.43
1621234316, 5, 0, 7, 0, 0, 1.08%, 0, 0, 1, 24.18
1621234327, 5, 1, 7, 0, 0, 1.08%, 0, 0, 1, 24.40
1621234337, 5, 2, 7, 0, 0, 1.08%, 0, 0, 1, 24.38
1621234342, 5, 4, 7, 0, 0, 1.08%, 0, 0, 1, 24.22
1621234347, 5, 6, 7, 0, 0, 1.08%, 0, 0, 1, 24.19
1621234358, 6, 0, 7, 0, 0, 1.08%, 0, 0, 1, 22.05
1621234368, 6, 1, 7, 0, 0, 1.08%, 0, 0, 1, 24.46
1621234378, 6, 3, 7, 0, 0, 1.08%, 0, 0, 1, 24.45
1621234388, 6, 4, 7, 0, 0, 1.08%, 0, 1, 1, 0.59
1621234393, 6, 5, 7, 0, 0, 1.08%, 0, 1, 1, 24.33
1621234398, 6, 6, 7, 0, 0, 1.08%, 0, 1, 1, 24.37
1621234404, 7, 0, 7, 0, 0, 1.08%, 0, 1, 1, 24.21
1621234409, 7, 1, 7, 0, 0, 1.08%, 0, 1, 1, 24.12
1621234419, 7, 2, 7, 0, 0, 1.08%, 0, 1, 1, 24.34
1621234424, 7, 3, 7, 0, 0, 1.08%, 0, 1, 1, 24.42
1621234429, 7, 4, 7, 0, 0, 1.08%, 0, 1, 1, 24.49
1621234434, 7, 5, 7, 0, 0, 1.08%, 0, 1, 1, 24.46
1621234439, 7, 6, 7, 0, 0, 1.08%, 0, 1, 1, 24.61
1621234445, 8, 0, 7, 0, 0, 1.08%, 0, 1, 1, 24.40
1621234455, 8, 1, 7, 0, 0, 1.08%, 0, 1, 1, 24.44
1621234465, 8, 2, 7, 0, 0, 1.08%, 0, 1, 1, 24.40
1621234470, 8, 3, 7, 0, 0, 1.08%, 0, 1, 1, 24.58
1621234475, 8, 4, 7, 0, 0, 1.08%, 0, 1, 1, 24.59
1621234481, 9, 0, 7, 0, 0, 1.08%, 0, 1, 1, 24.39
1621234491, 9, 1, 7, 0, 0, 1.08%, 0, 1, 1, 24.23
