# unix_time, cycles_done, cur_path, paths_total, pending_total, pending_favs, map_size, unique_crashes, unique_hangs, max_depth, execs_per_sec
1621127354, 0, 0, 3, 3, 2, 1.98%, 0, 0, 1, 5.33
1621127359, 0, 1, 4, 4, 2, 1.98%, 0, 0, 2, 7.78
1621127364, 0, 1, 5, 5, 2, 1.98%, 0, 0, 2, 8.62
1621127369, 0, 1, 6, 6, 2, 1.99%, 0, 0, 2, 9.01
1621127374, 0, 1, 7, 7, 2, 1.99%, 0, 0, 2, 9.15
1621127533, 0, 1, 8, 8, 2, 1.99%, 0, 0, 2, 8.99
1621127641, 0, 1, 10, 10, 2, 2.00%, 0, 0, 2, 8.48
1621127646, 0, 1, 13, 13, 2, 2.00%, 0, 0, 2, 8.43
1621127651, 0, 1, 14, 14, 2, 2.00%, 0, 0, 2, 8.55
1621127656, 0, 1, 16, 16, 2, 2.01%, 0, 0, 2, 8.53
1621127753, 0, 1, 17, 17, 2, 2.01%, 0, 0, 2, 8.42
1621127759, 0, 1, 18, 18, 2, 2.01%, 0, 0, 2, 8.37
1621127769, 0, 1, 19, 19, 2, 2.01%, 0, 0, 2, 8.25
1621127774, 0, 1, 22, 22, 2, 2.04%, 0, 0, 2, 8.29
1621127779, 0, 1, 24, 24, 2, 2.05%, 0, 0, 2, 9.03
1621127784, 0, 1, 26, 26, 2, 2.05%, 0, 0, 2, 9.47
1621128226, 0, 1, 27, 27, 2, 2.06%, 0, 0, 2, 8.43
1621128236, 0, 1, 28, 28, 2, 2.06%, 0, 0, 2, 8.34
1621128246, 0, 1, 29, 29, 2, 2.06%, 0, 0, 2, 8.39
1621128293, 0, 1, 30, 30, 2, 2.06%, 0, 0, 2, 8.43
1621128298, 0, 1, 34, 34, 2, 2.06%, 0, 0, 2, 8.40
1621128303, 0, 1, 38, 38, 2, 2.06%, 0, 0, 2, 8.90
1621128308, 0, 1, 42, 42, 2, 2.06%, 0, 0, 2, 14.37
1621128313, 0, 1, 47, 47, 2, 2.09%, 0, 0, 2, 18.79
1621128318, 0, 1, 49, 49, 2, 2.09%, 0, 0, 2, 17.47
1621128324, 0, 1, 52, 52, 2, 2.09%, 0, 0, 2, 11.81
1621128329, 0, 1, 55, 55, 2, 2.09%, 0, 0, 2, 12.44
1621128334, 0, 1, 58, 58, 2, 2.09%, 0, 0, 2, 10.09
1621128339, 0, 1, 60, 60, 2, 2.10%, 0, 0, 2, 12.50
1621128344, 0, 1, 61, 61, 2, 2.10%, 0, 0, 2, 11.29
1621128349, 0, 1, 62, 62, 2, 2.10%, 0, 0, 2, 10.69
1621128354, 0, 1, 64, 64, 2, 2.10%, 0, 0, 2, 9.38
1621128359, 0, 1, 67, 67, 2, 2.10%, 0, 0, 2, 8.86
1621128364, 0, 1, 69, 69, 2, 2.10%, 0, 0, 2, 8.70
1621128374, 0, 1, 70, 70, 2, 2.10%, 0, 0, 2, 8.22
1621128380, 0, 1, 72, 72, 2, 2.10%, 0, 0, 2, 8.75
1621128390, 0, 1, 74, 74, 2, 2.10%, 0, 0, 2, 7.52
1621128395, 0, 1, 76, 76, 2, 2.10%, 0, 0, 2, 10.76
1621128400, 0, 1, 79, 79, 2, 2.10%, 0, 0, 2, 8.66
1621128410, 0, 1, 82, 82, 2, 2.10%, 0, 0, 2, 7.36
1621128416, 0, 1, 83, 83, 2, 2.10%, 0, 0, 2, 8.22
1621128421, 0, 1, 85, 85, 2, 2.10%, 0, 0, 2, 7.96
1621128426, 0, 1, 87, 87, 2, 2.10%, 0, 0, 2, 7.93
1621128431, 0, 1, 89, 89, 2, 2.10%, 0, 0, 2, 7.86
1621128436, 0, 1, 90, 90, 2, 2.10%, 0, 0, 2, 10.34
1621128441, 0, 1, 91, 91, 2, 2.10%, 0, 0, 2, 8.52
1621128446, 0, 1, 92, 92, 2, 2.10%, 0, 0, 2, 8.89
1621128457, 0, 1, 94, 94, 2, 2.10%, 0, 0, 2, 9.00
1621128462, 0, 1, 95, 95, 2, 2.10%, 0, 0, 2, 9.70
1621128467, 0, 1, 96, 96, 2, 2.10%, 0, 0, 2, 8.30
1621128472, 0, 1, 98, 98, 2, 2.10%, 0, 0, 2, 12.36
1621128488, 0, 1, 99, 99, 2, 2.10%, 0, 0, 2, 9.56
1621128498, 0, 1, 102, 102, 2, 2.10%, 0, 0, 2, 8.94
1621128503, 0, 1, 103, 103, 2, 2.10%, 0, 0, 2, 8.01
1621128508, 0, 1, 104, 104, 2, 2.10%, 0, 0, 2, 8.30
1621128514, 0, 1, 105, 105, 2, 2.10%, 0, 0, 2, 8.80
1621128519, 0, 1, 106, 106, 2, 2.10%, 0, 0, 2, 8.37
1621128529, 0, 1, 108, 108, 2, 2.10%, 0, 0, 2, 8.64
