# unix_time, cycles_done, cur_path, paths_total, pending_total, pending_favs, map_size, unique_crashes, unique_hangs, max_depth, execs_per_sec
1619734907, 0, 0, 2, 2, 2, 13.97%, 0, 0, 1, 147.69
1619734912, 0, 0, 10, 10, 2, 15.12%, 0, 0, 2, 157.10
1619734917, 0, 0, 13, 13, 2, 16.03%, 0, 0, 2, 152.84
1619734922, 0, 0, 18, 18, 2, 16.04%, 0, 0, 2, 154.18
1619734927, 0, 0, 20, 20, 2, 16.04%, 0, 0, 2, 156.19
1619734932, 0, 0, 31, 31, 2, 16.10%, 0, 0, 2, 153.44
1619734937, 0, 0, 35, 35, 2, 16.10%, 0, 0, 2, 156.30
1619734942, 0, 0, 38, 38, 2, 16.10%, 0, 0, 2, 150.28
1619734947, 0, 0, 39, 39, 2, 16.11%, 0, 0, 2, 156.49
1619734957, 0, 0, 41, 41, 2, 16.11%, 0, 0, 2, 160.30
1619734963, 0, 0, 45, 45, 2, 16.11%, 0, 0, 2, 159.26
1619734968, 0, 0, 46, 46, 2, 16.11%, 0, 0, 2, 156.69
1619734973, 0, 0, 47, 47, 2, 16.11%, 0, 0, 2, 153.49
1619734978, 0, 0, 50, 50, 2, 16.12%, 0, 0, 2, 156.89
1619734983, 0, 0, 51, 51, 2, 16.12%, 0, 0, 2, 153.01
1619734988, 0, 0, 53, 53, 2, 16.12%, 0, 0, 2, 155.92
1619734993, 0, 0, 54, 54, 2, 16.12%, 0, 0, 2, 156.78
1619735003, 0, 0, 56, 56, 2, 16.12%, 0, 0, 2, 152.80
1619735008, 0, 0, 57, 57, 2, 16.12%, 0, 0, 2, 155.61
1619735018, 0, 0, 60, 60, 2, 16.12%, 0, 0, 2, 154.73
1619735024, 0, 0, 61, 61, 2, 16.12%, 0, 0, 2, 156.46
1619735029, 0, 0, 73, 73, 2, 16.12%, 0, 0, 2, 167.68
1619735034, 0, 0, 74, 74, 2, 16.12%, 0, 0, 2, 155.67
1619735039, 0, 0, 75, 75, 2, 16.12%, 0, 0, 2, 156.07
1619735044, 0, 0, 76, 76, 2, 16.12%, 0, 0, 2, 151.69
1619735064, 0, 0, 77, 77, 2, 16.12%, 0, 0, 2, 151.23
1619735080, 0, 0, 78, 78, 2, 16.12%, 0, 0, 2, 152.83
1619735105, 0, 0, 79, 79, 2, 16.12%, 0, 0, 2, 159.96
1619735110, 0, 0, 80, 80, 2, 16.12%, 0, 0, 2, 158.86
1619735120, 0, 0, 82, 82, 2, 16.12%, 0, 0, 2, 157.89
1619735125, 0, 0, 83, 83, 2, 16.12%, 0, 0, 2, 159.61
1619735130, 0, 0, 84, 84, 2, 16.12%, 0, 0, 2, 154.33
1619735145, 0, 0, 85, 85, 2, 16.12%, 0, 0, 2, 154.05
1619735166, 0, 0, 86, 86, 2, 16.12%, 0, 0, 2, 153.66
1619735176, 0, 0, 88, 88, 2, 16.12%, 0, 0, 2, 157.84
1619735186, 0, 0, 89, 89, 2, 16.12%, 0, 0, 2, 157.28
1619735201, 0, 0, 92, 92, 2, 16.12%, 0, 0, 2, 164.41
1619735212, 0, 0, 93, 93, 2, 16.12%, 0, 0, 2, 156.67
1619735217, 0, 0, 94, 94, 2, 16.12%, 0, 0, 2, 152.06
1619735222, 0, 0, 95, 95, 2, 16.12%, 0, 0, 2, 155.76
1619735257, 0, 0, 97, 97, 2, 16.12%, 0, 0, 2, 158.24
1619735262, 0, 0, 99, 99, 2, 16.12%, 0, 0, 2, 155.89
1619735277, 0, 0, 100, 100, 2, 16.12%, 0, 0, 2, 159.91
1619735282, 0, 0, 101, 101, 2, 16.12%, 0, 0, 2, 160.68
1619735287, 0, 0, 103, 103, 2, 16.12%, 0, 0, 2, 157.69
1619735298, 0, 0, 104, 104, 2, 16.12%, 0, 0, 2, 156.04
1619735303, 0, 0, 105, 105, 2, 16.12%, 0, 0, 2, 152.99
1619735335, 0, 0, 106, 106, 2, 16.12%, 0, 0, 2, 7.34
1619735340, 0, 0, 108, 108, 2, 16.59%, 0, 0, 2, 582.18
1619735345, 0, 0, 111, 111, 2, 16.59%, 0, 0, 2, 609.39
1619735350, 0, 0, 117, 117, 2, 16.59%, 0, 0, 2, 717.82
1619735355, 0, 0, 118, 118, 2, 16.59%, 0, 0, 2, 761.73
1619735360, 0, 0, 119, 119, 2, 16.59%, 0, 0, 2, 756.01
1619735365, 0, 0, 120, 120, 2, 16.59%, 0, 0, 2, 722.11
1619735370, 0, 0, 121, 121, 2, 16.59%, 0, 0, 2, 747.74
1619735380, 0, 2, 122, 121, 12, 16.59%, 0, 0, 3, 781.10
1619735390, 0, 2, 124, 123, 12, 16.59%, 0, 0, 3, 795.10
1619735395, 0, 2, 126, 125, 12, 16.59%, 0, 0, 3, 803.10
1619735400, 0, 2, 128, 127, 12, 16.59%, 0, 0, 3, 795.09
1619735405, 0, 2, 130, 129, 12, 16.59%, 0, 0, 3, 788.21
1619735411, 0, 2, 132, 131, 12, 16.59%, 0, 0, 3, 784.09
1619735416, 0, 2, 133, 132, 12, 16.59%, 0, 0, 3, 800.52
1619735421, 0, 2, 136, 135, 12, 16.59%, 0, 0, 3, 797.83
1619735426, 0, 2, 137, 136, 12, 16.59%, 0, 0, 3, 820.20
1619735441, 0, 2, 138, 137, 12, 16.59%, 0, 0, 3, 809.10
1619735446, 0, 2, 139, 138, 12, 16.59%, 0, 0, 3, 801.20
1619735456, 0, 2, 140, 139, 12, 16.59%, 0, 0, 3, 777.37
1619735472, 0, 2, 141, 140, 12, 16.59%, 0, 0, 3, 800.27
1619735482, 0, 2, 143, 142, 12, 16.59%, 0, 0, 3, 792.97
1619735487, 0, 23, 143, 141, 11, 16.59%, 0, 0, 3, 767.71
1619735492, 0, 23, 144, 142, 11, 16.59%, 0, 0, 3, 784.39
1619735553, 0, 23, 145, 143, 11, 16.59%, 0, 0, 3, 783.06
1619735578, 0, 23, 146, 144, 11, 16.59%, 0, 0, 3, 794.04
1619735584, 0, 25, 147, 144, 10, 16.59%, 0, 0, 3, 809.17
1619735594, 0, 25, 148, 145, 10, 16.59%, 0, 0, 3, 812.91
1619735609, 0, 25, 149, 146, 10, 16.59%, 0, 0, 3, 778.72
1619735624, 0, 25, 150, 147, 10, 16.59%, 0, 0, 3, 902.63
1619735654, 0, 25, 151, 148, 10, 16.59%, 0, 0, 3, 800.65
1619735685, 0, 26, 151, 147, 9, 16.59%, 0, 0, 3, 724.65
1619735776, 0, 26, 152, 148, 9, 16.59%, 0, 0, 3, 767.71
1619735781, 0, 32, 152, 147, 8, 16.59%, 0, 0, 3, 783.43
1619735827, 0, 32, 153, 148, 8, 16.59%, 0, 0, 3, 795.54
1619735837, 0, 32, 154, 149, 8, 16.59%, 0, 0, 3, 775.26
1619735882, 0, 34, 155, 149, 7, 16.59%, 0, 0, 3, 780.18
1619735938, 0, 34, 156, 150, 7, 16.59%, 0, 0, 3, 798.64
1619735943, 0, 34, 157, 151, 7, 16.59%, 0, 0, 3, 788.50
1619735978, 0, 34, 158, 152, 7, 16.59%, 0, 0, 3, 797.78
1619735983, 0, 41, 158, 151, 6, 16.59%, 0, 0, 3, 789.98
1619736080, 0, 47, 158, 150, 5, 16.59%, 0, 0, 3, 793.02
1619736090, 0, 47, 159, 151, 5, 16.59%, 0, 0, 3, 766.03
1619736110, 0, 47, 160, 152, 5, 16.59%, 0, 0, 3, 789.48
