# unix_time, cycles_done, cur_path, paths_total, pending_total, pending_favs, map_size, unique_crashes, unique_hangs, max_depth, execs_per_sec
1621128586, 0, 0, 13, 13, 5, 2.13%, 0, 0, 1, 10.28
1621128591, 0, 0, 16, 16, 5, 2.13%, 0, 0, 2, 8.38
1621128606, 0, 0, 18, 18, 5, 2.13%, 0, 0, 2, 7.63
1621128622, 0, 0, 19, 19, 5, 2.13%, 0, 0, 2, 7.80
1621128792, 0, 0, 20, 20, 5, 2.13%, 0, 0, 2, 7.98
1621128919, 0, 0, 22, 22, 5, 2.13%, 0, 0, 2, 7.48
1621128924, 0, 0, 23, 23, 5, 2.15%, 0, 0, 2, 7.65
1621128929, 0, 0, 26, 26, 5, 2.15%, 0, 0, 2, 7.12
1621128935, 0, 0, 28, 28, 5, 2.15%, 0, 0, 2, 6.52
1621128945, 0, 0, 29, 29, 5, 2.16%, 0, 0, 2, 6.85
1621129060, 0, 0, 30, 30, 5, 2.16%, 0, 0, 2, 7.41
1621129065, 0, 0, 33, 33, 5, 2.16%, 0, 0, 2, 7.35
1621129086, 0, 0, 36, 36, 5, 2.18%, 0, 0, 2, 6.82
1621129091, 0, 0, 38, 38, 5, 2.18%, 0, 0, 2, 8.03
1621129101, 0, 0, 41, 41, 5, 2.19%, 0, 0, 2, 7.79
1621129111, 0, 0, 42, 42, 5, 2.19%, 0, 0, 2, 6.45
1621129638, 0, 0, 43, 43, 5, 2.19%, 0, 0, 2, 7.32
1621129664, 0, 0, 44, 44, 5, 2.19%, 0, 0, 2, 7.06
1621129721, 0, 0, 45, 45, 5, 2.19%, 0, 0, 2, 7.64
1621129731, 0, 0, 48, 48, 5, 2.19%, 0, 0, 2, 6.92
1621129736, 0, 0, 52, 52, 5, 2.19%, 0, 0, 2, 7.54
1621129741, 0, 0, 56, 56, 5, 2.19%, 0, 0, 2, 7.34
1621129746, 0, 0, 60, 60, 5, 2.19%, 0, 0, 2, 7.36
1621129751, 0, 0, 62, 62, 5, 2.19%, 0, 0, 2, 8.43
1621129756, 0, 0, 65, 65, 5, 2.19%, 0, 0, 2, 8.53
1621129762, 0, 0, 66, 66, 5, 2.19%, 0, 0, 2, 5.70
