# unix_time, cycles_done, cur_path, paths_total, pending_total, pending_favs, map_size, unique_crashes, unique_hangs, max_depth, execs_per_sec
1621559158, 0, 0, 3, 3, 1, 3.50%, 0, 0, 1, 0.34
1621559164, 0, 2, 3, 3, 1, 3.50%, 0, 0, 1, 0.34
1621559179, 0, 2, 4, 4, 1, 3.50%, 0, 0, 2, 0.36
1621559467, 0, 2, 5, 5, 1, 3.50%, 0, 0, 2, 0.38
1621559493, 0, 2, 6, 6, 1, 3.50%, 0, 0, 2, 0.38
1621559514, 0, 2, 7, 7, 1, 3.55%, 0, 0, 2, 0.38
1621559572, 0, 2, 8, 8, 1, 3.57%, 0, 0, 2, 0.38
1621559598, 0, 2, 9, 9, 1, 3.57%, 0, 0, 2, 0.38
1621560163, 0, 2, 10, 10, 1, 3.57%, 0, 0, 2, 0.38
