# unix_time, cycles_done, cur_path, paths_total, pending_total, pending_favs, map_size, unique_crashes, unique_hangs, max_depth, execs_per_sec
1621213826, 0, 0, 8, 8, 1, 1.08%, 0, 0, 1, 13.10
1621213831, 0, 4, 8, 8, 1, 1.08%, 0, 0, 1, 13.27
1621213908, 0, 5, 8, 7, 0, 1.08%, 0, 0, 1, 25.35
1621213964, 0, 6, 8, 6, 0, 1.08%, 0, 0, 1, 25.26
1621214021, 0, 7, 8, 5, 0, 1.08%, 0, 0, 1, 25.22
1621214082, 1, 0, 8, 4, 0, 1.08%, 0, 0, 1, 24.82
1621214408, 1, 1, 8, 3, 0, 1.08%, 0, 0, 1, 22.77
1621214479, 1, 2, 8, 2, 0, 1.08%, 0, 0, 1, 22.75
1621214544, 1, 3, 8, 1, 0, 1.08%, 0, 0, 1, 22.82
1621214616, 1, 4, 8, 0, 0, 1.08%, 0, 0, 1, 22.88
1621214621, 1, 6, 8, 0, 0, 1.08%, 0, 0, 1, 22.98
1621214626, 1, 7, 8, 0, 0, 1.08%, 0, 0, 1, 22.84
1621214631, 2, 0, 8, 0, 0, 1.08%, 0, 0, 1, 22.70
1621214641, 2, 1, 8, 0, 0, 1.08%, 0, 0, 1, 22.51
1621214651, 2, 2, 8, 0, 0, 1.08%, 0, 0, 1, 22.87
1621214656, 2, 4, 8, 0, 0, 1.08%, 0, 0, 1, 22.82
1621214661, 2, 5, 8, 0, 0, 1.08%, 0, 0, 1, 22.83
1621214666, 2, 7, 8, 0, 0, 1.08%, 0, 0, 1, 22.77
1621214671, 3, 0, 8, 0, 0, 1.08%, 0, 0, 1, 22.55
1621214681, 3, 1, 8, 0, 0, 1.08%, 0, 0, 1, 22.93
1621214691, 3, 2, 8, 0, 0, 1.08%, 0, 0, 1, 22.88
1621214697, 3, 3, 8, 0, 0, 1.08%, 0, 0, 1, 22.69
1621214702, 3, 4, 8, 0, 0, 1.08%, 0, 0, 1, 23.05
1621214707, 3, 6, 8, 0, 0, 1.08%, 0, 0, 1, 22.98
1621214712, 3, 7, 8, 0, 0, 1.08%, 0, 0, 1, 22.97
1621214717, 4, 0, 8, 0, 0, 1.08%, 0, 0, 1, 22.93
1621214727, 4, 1, 8, 0, 0, 1.08%, 0, 0, 1, 22.72
1621214732, 4, 2, 8, 0, 0, 1.08%, 0, 0, 1, 22.69
1621214737, 4, 3, 8, 0, 0, 1.08%, 0, 0, 1, 22.33
1621214742, 4, 4, 8, 0, 0, 1.08%, 0, 0, 1, 23.06
1621214747, 4, 5, 8, 0, 0, 1.08%, 0, 0, 1, 23.11
1621214753, 4, 7, 8, 0, 0, 1.08%, 0, 0, 1, 22.86
1621214758, 5, 0, 8, 0, 0, 1.08%, 0, 0, 1, 21.69
1621214768, 5, 1, 8, 0, 0, 1.08%, 0, 0, 1, 22.58
1621214778, 5, 2, 8, 0, 0, 1.08%, 0, 0, 1, 22.33
1621214788, 5, 4, 8, 0, 0, 1.08%, 0, 0, 1, 22.57
1621214793, 5, 5, 8, 0, 0, 1.08%, 0, 0, 1, 22.68
1621214798, 5, 6, 8, 0, 0, 1.08%, 0, 0, 1, 22.81
1621214803, 5, 7, 8, 0, 0, 1.08%, 0, 0, 1, 22.96
1621214808, 6, 0, 8, 0, 0, 1.08%, 0, 0, 1, 22.56
1621214819, 6, 1, 8, 0, 0, 1.08%, 0, 0, 1, 22.80
1621214829, 6, 2, 8, 0, 0, 1.08%, 0, 0, 1, 22.39
1621214834, 6, 3, 8, 0, 0, 1.08%, 0, 0, 1, 22.59
1621214839, 6, 4, 8, 0, 0, 1.08%, 0, 0, 1, 22.65
1621214844, 6, 5, 8, 0, 0, 1.08%, 0, 0, 1, 22.84
1621214849, 6, 6, 8, 0, 0, 1.08%, 0, 0, 1, 22.68
1621214854, 6, 7, 8, 0, 0, 1.08%, 0, 0, 1, 22.76
1621214859, 7, 0, 8, 0, 0, 1.08%, 0, 0, 1, 22.84
1621214869, 7, 1, 8, 0, 0, 1.08%, 0, 0, 1, 22.65
1621214880, 7, 2, 8, 0, 0, 1.08%, 0, 0, 1, 22.58
1621214885, 7, 3, 8, 0, 0, 1.08%, 0, 0, 1, 22.60
1621214890, 7, 5, 8, 0, 0, 1.08%, 0, 0, 1, 22.70
1621214895, 7, 6, 8, 0, 0, 1.08%, 0, 0, 1, 22.38
1621214900, 7, 7, 8, 0, 0, 1.08%, 0, 0, 1, 22.53
1621214905, 8, 0, 8, 0, 0, 1.08%, 0, 0, 1, 22.58
1621214915, 8, 1, 8, 0, 0, 1.08%, 0, 0, 1, 22.72
1621214925, 8, 2, 8, 0, 0, 1.08%, 0, 0, 1, 22.73
1621214930, 8, 3, 8, 0, 0, 1.08%, 0, 0, 1, 22.88
1621214935, 8, 5, 8, 0, 0, 1.08%, 0, 0, 1, 22.72
1621214940, 8, 6, 8, 0, 0, 1.08%, 0, 0, 1, 22.26
1621214946, 8, 7, 8, 0, 0, 1.08%, 0, 0, 1, 22.50
1621214951, 9, 0, 8, 0, 0, 1.08%, 0, 0, 1, 22.50
1621214961, 9, 1, 8, 0, 0, 1.08%, 0, 0, 1, 22.46
1621214971, 9, 2, 8, 0, 0, 1.08%, 0, 0, 1, 22.37
1621214976, 9, 4, 8, 0, 0, 1.08%, 0, 0, 1, 22.50
1621214981, 9, 5, 8, 0, 0, 1.08%, 0, 0, 1, 22.77
1621214986, 9, 7, 8, 0, 0, 1.08%, 0, 0, 1, 22.56
1621214991, 10, 0, 8, 0, 0, 1.08%, 0, 0, 1, 22.72
1621215001, 10, 1, 8, 0, 0, 1.08%, 0, 0, 1, 22.37
1621215012, 10, 2, 8, 0, 0, 1.08%, 0, 0, 1, 22.65
1621215017, 10, 3, 8, 0, 0, 1.08%, 0, 0, 1, 22.55
1621215022, 10, 4, 8, 0, 0, 1.08%, 0, 0, 1, 22.69
