# unix_time, cycles_done, cur_path, paths_total, pending_total, pending_favs, map_size, unique_crashes, unique_hangs, max_depth, execs_per_sec
1654312319, 0, 0, 1, 1, 1, 0.15%, 0, 0, 1, 148.15
1654312334, 2, 0, 1, 0, 0, 0.15%, 0, 0, 1, 217.64
1654312339, 6, 0, 1, 0, 0, 0.15%, 0, 0, 1, 196.23
1654312345, 10, 0, 1, 0, 0, 0.15%, 0, 0, 1, 184.32
1654312350, 14, 0, 1, 0, 0, 0.15%, 0, 0, 1, 189.86
1654312355, 20, 0, 1, 0, 0, 0.15%, 0, 0, 1, 289.58
1654312360, 24, 0, 1, 0, 0, 0.15%, 0, 0, 1, 222.38
1654312365, 28, 0, 1, 0, 0, 0.15%, 0, 0, 1, 187.70
1654312370, 34, 0, 1, 0, 0, 0.15%, 0, 0, 1, 306.14
1654312375, 40, 0, 1, 0, 0, 0.15%, 0, 0, 1, 317.99
1654312380, 46, 0, 1, 0, 0, 0.15%, 0, 0, 1, 309.55
1654312385, 52, 0, 1, 0, 0, 0.15%, 0, 0, 1, 274.15
1654312391, 56, 0, 1, 0, 0, 0.15%, 0, 0, 1, 199.53
1654312396, 59, 0, 1, 0, 0, 0.15%, 0, 0, 1, 192.08
1654312401, 63, 0, 1, 0, 0, 0.15%, 0, 0, 1, 184.23
1654312406, 69, 0, 1, 0, 0, 0.15%, 0, 0, 1, 293.88
1654312411, 74, 0, 1, 0, 0, 0.15%, 0, 0, 1, 228.88
1654312416, 77, 0, 1, 0, 0, 0.15%, 0, 0, 1, 196.32
1654312421, 81, 0, 1, 0, 0, 0.15%, 0, 0, 1, 185.71
1654312426, 85, 0, 1, 0, 0, 0.15%, 0, 0, 1, 189.31
1654312431, 90, 0, 1, 0, 0, 0.15%, 0, 0, 1, 263.72
1654312437, 96, 0, 1, 0, 0, 0.15%, 0, 0, 1, 301.17
1654312442, 103, 0, 1, 0, 0, 0.15%, 0, 0, 1, 302.66
1654312447, 109, 0, 1, 0, 0, 0.15%, 0, 0, 1, 304.57
1654312452, 116, 0, 1, 0, 0, 0.15%, 0, 0, 1, 330.65
1654312457, 120, 0, 1, 0, 0, 0.15%, 0, 0, 1, 218.30
1654312462, 126, 0, 1, 0, 0, 0.15%, 0, 0, 1, 307.74
1654312467, 130, 0, 1, 0, 0, 0.15%, 0, 0, 1, 230.96
1654312473, 136, 0, 1, 0, 0, 0.15%, 0, 0, 1, 278.36
1654312478, 140, 0, 1, 0, 0, 0.15%, 0, 0, 1, 196.30
1654312483, 144, 0, 1, 0, 0, 0.15%, 0, 0, 1, 184.57
1654312488, 148, 0, 1, 0, 0, 0.15%, 0, 0, 1, 217.75
1654312493, 154, 0, 1, 0, 0, 0.15%, 0, 0, 1, 276.19
1654312498, 158, 0, 1, 0, 0, 0.15%, 0, 0, 1, 263.06
1654312503, 164, 0, 1, 0, 0, 0.15%, 0, 0, 1, 257.49
1654312508, 168, 0, 1, 0, 0, 0.15%, 0, 0, 1, 201.47
1654312514, 174, 0, 1, 0, 0, 0.15%, 0, 0, 1, 301.57
1654312519, 178, 0, 1, 0, 0, 0.15%, 0, 0, 1, 216.67
1654312524, 185, 0, 1, 0, 0, 0.15%, 0, 0, 1, 307.42
1654312529, 189, 0, 1, 0, 0, 0.15%, 0, 0, 1, 258.03
1654312534, 195, 0, 1, 0, 0, 0.15%, 0, 0, 1, 290.20
1654312539, 201, 0, 1, 0, 0, 0.15%, 0, 0, 1, 313.75
1654312544, 206, 0, 1, 0, 0, 0.15%, 0, 0, 1, 247.48
1654312549, 212, 0, 1, 0, 0, 0.15%, 0, 0, 1, 304.67
1654312554, 218, 0, 1, 0, 0, 0.15%, 0, 0, 1, 321.03
1654312559, 224, 0, 1, 0, 0, 0.15%, 0, 0, 1, 273.46
1654312564, 230, 0, 1, 0, 0, 0.15%, 0, 0, 1, 290.01
1654312569, 234, 0, 1, 0, 0, 0.15%, 0, 0, 1, 211.27
1654312574, 239, 0, 1, 0, 0, 0.15%, 0, 0, 1, 292.75
1654312580, 244, 0, 1, 0, 0, 0.15%, 0, 0, 1, 237.27
1654312585, 250, 0, 1, 0, 0, 0.15%, 0, 0, 1, 285.94
1654312590, 255, 0, 1, 0, 0, 0.15%, 0, 0, 1, 239.00
1654312595, 260, 0, 1, 0, 0, 0.15%, 0, 0, 1, 281.07
1654312600, 266, 0, 1, 0, 0, 0.15%, 0, 0, 1, 280.66
1654312605, 272, 0, 1, 0, 0, 0.15%, 0, 0, 1, 297.05
1654312610, 276, 0, 1, 0, 0, 0.15%, 0, 0, 1, 227.22
1654312615, 282, 0, 1, 0, 0, 0.15%, 0, 0, 1, 300.91
1654312620, 286, 0, 1, 0, 0, 0.15%, 0, 0, 1, 205.20
1654312625, 290, 0, 1, 0, 0, 0.15%, 0, 0, 1, 190.32
1654312631, 295, 0, 1, 0, 0, 0.15%, 0, 0, 1, 250.94
1654312636, 300, 0, 1, 0, 0, 0.15%, 0, 0, 1, 260.32
1654312641, 306, 0, 1, 0, 0, 0.15%, 0, 0, 1, 289.08
1654312646, 311, 0, 1, 0, 0, 0.15%, 0, 0, 1, 243.37
1654312651, 315, 0, 1, 0, 0, 0.15%, 0, 0, 1, 202.35
1654312656, 318, 0, 1, 0, 0, 0.15%, 0, 0, 1, 188.58
1654312661, 324, 0, 1, 0, 0, 0.15%, 0, 0, 1, 299.77
1654312666, 329, 0, 1, 0, 0, 0.15%, 0, 0, 1, 229.08
1654312671, 333, 0, 1, 0, 0, 0.15%, 0, 0, 1, 246.45
1654312676, 339, 0, 1, 0, 0, 0.15%, 0, 0, 1, 273.88
1654312681, 345, 0, 1, 0, 0, 0.15%, 0, 0, 1, 296.59
1654312686, 350, 0, 1, 0, 0, 0.15%, 0, 0, 1, 245.11
1654312691, 354, 0, 1, 0, 0, 0.15%, 0, 0, 1, 201.77
1654312697, 358, 0, 1, 0, 0, 0.15%, 0, 0, 1, 192.33
1654312702, 361, 0, 1, 0, 0, 0.15%, 0, 0, 1, 186.38
1654312707, 365, 0, 1, 0, 0, 0.15%, 0, 0, 1, 189.22
1654312712, 372, 0, 1, 0, 0, 0.15%, 0, 0, 1, 310.59
1654312717, 377, 0, 1, 0, 0, 0.15%, 0, 0, 1, 293.23
1654312722, 382, 0, 1, 0, 0, 0.15%, 0, 0, 1, 257.98
1654312728, 388, 0, 1, 0, 0, 0.15%, 0, 0, 1, 292.96
1654312733, 393, 0, 1, 0, 0, 0.15%, 0, 0, 1, 244.45
1654312738, 400, 0, 1, 0, 0, 0.15%, 0, 0, 1, 327.47
1654312743, 405, 0, 1, 0, 0, 0.15%, 0, 0, 1, 290.56
1654312748, 411, 0, 1, 0, 0, 0.15%, 0, 0, 1, 257.09
1654312753, 416, 0, 1, 0, 0, 0.15%, 0, 0, 1, 283.94
1654312758, 421, 0, 1, 0, 0, 0.15%, 0, 0, 1, 274.74
1654312763, 428, 0, 1, 0, 0, 0.15%, 0, 0, 1, 314.67
1654312768, 432, 0, 1, 0, 0, 0.15%, 0, 0, 1, 209.23
1654312773, 435, 0, 1, 0, 0, 0.15%, 0, 0, 1, 190.61
1654312778, 439, 0, 1, 0, 0, 0.15%, 0, 0, 1, 185.76
1654312784, 443, 0, 1, 0, 0, 0.15%, 0, 0, 1, 192.28
1654312789, 450, 0, 1, 0, 0, 0.15%, 0, 0, 1, 305.33
1654312794, 453, 0, 1, 0, 0, 0.15%, 0, 0, 1, 210.91
1654312799, 459, 0, 1, 0, 0, 0.15%, 0, 0, 1, 284.26
1654312804, 465, 0, 1, 0, 0, 0.15%, 0, 0, 1, 326.34
1654312809, 471, 0, 1, 0, 0, 0.15%, 0, 0, 1, 266.60
1654312814, 476, 0, 1, 0, 0, 0.15%, 0, 0, 1, 289.44
1654312819, 481, 0, 1, 0, 0, 0.15%, 0, 0, 1, 243.67
1654312824, 485, 0, 1, 0, 0, 0.15%, 0, 0, 1, 196.32
1654312829, 489, 0, 1, 0, 0, 0.15%, 0, 0, 1, 198.36
1654312834, 496, 0, 1, 0, 0, 0.15%, 0, 0, 1, 311.77
1654312839, 502, 0, 1, 0, 0, 0.15%, 0, 0, 1, 327.54
1654312844, 506, 0, 1, 0, 0, 0.15%, 0, 0, 1, 219.11
1654312849, 512, 0, 1, 0, 0, 0.15%, 0, 0, 1, 299.28
1654312854, 516, 0, 1, 0, 0, 0.15%, 0, 0, 1, 223.99
1654312860, 520, 0, 1, 0, 0, 0.15%, 0, 0, 1, 225.41
1654312865, 527, 0, 1, 0, 0, 0.15%, 0, 0, 1, 288.32
1654312870, 532, 0, 1, 0, 0, 0.15%, 0, 0, 1, 293.45
1654312875, 537, 0, 1, 0, 0, 0.15%, 0, 0, 1, 244.93
1654312880, 542, 0, 1, 0, 0, 0.15%, 0, 0, 1, 281.04
1654312885, 548, 0, 1, 0, 0, 0.15%, 0, 0, 1, 247.87
1654312890, 551, 0, 1, 0, 0, 0.15%, 0, 0, 1, 200.25
1654312895, 557, 0, 1, 0, 0, 0.15%, 0, 0, 1, 290.07
1654312900, 564, 0, 1, 0, 0, 0.15%, 0, 0, 1, 337.96
1654312906, 569, 0, 1, 0, 0, 0.15%, 0, 0, 1, 228.71
1654312911, 575, 0, 1, 0, 0, 0.15%, 0, 0, 1, 316.34
1654312916, 579, 0, 1, 0, 0, 0.15%, 0, 0, 1, 223.17
1654312926, 583, 0, 1, 0, 0, 0.15%, 0, 1, 1, 3.73
1654312931, 586, 0, 1, 0, 0, 0.15%, 0, 1, 1, 225.68
1654312939, 589, 0, 1, 0, 0, 0.15%, 0, 1, 1, 3.94
1654312949, 592, 0, 1, 0, 0, 0.15%, 0, 1, 1, 5.79
1654312958, 598, 0, 1, 0, 0, 0.15%, 0, 1, 1, 6.95
1654312964, 599, 0, 1, 0, 0, 0.15%, 0, 2, 1, 4.15
1654312969, 605, 0, 1, 0, 0, 0.15%, 0, 2, 1, 289.10
1654312975, 606, 0, 1, 0, 0, 0.15%, 0, 2, 1, 7.68
1654312981, 607, 0, 1, 0, 0, 0.15%, 0, 2, 1, 7.05
1654312989, 611, 0, 1, 0, 0, 0.15%, 0, 2, 1, 13.07
1654312995, 615, 0, 1, 0, 0, 0.15%, 0, 2, 1, 205.43
1654313004, 621, 0, 1, 0, 0, 0.15%, 0, 2, 1, 2.37
1654313011, 623, 0, 1, 0, 0, 0.15%, 0, 2, 1, 1.99
1654313016, 629, 0, 1, 0, 0, 0.15%, 0, 2, 1, 291.55
1654313024, 633, 0, 1, 0, 0, 0.15%, 0, 2, 1, 1.98
1654313030, 637, 0, 1, 0, 0, 0.15%, 0, 2, 1, 224.85
1654313039, 642, 0, 1, 0, 0, 0.15%, 0, 2, 1, 13.43
1654313049, 648, 0, 1, 0, 0, 0.15%, 0, 2, 1, 3.53
1654313057, 650, 0, 1, 0, 0, 0.15%, 0, 2, 1, 4.68
1654313062, 656, 0, 1, 0, 0, 0.15%, 0, 2, 1, 279.27
1654313068, 657, 0, 1, 0, 0, 0.15%, 0, 2, 1, 2.97
1654313074, 659, 0, 1, 0, 0, 0.15%, 0, 2, 1, 10.11
1654313081, 661, 0, 1, 0, 0, 0.15%, 0, 2, 1, 8.21
1654313086, 665, 0, 1, 0, 0, 0.15%, 0, 2, 1, 188.32
1654313093, 666, 0, 1, 0, 0, 0.15%, 0, 2, 1, 6.39
1654313101, 670, 0, 1, 0, 0, 0.15%, 0, 2, 1, 10.48
1654313108, 672, 0, 1, 0, 0, 0.15%, 0, 2, 1, 7.05
1654313113, 673, 0, 1, 0, 0, 0.15%, 0, 2, 1, 3.56
1654313120, 676, 0, 1, 0, 0, 0.15%, 0, 2, 1, 4.15
1654313125, 681, 0, 1, 0, 0, 0.15%, 0, 2, 1, 286.10
1654313131, 682, 0, 1, 0, 0, 0.15%, 0, 2, 1, 1.00
1654313136, 687, 0, 1, 0, 0, 0.15%, 0, 2, 1, 249.28
1654313141, 691, 0, 1, 0, 0, 0.15%, 0, 2, 1, 199.29
1654313149, 693, 0, 1, 0, 0, 0.15%, 0, 2, 1, 5.82
1654313162, 695, 0, 1, 0, 0, 0.15%, 0, 2, 1, 0.60
1654313167, 699, 0, 1, 0, 0, 0.15%, 0, 2, 1, 226.19
1654313172, 703, 0, 1, 0, 0, 0.15%, 0, 2, 1, 213.75
1654313177, 709, 0, 1, 0, 0, 0.15%, 0, 2, 1, 291.77
1654313183, 710, 0, 1, 0, 0, 0.15%, 0, 2, 1, 3.92
1654313197, 716, 0, 1, 0, 0, 0.15%, 0, 2, 1, 12.91
1654313205, 719, 0, 1, 0, 0, 0.15%, 0, 2, 1, 3.54
1654313213, 722, 0, 1, 0, 0, 0.15%, 0, 2, 1, 12.36
1654313222, 727, 0, 1, 0, 0, 0.15%, 0, 2, 1, 6.86
1654313229, 730, 0, 1, 0, 0, 0.15%, 0, 2, 1, 9.34
1654313238, 736, 0, 1, 0, 0, 0.15%, 0, 2, 1, 10.19
1654313250, 738, 0, 1, 0, 0, 0.15%, 0, 2, 1, 13.85
1654313263, 741, 0, 1, 0, 0, 0.15%, 0, 2, 1, 7.05
1654313271, 745, 0, 1, 0, 0, 0.15%, 0, 2, 1, 3.92
1654313276, 749, 0, 1, 0, 0, 0.15%, 0, 2, 1, 230.37
1654313285, 752, 0, 1, 0, 0, 0.15%, 0, 2, 1, 13.84
1654313290, 756, 0, 1, 0, 0, 0.15%, 0, 2, 1, 185.32
1654313300, 761, 0, 1, 0, 0, 0.15%, 0, 2, 1, 1.99
1654313305, 767, 0, 1, 0, 0, 0.15%, 0, 2, 1, 292.57
1654313312, 769, 0, 1, 0, 0, 0.15%, 0, 2, 1, 4.69
1654313319, 771, 0, 1, 0, 0, 0.15%, 0, 2, 1, 2.38
1654313325, 772, 0, 1, 0, 0, 0.15%, 0, 2, 1, 5.90
1654313332, 773, 0, 1, 0, 0, 0.15%, 0, 2, 1, 0.60
1654313337, 779, 0, 1, 0, 0, 0.15%, 0, 2, 1, 312.70
1654313342, 783, 0, 1, 0, 0, 0.15%, 0, 2, 1, 210.03
1654313349, 786, 0, 1, 0, 0, 0.15%, 0, 2, 1, 8.78
1654313355, 790, 0, 1, 0, 0, 0.15%, 0, 2, 1, 187.22
1654313364, 795, 0, 1, 0, 0, 0.15%, 0, 2, 1, 12.54
1654313372, 800, 0, 1, 0, 0, 0.15%, 0, 2, 1, 1.39
1654313377, 804, 0, 1, 0, 0, 0.15%, 0, 2, 1, 198.73
1654313383, 805, 0, 1, 0, 0, 0.15%, 0, 2, 1, 5.51
1654313390, 806, 0, 1, 0, 0, 0.15%, 0, 2, 1, 4.69
1654313397, 808, 0, 1, 0, 0, 0.15%, 0, 2, 1, 10.47
1654313406, 812, 0, 1, 0, 0, 0.15%, 0, 2, 1, 4.73
1654313411, 816, 0, 1, 0, 0, 0.15%, 0, 2, 1, 185.27
1654313418, 818, 0, 1, 0, 0, 0.15%, 0, 2, 1, 4.54
1654313425, 821, 0, 1, 0, 0, 0.15%, 0, 2, 1, 9.54
1654313430, 826, 0, 1, 0, 0, 0.15%, 0, 2, 1, 251.99
1654313439, 829, 0, 1, 0, 0, 0.15%, 0, 2, 1, 7.06
1654313445, 830, 0, 1, 0, 0, 0.15%, 0, 2, 1, 7.50
1654313450, 836, 0, 1, 0, 0, 0.15%, 0, 2, 1, 342.27
1654313458, 840, 0, 1, 0, 0, 0.15%, 0, 2, 1, 4.74
1654313464, 842, 0, 1, 0, 0, 0.15%, 0, 2, 1, 4.92
1654313469, 848, 0, 1, 0, 0, 0.15%, 0, 2, 1, 302.98
1654313474, 854, 0, 1, 0, 0, 0.15%, 0, 2, 1, 325.38
1654313479, 859, 0, 1, 0, 0, 0.15%, 0, 2, 1, 239.36
1654313484, 863, 0, 1, 0, 0, 0.15%, 0, 2, 1, 200.70
1654313489, 866, 0, 1, 0, 0, 0.15%, 0, 2, 1, 184.54
1654313498, 869, 0, 1, 0, 0, 0.15%, 0, 2, 1, 2.95
1654313511, 873, 0, 1, 0, 0, 0.15%, 0, 2, 1, 4.67
1654313516, 878, 0, 1, 0, 0, 0.15%, 0, 2, 1, 253.24
