# unix_time, cycles_done, cur_path, paths_total, pending_total, pending_favs, map_size, unique_crashes, unique_hangs, max_depth, execs_per_sec
1654331793, 0, 0, 1, 1, 1, 0.00%, 0, 0, 1, 52.63
1654331839, 2, 0, 1, 0, 0, 0.00%, 0, 0, 1, 56.97
1654331844, 4, 0, 1, 0, 0, 0.00%, 0, 0, 1, 56.38
1654331849, 6, 0, 1, 0, 0, 0.00%, 0, 0, 1, 56.31
1654331854, 8, 0, 1, 0, 0, 0.00%, 0, 0, 1, 56.59
1654331860, 11, 0, 1, 0, 0, 0.00%, 0, 0, 1, 57.93
1654331865, 13, 0, 1, 0, 0, 0.00%, 0, 0, 1, 56.06
1654331870, 15, 0, 1, 0, 0, 0.00%, 0, 0, 1, 56.97
1654331875, 18, 0, 1, 0, 0, 0.00%, 0, 0, 1, 58.35
1654331880, 20, 0, 1, 0, 0, 0.00%, 0, 0, 1, 57.31
1654331885, 22, 0, 1, 0, 0, 0.00%, 0, 0, 1, 57.31
1654331890, 24, 0, 1, 0, 0, 0.00%, 0, 0, 1, 56.58
1654331895, 27, 0, 1, 0, 0, 0.00%, 0, 0, 1, 55.81
1654331900, 29, 0, 1, 0, 0, 0.00%, 0, 0, 1, 57.24
1654331905, 31, 0, 1, 0, 0, 0.00%, 0, 0, 1, 57.71
1654331911, 34, 0, 1, 0, 0, 0.00%, 0, 0, 1, 56.86
1654331916, 36, 0, 1, 0, 0, 0.00%, 0, 0, 1, 58.20
1654331921, 38, 0, 1, 0, 0, 0.00%, 0, 0, 1, 56.29
1654331926, 40, 0, 1, 0, 0, 0.00%, 0, 0, 1, 56.83
1654331931, 43, 0, 1, 0, 0, 0.00%, 0, 0, 1, 56.70
1654331936, 45, 0, 1, 0, 0, 0.00%, 0, 0, 1, 55.97
1654331941, 47, 0, 1, 0, 0, 0.00%, 0, 0, 1, 56.49
1654331946, 49, 0, 1, 0, 0, 0.00%, 0, 0, 1, 57.88
1654331951, 52, 0, 1, 0, 0, 0.00%, 0, 0, 1, 56.99
1654331956, 54, 0, 1, 0, 0, 0.00%, 0, 0, 1, 56.89
1654331961, 56, 0, 1, 0, 0, 0.00%, 0, 0, 1, 56.47
1654331966, 58, 0, 1, 0, 0, 0.00%, 0, 0, 1, 56.66
1654331971, 61, 0, 1, 0, 0, 0.00%, 0, 0, 1, 57.70
1654331976, 63, 0, 1, 0, 0, 0.00%, 0, 0, 1, 56.47
1654331981, 65, 0, 1, 0, 0, 0.00%, 0, 0, 1, 57.00
1654331986, 67, 0, 1, 0, 0, 0.00%, 0, 0, 1, 56.69
1654331991, 70, 0, 1, 0, 0, 0.00%, 0, 0, 1, 57.97
1654331996, 72, 0, 1, 0, 0, 0.00%, 0, 0, 1, 58.06
1654332001, 74, 0, 1, 0, 0, 0.00%, 0, 0, 1, 58.39
1654332007, 76, 0, 1, 0, 0, 0.00%, 0, 0, 1, 58.26
1654332012, 79, 0, 1, 0, 0, 0.00%, 0, 0, 1, 58.00
1654332017, 81, 0, 1, 0, 0, 0.00%, 0, 0, 1, 57.12
1654332022, 83, 0, 1, 0, 0, 0.00%, 0, 0, 1, 57.18
1654332027, 86, 0, 1, 0, 0, 0.00%, 0, 0, 1, 56.75
1654332032, 88, 0, 1, 0, 0, 0.00%, 0, 0, 1, 56.53
1654332037, 90, 0, 1, 0, 0, 0.00%, 0, 0, 1, 55.90
1654332042, 92, 0, 1, 0, 0, 0.00%, 0, 0, 1, 56.82
1654332047, 95, 0, 1, 0, 0, 0.00%, 0, 0, 1, 55.98
1654332052, 97, 0, 1, 0, 0, 0.00%, 0, 0, 1, 55.93
1654332057, 99, 0, 1, 0, 0, 0.00%, 0, 0, 1, 58.19
1654332062, 101, 0, 1, 0, 0, 0.00%, 0, 0, 1, 57.35
1654332067, 103, 0, 1, 0, 0, 0.00%, 0, 0, 1, 56.58
1654332073, 106, 0, 1, 0, 0, 0.00%, 0, 0, 1, 57.28
1654332078, 108, 0, 1, 0, 0, 0.00%, 0, 0, 1, 56.19
1654332083, 110, 0, 1, 0, 0, 0.00%, 0, 0, 1, 56.47
1654332088, 113, 0, 1, 0, 0, 0.00%, 0, 0, 1, 56.60
1654332093, 115, 0, 1, 0, 0, 0.00%, 0, 0, 1, 56.40
1654332098, 117, 0, 1, 0, 0, 0.00%, 0, 0, 1, 56.57
1654332103, 119, 0, 1, 0, 0, 0.00%, 0, 0, 1, 56.56
1654332108, 121, 0, 1, 0, 0, 0.00%, 0, 0, 1, 57.36
1654332113, 124, 0, 1, 0, 0, 0.00%, 0, 0, 1, 57.60
1654332118, 126, 0, 1, 0, 0, 0.00%, 0, 0, 1, 56.70
1654332123, 128, 0, 1, 0, 0, 0.00%, 0, 0, 1, 57.21
1654332128, 131, 0, 1, 0, 0, 0.00%, 0, 0, 1, 58.15
1654332133, 133, 0, 1, 0, 0, 0.00%, 0, 0, 1, 56.85
1654332139, 135, 0, 1, 0, 0, 0.00%, 0, 0, 1, 56.77
1654332144, 137, 0, 1, 0, 0, 0.00%, 0, 0, 1, 57.50
1654332149, 140, 0, 1, 0, 0, 0.00%, 0, 0, 1, 58.09
1654332154, 142, 0, 1, 0, 0, 0.00%, 0, 0, 1, 56.29
1654332159, 144, 0, 1, 0, 0, 0.00%, 0, 0, 1, 56.57
1654332164, 147, 0, 1, 0, 0, 0.00%, 0, 0, 1, 56.51
1654332169, 149, 0, 1, 0, 0, 0.00%, 0, 0, 1, 56.45
1654332174, 151, 0, 1, 0, 0, 0.00%, 0, 0, 1, 56.46
1654332179, 153, 0, 1, 0, 0, 0.00%, 0, 0, 1, 56.23
1654332184, 155, 0, 1, 0, 0, 0.00%, 0, 0, 1, 56.99
1654332190, 158, 0, 1, 0, 0, 0.00%, 0, 0, 1, 55.99
1654332195, 160, 0, 1, 0, 0, 0.00%, 0, 0, 1, 55.70
1654332200, 162, 0, 1, 0, 0, 0.00%, 0, 0, 1, 56.63
1654332205, 164, 0, 1, 0, 0, 0.00%, 0, 0, 1, 55.84
1654332210, 167, 0, 1, 0, 0, 0.00%, 0, 0, 1, 55.83
1654332215, 169, 0, 1, 0, 0, 0.00%, 0, 0, 1, 56.50
1654332220, 171, 0, 1, 0, 0, 0.00%, 0, 0, 1, 56.57
1654332225, 173, 0, 1, 0, 0, 0.00%, 0, 0, 1, 56.97
1654332230, 176, 0, 1, 0, 0, 0.00%, 0, 0, 1, 57.14
1654332235, 178, 0, 1, 0, 0, 0.00%, 0, 0, 1, 57.38
1654332240, 180, 0, 1, 0, 0, 0.00%, 0, 0, 1, 56.88
1654332245, 182, 0, 1, 0, 0, 0.00%, 0, 0, 1, 58.06
1654332251, 185, 0, 1, 0, 0, 0.00%, 0, 0, 1, 56.49
1654332256, 187, 0, 1, 0, 0, 0.00%, 0, 0, 1, 56.99
1654332261, 189, 0, 1, 0, 0, 0.00%, 0, 0, 1, 57.00
1654332266, 191, 0, 1, 0, 0, 0.00%, 0, 0, 1, 54.96
1654332271, 194, 0, 1, 0, 0, 0.00%, 0, 0, 1, 57.60
1654332276, 196, 0, 1, 0, 0, 0.00%, 0, 0, 1, 57.44
1654332281, 198, 0, 1, 0, 0, 0.00%, 0, 0, 1, 57.98
1654332286, 201, 0, 1, 0, 0, 0.00%, 0, 0, 1, 58.66
1654332291, 203, 0, 1, 0, 0, 0.00%, 0, 0, 1, 57.11
1654332297, 205, 0, 1, 0, 0, 0.00%, 0, 0, 1, 57.86
1654332302, 207, 0, 1, 0, 0, 0.00%, 0, 0, 1, 57.08
1654332307, 210, 0, 1, 0, 0, 0.00%, 0, 0, 1, 56.38
1654332312, 212, 0, 1, 0, 0, 0.00%, 0, 0, 1, 55.85
1654332317, 214, 0, 1, 0, 0, 0.00%, 0, 0, 1, 57.58
1654332322, 216, 0, 1, 0, 0, 0.00%, 0, 0, 1, 56.52
1654332327, 219, 0, 1, 0, 0, 0.00%, 0, 0, 1, 56.57
1654332332, 221, 0, 1, 0, 0, 0.00%, 0, 0, 1, 56.65
1654332337, 223, 0, 1, 0, 0, 0.00%, 0, 0, 1, 55.25
1654332342, 225, 0, 1, 0, 0, 0.00%, 0, 0, 1, 56.99
1654332347, 228, 0, 1, 0, 0, 0.00%, 0, 0, 1, 56.81
1654332352, 230, 0, 1, 0, 0, 0.00%, 0, 0, 1, 56.25
1654332357, 232, 0, 1, 0, 0, 0.00%, 0, 0, 1, 56.28
1654332362, 234, 0, 1, 0, 0, 0.00%, 0, 0, 1, 56.30
1654332367, 236, 0, 1, 0, 0, 0.00%, 0, 0, 1, 56.62
1654332372, 239, 0, 1, 0, 0, 0.00%, 0, 0, 1, 57.47
1654332377, 241, 0, 1, 0, 0, 0.00%, 0, 0, 1, 56.70
1654332383, 243, 0, 1, 0, 0, 0.00%, 0, 0, 1, 56.45
1654332388, 245, 0, 1, 0, 0, 0.00%, 0, 0, 1, 57.72
1654332393, 248, 0, 1, 0, 0, 0.00%, 0, 0, 1, 57.38
1654332398, 250, 0, 1, 0, 0, 0.00%, 0, 0, 1, 56.88
1654332403, 252, 0, 1, 0, 0, 0.00%, 0, 0, 1, 57.13
1654332408, 255, 0, 1, 0, 0, 0.00%, 0, 0, 1, 57.53
1654332415, 255, 0, 1, 0, 0, 0.00%, 0, 1, 1, 2.11
1654332420, 258, 0, 1, 0, 0, 0.00%, 0, 1, 1, 56.92
1654332425, 260, 0, 1, 0, 0, 0.00%, 0, 1, 1, 56.37
1654332430, 262, 0, 1, 0, 0, 0.00%, 0, 1, 1, 57.32
1654332435, 265, 0, 1, 0, 0, 0.00%, 0, 1, 1, 56.40
1654332440, 267, 0, 1, 0, 0, 0.00%, 0, 1, 1, 57.64
1654332445, 269, 0, 1, 0, 0, 0.00%, 0, 1, 1, 56.66
1654332450, 271, 0, 1, 0, 0, 0.00%, 0, 1, 1, 57.58
1654332459, 273, 0, 1, 0, 0, 0.00%, 0, 1, 1, 0.79
1654332464, 275, 0, 1, 0, 0, 0.00%, 0, 1, 1, 60.33
1654332469, 278, 0, 1, 0, 0, 0.00%, 0, 1, 1, 59.96
1654332479, 280, 0, 1, 0, 0, 0.00%, 0, 1, 1, 1.37
1654332484, 283, 0, 1, 0, 0, 0.00%, 0, 1, 1, 64.49
1654332489, 285, 0, 1, 0, 0, 0.00%, 0, 1, 1, 64.57
1654332494, 288, 0, 1, 0, 0, 0.00%, 0, 1, 1, 62.29
1654332502, 289, 0, 1, 0, 0, 0.00%, 0, 1, 1, 1.95
1654332507, 292, 0, 1, 0, 0, 0.00%, 0, 1, 1, 62.27
1654332512, 294, 0, 1, 0, 0, 0.00%, 0, 1, 1, 57.97
1654332517, 296, 0, 1, 0, 0, 0.00%, 0, 1, 1, 57.91
1654332522, 298, 0, 1, 0, 0, 0.00%, 0, 1, 1, 56.82
1654332528, 299, 0, 1, 0, 0, 0.00%, 0, 2, 1, 1.17
1654332533, 301, 0, 1, 0, 0, 0.00%, 0, 2, 1, 57.05
1654332539, 303, 0, 1, 0, 0, 0.00%, 0, 2, 1, 57.24
1654332544, 306, 0, 1, 0, 0, 0.00%, 0, 2, 1, 57.03
1654332551, 307, 0, 1, 0, 0, 0.00%, 0, 2, 1, 2.12
1654332556, 309, 0, 1, 0, 0, 0.00%, 0, 2, 1, 57.75
1654332561, 311, 0, 1, 0, 0, 0.00%, 0, 2, 1, 57.92
1654332569, 312, 0, 1, 0, 0, 0.00%, 0, 2, 1, 1.55
1654332574, 315, 0, 1, 0, 0, 0.00%, 0, 2, 1, 58.25
1654332579, 317, 0, 1, 0, 0, 0.00%, 0, 2, 1, 57.43
1654332584, 319, 0, 1, 0, 0, 0.00%, 0, 2, 1, 57.79
1654332589, 321, 0, 1, 0, 0, 0.00%, 0, 2, 1, 58.74
1654332594, 324, 0, 1, 0, 0, 0.00%, 0, 2, 1, 57.44
1654332602, 325, 0, 1, 0, 0, 0.00%, 0, 2, 1, 0.79
1654332607, 327, 0, 1, 0, 0, 0.00%, 0, 2, 1, 58.67
1654332612, 330, 0, 1, 0, 0, 0.00%, 0, 2, 1, 58.33
1654332617, 332, 0, 1, 0, 0, 0.00%, 0, 2, 1, 57.53
1654332622, 334, 0, 1, 0, 0, 0.00%, 0, 2, 1, 56.95
1654332627, 336, 0, 1, 0, 0, 0.00%, 0, 2, 1, 56.73
1654332632, 339, 0, 1, 0, 0, 0.00%, 0, 2, 1, 56.31
1654332637, 341, 0, 1, 0, 0, 0.00%, 0, 2, 1, 55.61
1654332645, 342, 0, 1, 0, 0, 0.00%, 0, 2, 1, 2.32
1654332650, 344, 0, 1, 0, 0, 0.00%, 0, 2, 1, 56.91
1654332656, 347, 0, 1, 0, 0, 0.00%, 0, 2, 1, 58.11
1654332661, 349, 0, 1, 0, 0, 0.00%, 0, 2, 1, 56.70
1654332666, 351, 0, 1, 0, 0, 0.00%, 0, 2, 1, 57.76
1654332671, 354, 0, 1, 0, 0, 0.00%, 0, 2, 1, 57.21
1654332686, 356, 0, 1, 0, 0, 0.00%, 0, 2, 1, 56.68
1654332691, 358, 0, 1, 0, 0, 0.00%, 0, 2, 1, 57.49
1654332701, 361, 0, 1, 0, 0, 0.00%, 0, 2, 1, 1.18
1654332706, 363, 0, 1, 0, 0, 0.00%, 0, 2, 1, 57.06
1654332715, 364, 0, 1, 0, 0, 0.00%, 0, 2, 1, 2.31
1654332720, 367, 0, 1, 0, 0, 0.00%, 0, 2, 1, 59.11
1654332725, 369, 0, 1, 0, 0, 0.00%, 0, 2, 1, 57.53
1654332734, 371, 0, 1, 0, 0, 0.00%, 0, 2, 1, 0.59
1654332739, 373, 0, 1, 0, 0, 0.00%, 0, 2, 1, 56.26
1654332744, 375, 0, 1, 0, 0, 0.00%, 0, 2, 1, 56.74
1654332749, 377, 0, 1, 0, 0, 0.00%, 0, 2, 1, 56.72
1654332754, 380, 0, 1, 0, 0, 0.00%, 0, 2, 1, 56.61
1654332759, 382, 0, 1, 0, 0, 0.00%, 0, 2, 1, 57.81
1654332764, 384, 0, 1, 0, 0, 0.00%, 0, 2, 1, 57.30
1654332770, 386, 0, 1, 0, 0, 0.00%, 0, 2, 1, 56.91
1654332775, 389, 0, 1, 0, 0, 0.00%, 0, 2, 1, 56.83
1654332780, 391, 0, 1, 0, 0, 0.00%, 0, 2, 1, 56.45
1654332787, 392, 0, 1, 0, 0, 0.00%, 0, 2, 1, 1.55
1654332797, 394, 0, 1, 0, 0, 0.00%, 0, 2, 1, 56.61
1654332802, 397, 0, 1, 0, 0, 0.00%, 0, 2, 1, 56.65
1654332807, 399, 0, 1, 0, 0, 0.00%, 0, 2, 1, 58.03
1654332812, 401, 0, 1, 0, 0, 0.00%, 0, 2, 1, 57.74
1654332818, 403, 0, 1, 0, 0, 0.00%, 0, 2, 1, 57.11
1654332823, 406, 0, 1, 0, 0, 0.00%, 0, 2, 1, 57.41
1654332828, 408, 0, 1, 0, 0, 0.00%, 0, 2, 1, 57.26
1654332838, 410, 0, 1, 0, 0, 0.00%, 0, 2, 1, 56.71
1654332843, 413, 0, 1, 0, 0, 0.00%, 0, 2, 1, 56.59
1654332851, 414, 0, 1, 0, 0, 0.00%, 0, 2, 1, 0.20
1654332856, 416, 0, 1, 0, 0, 0.00%, 0, 2, 1, 56.92
1654332861, 418, 0, 1, 0, 0, 0.00%, 0, 2, 1, 55.61
1654332870, 420, 0, 1, 0, 0, 0.00%, 0, 2, 1, 2.31
1654332880, 422, 0, 1, 0, 0, 0.00%, 0, 2, 1, 0.20
1654332887, 423, 0, 1, 0, 0, 0.00%, 0, 2, 1, 2.12
1654332892, 425, 0, 1, 0, 0, 0.00%, 0, 2, 1, 57.69
1654332897, 428, 0, 1, 0, 0, 0.00%, 0, 2, 1, 57.40
1654332908, 430, 0, 1, 0, 0, 0.00%, 0, 2, 1, 56.46
1654332917, 432, 0, 1, 0, 0, 0.00%, 0, 2, 1, 1.36
1654332925, 433, 0, 1, 0, 0, 0.00%, 0, 2, 1, 0.40
1654332930, 436, 0, 1, 0, 0, 0.00%, 0, 2, 1, 56.56
1654332935, 438, 0, 1, 0, 0, 0.00%, 0, 2, 1, 56.67
1654332940, 440, 0, 1, 0, 0, 0.00%, 0, 2, 1, 56.85
1654332945, 442, 0, 1, 0, 0, 0.00%, 0, 2, 1, 56.82
1654332950, 445, 0, 1, 0, 0, 0.00%, 0, 2, 1, 58.11
1654332955, 447, 0, 1, 0, 0, 0.00%, 0, 2, 1, 57.57
1654332961, 449, 0, 1, 0, 0, 0.00%, 0, 2, 1, 58.35
1654332966, 452, 0, 1, 0, 0, 0.00%, 0, 2, 1, 56.31
1654332971, 454, 0, 1, 0, 0, 0.00%, 0, 2, 1, 56.81
1654332976, 456, 0, 1, 0, 0, 0.00%, 0, 2, 1, 56.77
1654332984, 457, 0, 1, 0, 0, 0.00%, 0, 2, 1, 0.20
1654332989, 460, 0, 1, 0, 0, 0.00%, 0, 2, 1, 55.91
1654332994, 462, 0, 1, 0, 0, 0.00%, 0, 2, 1, 56.11
