# unix_time, cycles_done, cur_path, paths_total, pending_total, pending_favs, map_size, unique_crashes, unique_hangs, max_depth, execs_per_sec
1621235732, 0, 0, 4, 4, 1, 1.08%, 0, 0, 1, 13.46
1621235737, 0, 2, 4, 4, 1, 1.08%, 0, 0, 1, 13.22
1621235824, 0, 3, 4, 3, 0, 1.08%, 0, 0, 1, 26.41
1621235880, 1, 0, 4, 2, 0, 1.08%, 0, 0, 1, 26.15
1621236294, 1, 1, 4, 1, 0, 1.08%, 0, 0, 1, 26.14
1621236351, 1, 2, 4, 0, 0, 1.08%, 0, 0, 1, 26.11
1621236361, 1, 3, 4, 0, 0, 1.08%, 0, 0, 1, 26.19
1621236366, 2, 0, 4, 0, 0, 1.08%, 0, 0, 1, 26.06
1621236376, 2, 1, 4, 0, 0, 1.08%, 0, 0, 1, 26.02
1621236381, 2, 2, 4, 0, 0, 1.08%, 0, 0, 1, 26.32
1621236391, 2, 3, 4, 0, 0, 1.08%, 0, 1, 1, 0.59
1621236401, 3, 0, 4, 0, 0, 1.08%, 0, 1, 1, 26.12
1621236406, 3, 1, 4, 0, 0, 1.08%, 0, 1, 1, 25.88
1621236416, 3, 2, 4, 0, 0, 1.08%, 0, 1, 1, 25.90
1621236421, 3, 3, 4, 0, 0, 1.08%, 0, 1, 1, 26.02
1621236427, 4, 0, 4, 0, 0, 1.08%, 0, 1, 1, 25.91
1621236437, 4, 1, 4, 0, 0, 1.08%, 0, 1, 1, 25.94
1621236442, 4, 2, 4, 0, 0, 1.08%, 0, 1, 1, 26.26
1621236452, 4, 3, 4, 0, 0, 1.08%, 0, 1, 1, 24.82
1621236457, 5, 0, 4, 0, 0, 1.08%, 0, 1, 1, 25.71
1621236462, 5, 1, 4, 0, 0, 1.08%, 0, 1, 1, 26.22
1621236467, 5, 2, 4, 0, 0, 1.08%, 0, 1, 1, 26.42
1621236480, 5, 3, 4, 0, 0, 1.08%, 0, 1, 1, 26.29
1621236491, 6, 0, 4, 0, 0, 1.08%, 0, 1, 1, 26.21
1621236496, 6, 1, 4, 0, 0, 1.08%, 0, 1, 1, 25.88
1621236506, 6, 2, 4, 0, 0, 1.08%, 0, 1, 1, 26.08
1621236511, 6, 3, 4, 0, 0, 1.08%, 0, 1, 1, 26.25
1621236516, 7, 0, 4, 0, 0, 1.08%, 0, 1, 1, 26.24
1621236522, 7, 0, 4, 0, 0, 1.08%, 0, 2, 1, 0.20
1621236528, 7, 1, 4, 0, 0, 1.08%, 0, 2, 1, 26.22
1621236541, 7, 2, 4, 0, 0, 1.08%, 0, 2, 1, 0.97
1621236546, 7, 3, 4, 0, 0, 1.08%, 0, 2, 1, 26.30
1621236551, 8, 0, 4, 0, 0, 1.08%, 0, 2, 1, 26.25
1621236564, 8, 1, 4, 0, 0, 1.08%, 0, 2, 1, 26.42
1621236574, 8, 2, 4, 0, 0, 1.08%, 0, 2, 1, 25.90
1621236579, 8, 3, 4, 0, 0, 1.08%, 0, 2, 1, 26.40
1621236591, 9, 0, 4, 0, 0, 1.08%, 0, 2, 1, 26.22
1621236597, 9, 1, 4, 0, 0, 1.08%, 0, 2, 1, 26.43
1621236611, 9, 2, 4, 0, 0, 1.08%, 0, 2, 1, 26.24
1621236616, 9, 3, 4, 0, 0, 1.08%, 0, 2, 1, 26.18
1621236626, 10, 0, 4, 0, 0, 1.08%, 0, 2, 1, 26.33
1621236632, 10, 1, 4, 0, 0, 1.08%, 0, 2, 1, 26.40
1621236637, 10, 2, 4, 0, 0, 1.08%, 0, 2, 1, 26.46
1621236642, 10, 3, 4, 0, 0, 1.08%, 0, 2, 1, 26.40
1621236653, 11, 0, 4, 0, 0, 1.08%, 0, 2, 1, 0.97
1621236663, 11, 1, 4, 0, 0, 1.08%, 0, 2, 1, 26.28
1621236669, 11, 2, 4, 0, 0, 1.08%, 0, 2, 1, 26.31
1621236679, 11, 3, 4, 0, 0, 1.08%, 0, 2, 1, 26.59
1621236684, 12, 0, 4, 0, 0, 1.08%, 0, 2, 1, 26.47
1621236689, 12, 1, 4, 0, 0, 1.08%, 0, 2, 1, 26.03
1621236700, 12, 2, 4, 0, 0, 1.08%, 0, 2, 1, 26.30
1621236705, 12, 3, 4, 0, 0, 1.08%, 0, 2, 1, 26.70
1621236710, 13, 0, 4, 0, 0, 1.08%, 0, 2, 1, 26.28
1621236720, 13, 1, 4, 0, 0, 1.08%, 0, 2, 1, 25.82
1621236725, 13, 2, 4, 0, 0, 1.08%, 0, 2, 1, 26.14
1621236735, 13, 3, 4, 0, 0, 1.08%, 0, 2, 1, 25.90
1621236741, 14, 0, 4, 0, 0, 1.08%, 0, 2, 1, 26.28
1621236751, 14, 1, 4, 0, 0, 1.08%, 0, 2, 1, 26.22
1621236756, 14, 2, 4, 0, 0, 1.08%, 0, 2, 1, 26.32
1621236767, 14, 3, 4, 0, 0, 1.08%, 0, 2, 1, 25.52
1621236777, 15, 0, 4, 0, 0, 1.08%, 0, 2, 1, 26.43
1621236782, 15, 1, 4, 0, 0, 1.08%, 0, 2, 1, 26.35
1621236792, 15, 2, 4, 0, 0, 1.08%, 0, 2, 1, 26.64
1621236798, 15, 3, 4, 0, 0, 1.08%, 0, 2, 1, 26.30
1621236803, 16, 0, 4, 0, 0, 1.08%, 0, 2, 1, 26.24
1621236808, 16, 1, 4, 0, 0, 1.08%, 0, 2, 1, 26.13
1621236813, 16, 2, 4, 0, 0, 1.08%, 0, 2, 1, 26.33
1621236823, 16, 3, 4, 0, 0, 1.08%, 0, 2, 1, 26.29
1621236828, 17, 0, 4, 0, 0, 1.08%, 0, 2, 1, 26.43
1621236833, 17, 1, 4, 0, 0, 1.08%, 0, 2, 1, 26.61
1621236839, 17, 2, 4, 0, 0, 1.08%, 0, 2, 1, 26.32
1621236849, 17, 3, 4, 0, 0, 1.08%, 0, 2, 1, 26.55
1621236861, 18, 0, 4, 0, 0, 1.08%, 0, 2, 1, 26.47
1621236867, 18, 1, 4, 0, 0, 1.08%, 0, 2, 1, 26.38
1621236877, 18, 2, 4, 0, 0, 1.08%, 0, 2, 1, 26.39
1621236882, 18, 3, 4, 0, 0, 1.08%, 0, 2, 1, 26.48
1621236895, 19, 0, 4, 0, 0, 1.08%, 0, 2, 1, 26.27
1621236905, 19, 1, 4, 0, 0, 1.08%, 0, 2, 1, 26.58
1621236916, 19, 2, 4, 0, 0, 1.08%, 0, 2, 1, 26.60
1621236921, 19, 3, 4, 0, 0, 1.08%, 0, 2, 1, 26.33
1621236931, 20, 0, 5, 1, 0, 1.08%, 0, 2, 2, 34.45
