# unix_time, cycles_done, cur_path, paths_total, pending_total, pending_favs, map_size, unique_crashes, unique_hangs, max_depth, execs_per_sec
1621232080, 0, 0, 3, 3, 1, 1.08%, 0, 0, 1, 13.64
1621232085, 0, 2, 3, 3, 1, 1.08%, 0, 0, 1, 13.72
1621232162, 1, 0, 3, 2, 0, 1.08%, 0, 0, 1, 24.55
1621232663, 1, 1, 3, 1, 0, 1.08%, 0, 0, 1, 23.59
1621232734, 1, 2, 3, 0, 0, 1.08%, 0, 0, 1, 23.92
1621232739, 2, 0, 3, 0, 0, 1.08%, 0, 0, 1, 24.17
1621232744, 2, 1, 3, 0, 0, 1.08%, 0, 0, 1, 21.39
1621232760, 3, 0, 3, 0, 0, 1.08%, 0, 0, 1, 24.12
1621232770, 3, 1, 3, 0, 0, 1.08%, 0, 0, 1, 23.90
1621232778, 3, 1, 3, 0, 0, 1.08%, 0, 1, 1, 0.20
1621232783, 3, 2, 3, 0, 0, 1.08%, 0, 1, 1, 23.65
1621232788, 4, 0, 3, 0, 0, 1.08%, 0, 1, 1, 23.74
1621232802, 4, 1, 3, 0, 0, 1.08%, 0, 1, 1, 0.40
1621232818, 4, 2, 3, 0, 0, 1.08%, 0, 1, 1, 23.09
1621232823, 5, 0, 3, 0, 0, 1.08%, 0, 1, 1, 23.81
1621232828, 5, 1, 3, 0, 0, 1.08%, 0, 1, 1, 24.41
1621232838, 5, 2, 3, 0, 0, 1.08%, 0, 1, 1, 24.11
1621232849, 6, 1, 3, 0, 0, 1.08%, 0, 1, 1, 24.25
1621232859, 6, 2, 3, 0, 0, 1.08%, 0, 1, 1, 24.35
1621232864, 7, 0, 3, 0, 0, 1.08%, 0, 1, 1, 23.76
1621232869, 7, 1, 3, 0, 0, 1.08%, 0, 1, 1, 23.61
1621232884, 7, 2, 3, 0, 0, 1.08%, 0, 1, 1, 23.88
1621232889, 8, 0, 3, 0, 0, 1.08%, 0, 1, 1, 24.10
1621232894, 8, 1, 3, 0, 0, 1.08%, 0, 1, 1, 24.10
1621232911, 8, 2, 3, 0, 0, 1.08%, 0, 1, 1, 24.53
1621232916, 9, 0, 3, 0, 0, 1.08%, 0, 1, 1, 24.85
1621232922, 9, 1, 3, 0, 0, 1.08%, 0, 1, 1, 24.77
1621232932, 9, 2, 3, 0, 0, 1.08%, 0, 1, 1, 23.63
1621232948, 10, 0, 3, 0, 0, 1.08%, 0, 1, 1, 24.25
1621232953, 10, 1, 3, 0, 0, 1.08%, 0, 1, 1, 23.73
1621232963, 10, 2, 3, 0, 0, 1.08%, 0, 1, 1, 23.69
1621232974, 11, 0, 3, 0, 0, 1.08%, 0, 1, 1, 24.02
1621232979, 11, 1, 3, 0, 0, 1.08%, 0, 1, 1, 23.65
1621232989, 11, 2, 3, 0, 0, 1.08%, 0, 1, 1, 23.86
1621232999, 12, 0, 3, 0, 0, 1.08%, 0, 1, 1, 24.52
1621233004, 12, 1, 3, 0, 0, 1.08%, 0, 1, 1, 23.98
1621233015, 12, 2, 3, 0, 0, 1.08%, 0, 1, 1, 23.47
1621233020, 13, 0, 3, 0, 0, 1.08%, 0, 1, 1, 23.82
1621233033, 13, 1, 3, 0, 0, 1.08%, 0, 1, 1, 0.78
1621233050, 13, 2, 3, 0, 0, 1.08%, 0, 1, 1, 23.65
1621233055, 14, 0, 3, 0, 0, 1.08%, 0, 1, 1, 23.88
1621233066, 14, 1, 3, 0, 0, 1.08%, 0, 1, 1, 24.13
1621233076, 14, 2, 3, 0, 0, 1.08%, 0, 1, 1, 24.09
1621233081, 15, 0, 3, 0, 0, 1.08%, 0, 1, 1, 24.59
1621233091, 15, 1, 3, 0, 0, 1.08%, 0, 1, 1, 24.46
1621233102, 15, 2, 3, 0, 0, 1.08%, 0, 1, 1, 24.29
1621233107, 16, 0, 3, 0, 0, 1.08%, 0, 1, 1, 23.87
1621233112, 16, 1, 3, 0, 0, 1.08%, 0, 1, 1, 24.05
1621233122, 16, 2, 3, 0, 0, 1.08%, 0, 1, 1, 23.99
1621233132, 17, 1, 3, 0, 0, 1.08%, 0, 1, 1, 24.01
1621233148, 17, 2, 3, 0, 0, 1.08%, 0, 1, 1, 24.25
1621233153, 18, 0, 3, 0, 0, 1.08%, 0, 1, 1, 24.11
1621233158, 18, 1, 3, 0, 0, 1.08%, 0, 1, 1, 23.52
1621233168, 18, 2, 3, 0, 0, 1.08%, 0, 1, 1, 24.38
1621233173, 19, 0, 3, 0, 0, 1.08%, 0, 1, 1, 24.09
1621233178, 19, 1, 3, 0, 0, 1.08%, 0, 1, 1, 24.22
1621233188, 19, 2, 3, 0, 0, 1.08%, 0, 1, 1, 23.82
1621233193, 20, 0, 3, 0, 0, 1.08%, 0, 1, 1, 23.96
1621233198, 20, 1, 3, 0, 0, 1.08%, 0, 1, 1, 23.80
1621233214, 20, 2, 3, 0, 0, 1.08%, 0, 1, 1, 23.37
1621233219, 21, 0, 3, 0, 0, 1.08%, 0, 1, 1, 23.85
1621233224, 21, 1, 3, 0, 0, 1.08%, 0, 1, 1, 23.66
1621233241, 21, 2, 3, 0, 0, 1.08%, 0, 1, 1, 24.40
1621233246, 22, 0, 3, 0, 0, 1.08%, 0, 1, 1, 23.34
1621233256, 22, 1, 3, 0, 0, 1.08%, 0, 1, 1, 23.80
1621233266, 22, 2, 3, 0, 0, 1.08%, 0, 1, 1, 24.43
1621233277, 23, 0, 3, 0, 0, 1.08%, 0, 1, 1, 23.95
