# unix_time, cycles_done, cur_path, paths_total, pending_total, pending_favs, map_size, unique_crashes, unique_hangs, max_depth, execs_per_sec
1619726363, 0, 0, 5, 5, 4, 34.45%, 0, 0, 1, 36.78
1619726368, 0, 0, 14, 14, 4, 34.78%, 0, 0, 2, 48.95
1619726373, 0, 0, 22, 22, 4, 35.39%, 0, 0, 2, 48.12
1619726378, 0, 0, 26, 26, 4, 35.39%, 0, 0, 2, 49.61
1619726383, 0, 0, 35, 35, 4, 35.39%, 0, 0, 2, 48.26
1619726388, 0, 0, 37, 37, 4, 35.39%, 0, 0, 2, 49.54
1619726393, 0, 0, 38, 38, 4, 35.39%, 0, 0, 2, 49.11
1619726398, 0, 0, 42, 42, 4, 35.44%, 0, 0, 2, 48.52
1619726403, 0, 0, 44, 44, 4, 35.44%, 0, 0, 2, 51.29
1619726408, 0, 0, 48, 48, 4, 35.44%, 0, 0, 2, 48.49
1619726413, 0, 0, 50, 50, 4, 35.44%, 0, 0, 2, 48.05
1619726418, 0, 0, 54, 54, 4, 35.44%, 0, 0, 2, 47.91
1619726424, 0, 0, 55, 55, 4, 41.11%, 0, 0, 2, 48.81
1619726429, 0, 0, 59, 59, 4, 41.11%, 0, 0, 2, 48.71
1619726434, 0, 0, 61, 61, 4, 41.11%, 0, 0, 2, 48.56
1619726439, 0, 0, 63, 63, 4, 41.11%, 0, 0, 2, 49.08
1619726449, 0, 0, 65, 65, 4, 41.11%, 0, 0, 2, 48.31
1619726454, 0, 0, 67, 67, 4, 41.11%, 0, 0, 2, 48.17
1619726459, 0, 0, 68, 68, 4, 41.11%, 0, 0, 2, 48.44
1619726464, 0, 0, 72, 72, 4, 41.11%, 0, 0, 2, 49.42
1619726469, 0, 0, 74, 74, 4, 41.11%, 0, 0, 2, 49.71
1619726474, 0, 0, 76, 76, 4, 41.11%, 0, 0, 2, 48.47
1619726479, 0, 0, 78, 78, 4, 41.11%, 0, 0, 2, 48.49
1619726485, 0, 0, 79, 79, 4, 41.11%, 0, 0, 2, 48.59
1619726490, 0, 0, 81, 81, 4, 41.11%, 0, 0, 2, 48.24
1619726495, 0, 0, 82, 82, 4, 41.11%, 0, 0, 2, 49.82
1619726500, 0, 0, 83, 83, 4, 41.11%, 0, 0, 2, 49.30
1619726505, 0, 0, 84, 84, 4, 41.11%, 0, 0, 2, 48.67
1619726510, 0, 0, 85, 85, 4, 41.11%, 0, 0, 2, 48.86
1619726515, 0, 0, 89, 89, 4, 41.11%, 0, 0, 2, 48.82
1619726525, 0, 0, 90, 90, 4, 41.11%, 0, 0, 2, 49.01
1619726535, 0, 0, 91, 91, 4, 41.11%, 0, 0, 2, 50.23
1619726540, 0, 0, 92, 92, 4, 41.11%, 0, 0, 2, 48.70
1619726545, 0, 0, 95, 95, 4, 41.13%, 0, 0, 2, 53.36
1619726550, 0, 0, 98, 98, 4, 41.13%, 0, 0, 2, 53.40
1619726556, 0, 0, 99, 99, 4, 41.13%, 0, 0, 2, 49.84
1619726561, 0, 0, 101, 101, 4, 41.13%, 0, 0, 2, 48.12
1619726566, 0, 0, 102, 102, 4, 41.13%, 0, 0, 2, 47.85
1619726571, 0, 0, 103, 103, 4, 41.13%, 0, 0, 2, 48.86
1619726576, 0, 0, 104, 104, 4, 41.13%, 0, 0, 2, 48.98
1619726581, 0, 0, 105, 105, 4, 41.13%, 0, 0, 2, 48.76
1619726591, 0, 0, 106, 106, 4, 41.13%, 0, 0, 2, 47.17
1619726596, 0, 0, 108, 108, 4, 41.13%, 0, 0, 2, 45.76
1619726601, 0, 0, 109, 109, 4, 41.13%, 0, 0, 2, 48.11
1619726606, 0, 0, 110, 110, 4, 41.13%, 0, 0, 2, 48.30
1619726616, 0, 0, 111, 111, 4, 41.13%, 0, 0, 2, 45.88
1619726642, 0, 0, 113, 113, 4, 41.13%, 0, 0, 2, 47.20
1619726647, 0, 0, 114, 114, 4, 41.13%, 0, 0, 2, 45.36
1619726672, 0, 0, 115, 115, 4, 41.13%, 0, 0, 2, 47.78
1619726683, 0, 0, 116, 116, 4, 41.13%, 0, 0, 2, 47.33
1619726708, 0, 0, 117, 117, 4, 41.13%, 0, 0, 2, 49.02
1619726718, 0, 0, 118, 118, 4, 41.13%, 0, 0, 2, 47.77
1619726723, 0, 0, 121, 121, 4, 41.13%, 0, 0, 2, 60.92
1619726728, 0, 0, 126, 126, 4, 41.14%, 0, 0, 2, 52.82
1619726733, 0, 0, 130, 130, 4, 41.14%, 0, 0, 2, 49.35
1619726743, 0, 0, 131, 131, 4, 41.14%, 0, 0, 2, 48.22
1619726774, 0, 0, 133, 133, 4, 41.14%, 0, 0, 2, 49.34
1619726784, 0, 0, 134, 134, 4, 41.14%, 0, 0, 2, 47.72
1619726789, 0, 0, 135, 135, 4, 41.14%, 0, 0, 2, 48.17
1619726794, 0, 0, 136, 136, 4, 41.14%, 0, 0, 2, 47.52
1619726799, 0, 0, 137, 137, 4, 41.14%, 0, 0, 2, 47.84
1619726804, 0, 0, 138, 138, 4, 41.14%, 0, 0, 2, 47.81
1619726835, 0, 0, 139, 139, 4, 41.14%, 0, 0, 2, 48.18
1619726886, 0, 0, 141, 141, 4, 41.14%, 0, 0, 2, 47.60
1619726942, 0, 0, 142, 142, 4, 41.14%, 0, 0, 2, 47.31
1619726957, 0, 0, 143, 143, 4, 41.14%, 0, 0, 2, 46.94
1619726972, 0, 0, 144, 144, 4, 41.14%, 0, 0, 2, 47.30
1619727008, 0, 0, 145, 145, 4, 41.14%, 0, 0, 2, 48.35
1619727018, 0, 0, 152, 152, 4, 41.14%, 0, 0, 2, 49.01
1619727023, 0, 0, 161, 161, 4, 41.14%, 0, 0, 2, 49.12
1619727028, 0, 0, 170, 170, 4, 41.14%, 0, 0, 2, 49.06
1619727033, 0, 0, 174, 174, 4, 41.14%, 0, 0, 2, 51.60
1619727038, 0, 0, 178, 178, 4, 41.14%, 0, 0, 2, 49.68
1619727043, 0, 0, 182, 182, 4, 41.14%, 0, 0, 2, 48.77
1619727048, 0, 0, 187, 187, 4, 41.14%, 0, 0, 2, 48.06
1619727053, 0, 0, 193, 193, 4, 41.14%, 0, 0, 2, 49.00
1619727058, 0, 0, 194, 194, 4, 41.14%, 0, 0, 2, 48.74
1619727074, 0, 0, 198, 198, 4, 41.14%, 0, 0, 2, 48.41
1619727079, 0, 0, 199, 199, 4, 41.14%, 0, 0, 2, 49.17
1619727089, 0, 0, 200, 200, 4, 41.14%, 0, 0, 2, 48.86
1619727114, 0, 0, 201, 201, 4, 41.14%, 0, 0, 2, 48.61
1619727130, 0, 0, 202, 202, 4, 41.14%, 0, 0, 2, 49.34
1619727135, 0, 0, 203, 203, 4, 41.14%, 0, 0, 2, 49.59
1619727140, 0, 0, 205, 205, 4, 41.14%, 0, 0, 2, 48.73
1619727181, 0, 0, 207, 207, 4, 41.14%, 0, 0, 2, 52.16
1619727201, 0, 0, 208, 208, 4, 41.14%, 0, 0, 2, 49.06
1619727211, 0, 0, 209, 209, 4, 41.14%, 0, 0, 2, 48.28
1619727221, 0, 0, 211, 211, 4, 41.14%, 0, 0, 2, 94.06
1619727236, 0, 0, 212, 212, 4, 41.14%, 0, 0, 2, 49.67
1619727247, 0, 0, 213, 213, 4, 41.14%, 0, 0, 2, 48.49
1619727252, 0, 0, 214, 214, 4, 41.14%, 0, 0, 2, 258.71
1619727262, 0, 0, 215, 215, 4, 41.14%, 0, 0, 2, 49.21
1619727267, 0, 0, 216, 216, 4, 41.14%, 0, 0, 2, 48.27
1619727272, 0, 0, 217, 217, 4, 41.14%, 0, 0, 2, 45.69
1619727298, 0, 0, 218, 218, 4, 41.14%, 0, 0, 2, 374.88
1619727303, 0, 0, 220, 220, 4, 41.14%, 0, 0, 2, 51.62
1619727333, 0, 0, 221, 221, 4, 41.14%, 0, 0, 2, 53.32
1619727338, 0, 0, 222, 222, 4, 41.14%, 0, 0, 2, 52.92
1619727364, 0, 0, 224, 224, 4, 49.20%, 0, 0, 2, 13.17
1619727369, 0, 0, 225, 225, 4, 49.30%, 0, 0, 2, 25.29
1619727374, 0, 0, 227, 227, 4, 49.30%, 0, 0, 2, 42.92
1619727379, 0, 0, 228, 228, 4, 49.31%, 0, 0, 2, 35.62
1619727384, 0, 0, 230, 230, 4, 49.47%, 0, 0, 2, 32.63
1619727415, 0, 0, 231, 231, 4, 49.47%, 0, 0, 2, 44.63
1619727420, 0, 0, 232, 232, 4, 49.47%, 0, 0, 2, 43.74
1619727425, 0, 0, 233, 233, 4, 49.47%, 0, 0, 2, 56.28
1619727430, 0, 0, 235, 235, 4, 49.47%, 0, 0, 2, 42.73
1619727435, 0, 0, 236, 236, 4, 49.47%, 0, 0, 2, 42.34
1619727445, 0, 0, 237, 237, 4, 49.47%, 0, 0, 2, 39.08
1619727451, 0, 0, 238, 238, 4, 49.47%, 0, 0, 2, 46.77
1619727461, 0, 0, 240, 240, 4, 49.47%, 0, 0, 2, 37.90
1619727466, 0, 0, 241, 241, 4, 49.47%, 0, 0, 2, 45.33
1619727476, 0, 0, 242, 242, 4, 49.47%, 0, 0, 2, 44.05
1619727482, 0, 0, 243, 243, 4, 49.47%, 0, 0, 2, 44.95
1619727487, 0, 0, 244, 244, 4, 49.47%, 0, 0, 2, 46.19
1619727497, 0, 0, 246, 246, 4, 49.47%, 0, 0, 2, 38.93
1619727512, 0, 0, 248, 248, 4, 49.47%, 0, 0, 2, 44.88
1619727528, 0, 0, 250, 250, 4, 49.47%, 0, 0, 2, 51.13
1619727533, 0, 0, 253, 253, 4, 49.47%, 0, 0, 2, 37.60
1619727538, 0, 0, 254, 254, 4, 49.47%, 0, 0, 2, 43.94
1619727543, 0, 0, 257, 257, 4, 49.47%, 0, 0, 2, 24.98
1619727548, 0, 0, 260, 260, 4, 49.47%, 0, 0, 2, 43.08
1619727553, 0, 0, 261, 261, 4, 49.47%, 0, 0, 2, 42.33
1619727558, 0, 0, 262, 262, 4, 49.47%, 0, 0, 2, 54.47
1619727563, 0, 0, 264, 264, 4, 49.65%, 0, 0, 2, 50.17
