# unix_time, cycles_done, cur_path, paths_total, pending_total, pending_favs, map_size, unique_crashes, unique_hangs, max_depth, execs_per_sec
1654305017, 0, 0, 1, 1, 1, 0.15%, 0, 0, 1, 62.99
1654305053, 2, 0, 1, 0, 0, 0.15%, 0, 0, 1, 74.55
1654305059, 5, 0, 1, 0, 0, 0.15%, 0, 0, 1, 74.18
1654305064, 8, 0, 1, 0, 0, 0.15%, 0, 0, 1, 77.13
1654305069, 11, 0, 1, 0, 0, 0.15%, 0, 0, 1, 77.72
1654305074, 14, 0, 1, 0, 0, 0.15%, 0, 0, 1, 75.02
1654305079, 17, 0, 1, 0, 0, 0.15%, 0, 0, 1, 75.60
1654305084, 20, 0, 1, 0, 0, 0.15%, 0, 0, 1, 72.88
1654305089, 23, 0, 1, 0, 0, 0.15%, 0, 0, 1, 73.79
1654305095, 26, 0, 1, 0, 0, 0.15%, 0, 0, 1, 74.48
1654305100, 29, 0, 1, 0, 0, 0.15%, 0, 0, 1, 76.15
1654305105, 32, 0, 1, 0, 0, 0.15%, 0, 0, 1, 75.09
1654305110, 35, 0, 1, 0, 0, 0.15%, 0, 0, 1, 73.28
1654305115, 38, 0, 1, 0, 0, 0.15%, 0, 0, 1, 73.00
1654305120, 41, 0, 1, 0, 0, 0.15%, 0, 0, 1, 72.93
1654305125, 44, 0, 1, 0, 0, 0.15%, 0, 0, 1, 74.09
1654305130, 47, 0, 1, 0, 0, 0.15%, 0, 0, 1, 74.00
1654305136, 50, 0, 1, 0, 0, 0.15%, 0, 0, 1, 73.33
1654305141, 53, 0, 1, 0, 0, 0.15%, 0, 0, 1, 74.11
1654305146, 56, 0, 1, 0, 0, 0.15%, 0, 0, 1, 73.19
1654305151, 59, 0, 1, 0, 0, 0.15%, 0, 0, 1, 73.70
1654305156, 61, 0, 1, 0, 0, 0.15%, 0, 0, 1, 73.91
1654305161, 64, 0, 1, 0, 0, 0.15%, 0, 0, 1, 73.16
1654305166, 67, 0, 1, 0, 0, 0.15%, 0, 0, 1, 74.04
1654305171, 70, 0, 1, 0, 0, 0.15%, 0, 0, 1, 72.98
1654305177, 73, 0, 1, 0, 0, 0.15%, 0, 0, 1, 73.23
1654305182, 76, 0, 1, 0, 0, 0.15%, 0, 0, 1, 73.62
1654305187, 79, 0, 1, 0, 0, 0.15%, 0, 0, 1, 72.63
1654305192, 82, 0, 1, 0, 0, 0.15%, 0, 0, 1, 73.38
1654305197, 85, 0, 1, 0, 0, 0.15%, 0, 0, 1, 75.82
1654305202, 88, 0, 1, 0, 0, 0.15%, 0, 0, 1, 75.59
1654305208, 91, 0, 1, 0, 0, 0.15%, 0, 0, 1, 73.71
1654305213, 94, 0, 1, 0, 0, 0.15%, 0, 0, 1, 74.14
1654305218, 97, 0, 1, 0, 0, 0.15%, 0, 0, 1, 73.85
1654305223, 100, 0, 1, 0, 0, 0.15%, 0, 0, 1, 74.23
1654305228, 103, 0, 1, 0, 0, 0.15%, 0, 0, 1, 74.00
1654305233, 106, 0, 1, 0, 0, 0.15%, 0, 0, 1, 73.78
1654305238, 109, 0, 1, 0, 0, 0.15%, 0, 0, 1, 72.85
1654305244, 112, 0, 1, 0, 0, 0.15%, 0, 0, 1, 74.67
1654305249, 115, 0, 1, 0, 0, 0.15%, 0, 0, 1, 74.45
1654305254, 118, 0, 1, 0, 0, 0.15%, 0, 0, 1, 74.37
1654305259, 121, 0, 1, 0, 0, 0.15%, 0, 0, 1, 74.03
1654305264, 124, 0, 1, 0, 0, 0.15%, 0, 0, 1, 75.20
1654305269, 127, 0, 1, 0, 0, 0.15%, 0, 0, 1, 74.77
1654305275, 130, 0, 1, 0, 0, 0.15%, 0, 0, 1, 74.45
1654305280, 133, 0, 1, 0, 0, 0.15%, 0, 0, 1, 74.58
1654305285, 136, 0, 1, 0, 0, 0.15%, 0, 0, 1, 73.92
1654305290, 139, 0, 1, 0, 0, 0.15%, 0, 0, 1, 74.12
1654305295, 142, 0, 1, 0, 0, 0.15%, 0, 0, 1, 72.82
1654305300, 145, 0, 1, 0, 0, 0.15%, 0, 0, 1, 73.69
1654305306, 148, 0, 1, 0, 0, 0.15%, 0, 0, 1, 73.97
1654305311, 151, 0, 1, 0, 0, 0.15%, 0, 0, 1, 74.07
1654305316, 154, 0, 1, 0, 0, 0.15%, 0, 0, 1, 74.70
1654305321, 157, 0, 1, 0, 0, 0.15%, 0, 0, 1, 75.31
1654305326, 160, 0, 1, 0, 0, 0.15%, 0, 0, 1, 74.28
1654305331, 163, 0, 1, 0, 0, 0.15%, 0, 0, 1, 73.26
1654305337, 166, 0, 1, 0, 0, 0.15%, 0, 0, 1, 73.41
1654305342, 169, 0, 1, 0, 0, 0.15%, 0, 0, 1, 73.35
1654305347, 172, 0, 1, 0, 0, 0.15%, 0, 0, 1, 74.78
1654305352, 175, 0, 1, 0, 0, 0.15%, 0, 0, 1, 74.83
1654305357, 178, 0, 1, 0, 0, 0.15%, 0, 0, 1, 73.87
1654305362, 181, 0, 1, 0, 0, 0.15%, 0, 0, 1, 73.21
1654305367, 184, 0, 1, 0, 0, 0.15%, 0, 0, 1, 73.52
1654305372, 187, 0, 1, 0, 0, 0.15%, 0, 0, 1, 74.11
1654305378, 190, 0, 1, 0, 0, 0.15%, 0, 0, 1, 70.60
1654305383, 192, 0, 1, 0, 0, 0.15%, 0, 0, 1, 73.32
1654305388, 195, 0, 1, 0, 0, 0.15%, 0, 0, 1, 71.72
1654305393, 198, 0, 1, 0, 0, 0.15%, 0, 0, 1, 74.15
1654305398, 201, 0, 1, 0, 0, 0.15%, 0, 0, 1, 70.80
1654305403, 204, 0, 1, 0, 0, 0.15%, 0, 0, 1, 73.49
1654305408, 207, 0, 1, 0, 0, 0.15%, 0, 0, 1, 70.90
1654305413, 210, 0, 1, 0, 0, 0.15%, 0, 0, 1, 74.02
1654305418, 213, 0, 1, 0, 0, 0.15%, 0, 0, 1, 74.92
1654305423, 216, 0, 1, 0, 0, 0.15%, 0, 0, 1, 72.69
1654305428, 219, 0, 1, 0, 0, 0.15%, 0, 0, 1, 76.11
1654305434, 222, 0, 1, 0, 0, 0.15%, 0, 0, 1, 73.57
1654305439, 224, 0, 1, 0, 0, 0.15%, 0, 0, 1, 72.03
1654305444, 227, 0, 1, 0, 0, 0.15%, 0, 0, 1, 73.14
1654305449, 230, 0, 1, 0, 0, 0.15%, 0, 0, 1, 72.57
1654305454, 233, 0, 1, 0, 0, 0.15%, 0, 0, 1, 75.47
1654305459, 236, 0, 1, 0, 0, 0.15%, 0, 0, 1, 73.26
1654305465, 239, 0, 1, 0, 0, 0.15%, 0, 0, 1, 72.59
1654305470, 242, 0, 1, 0, 0, 0.15%, 0, 0, 1, 71.90
1654305475, 245, 0, 1, 0, 0, 0.15%, 0, 0, 1, 71.72
1654305480, 248, 0, 1, 0, 0, 0.15%, 0, 0, 1, 72.63
1654305485, 251, 0, 1, 0, 0, 0.15%, 0, 0, 1, 71.20
1654305490, 254, 0, 1, 0, 0, 0.15%, 0, 0, 1, 71.50
1654305495, 257, 0, 1, 0, 0, 0.15%, 0, 0, 1, 72.54
1654305501, 260, 0, 1, 0, 0, 0.15%, 0, 0, 1, 72.07
1654305506, 263, 0, 1, 0, 0, 0.15%, 0, 0, 1, 73.57
1654305511, 265, 0, 1, 0, 0, 0.15%, 0, 0, 1, 72.82
1654305516, 268, 0, 1, 0, 0, 0.15%, 0, 0, 1, 72.44
1654305521, 271, 0, 1, 0, 0, 0.15%, 0, 0, 1, 72.56
1654305526, 274, 0, 1, 0, 0, 0.15%, 0, 0, 1, 71.72
1654305531, 277, 0, 1, 0, 0, 0.15%, 0, 0, 1, 73.26
1654305536, 280, 0, 1, 0, 0, 0.15%, 0, 0, 1, 75.55
1654305542, 283, 0, 1, 0, 0, 0.15%, 0, 0, 1, 72.06
1654305547, 286, 0, 1, 0, 0, 0.15%, 0, 0, 1, 71.83
1654305552, 289, 0, 1, 0, 0, 0.15%, 0, 0, 1, 72.90
1654305557, 292, 0, 1, 0, 0, 0.15%, 0, 0, 1, 73.68
1654305562, 295, 0, 1, 0, 0, 0.15%, 0, 0, 1, 73.36
1654305567, 298, 0, 1, 0, 0, 0.15%, 0, 0, 1, 74.19
1654305572, 300, 0, 1, 0, 0, 0.15%, 0, 0, 1, 72.39
1654305578, 303, 0, 1, 0, 0, 0.15%, 0, 0, 1, 72.88
1654305583, 306, 0, 1, 0, 0, 0.15%, 0, 0, 1, 71.78
1654305588, 309, 0, 1, 0, 0, 0.15%, 0, 0, 1, 71.68
1654305593, 312, 0, 1, 0, 0, 0.15%, 0, 0, 1, 73.94
1654305598, 315, 0, 1, 0, 0, 0.15%, 0, 0, 1, 72.75
1654305603, 318, 0, 1, 0, 0, 0.15%, 0, 0, 1, 72.14
1654305608, 321, 0, 1, 0, 0, 0.15%, 0, 0, 1, 72.89
1654305613, 324, 0, 1, 0, 0, 0.15%, 0, 0, 1, 72.62
1654305618, 327, 0, 1, 0, 0, 0.15%, 0, 0, 1, 73.18
1654305627, 329, 0, 1, 0, 0, 0.15%, 0, 1, 1, 2.32
1654305632, 332, 0, 1, 0, 0, 0.15%, 0, 1, 1, 71.33
1654305637, 335, 0, 1, 0, 0, 0.15%, 0, 1, 1, 73.47
1654305642, 337, 0, 1, 0, 0, 0.15%, 0, 1, 1, 73.40
1654305648, 340, 0, 1, 0, 0, 0.15%, 0, 1, 1, 73.69
1654305654, 341, 0, 1, 0, 0, 0.15%, 0, 1, 1, 3.28
1654305660, 344, 0, 1, 0, 0, 0.15%, 0, 1, 1, 73.79
1654305665, 348, 0, 1, 0, 0, 0.15%, 0, 1, 1, 75.91
1654305670, 351, 0, 1, 0, 0, 0.15%, 0, 1, 1, 74.80
1654305680, 354, 0, 1, 0, 0, 0.15%, 0, 1, 1, 72.87
1654305685, 357, 0, 1, 0, 0, 0.15%, 0, 1, 1, 73.10
1654305691, 360, 0, 1, 0, 0, 0.15%, 0, 1, 1, 74.46
1654305696, 363, 0, 1, 0, 0, 0.15%, 0, 1, 1, 75.43
1654305701, 366, 0, 1, 0, 0, 0.15%, 0, 1, 1, 74.48
1654305706, 369, 0, 1, 0, 0, 0.15%, 0, 1, 1, 73.72
1654305711, 372, 0, 1, 0, 0, 0.15%, 0, 1, 1, 73.26
1654305716, 375, 0, 1, 0, 0, 0.15%, 0, 1, 1, 73.18
1654305724, 376, 0, 1, 0, 0, 0.15%, 0, 1, 1, 1.95
1654305731, 377, 0, 1, 0, 0, 0.15%, 0, 1, 1, 2.51
1654305737, 380, 0, 1, 0, 0, 0.15%, 0, 1, 1, 74.04
1654305742, 384, 0, 1, 0, 0, 0.15%, 0, 1, 1, 75.33
1654305756, 386, 0, 1, 0, 0, 0.15%, 0, 2, 1, 2.33
1654305761, 389, 0, 1, 0, 0, 0.15%, 0, 2, 1, 76.94
1654305766, 392, 0, 1, 0, 0, 0.15%, 0, 2, 1, 76.09
1654305771, 395, 0, 1, 0, 0, 0.15%, 0, 2, 1, 75.17
1654305776, 398, 0, 1, 0, 0, 0.15%, 0, 2, 1, 74.21
1654305781, 401, 0, 1, 0, 0, 0.15%, 0, 2, 1, 72.57
1654305788, 402, 0, 1, 0, 0, 0.15%, 0, 2, 1, 1.76
1654305793, 405, 0, 1, 0, 0, 0.15%, 0, 2, 1, 73.09
1654305798, 408, 0, 1, 0, 0, 0.15%, 0, 2, 1, 73.55
1654305803, 411, 0, 1, 0, 0, 0.15%, 0, 2, 1, 73.37
1654305809, 414, 0, 1, 0, 0, 0.15%, 0, 2, 1, 75.13
1654305816, 415, 0, 1, 0, 0, 0.15%, 0, 2, 1, 1.37
1654305822, 418, 0, 1, 0, 0, 0.15%, 0, 2, 1, 75.84
1654305827, 419, 0, 1, 0, 0, 0.15%, 0, 2, 1, 0.79
1654305836, 421, 0, 1, 0, 0, 0.15%, 0, 2, 1, 0.20
1654305845, 423, 0, 1, 0, 0, 0.15%, 0, 2, 1, 2.71
1654305850, 426, 0, 1, 0, 0, 0.15%, 0, 2, 1, 68.27
1654305856, 429, 0, 1, 0, 0, 0.15%, 0, 2, 1, 70.35
1654305864, 431, 0, 1, 0, 0, 0.15%, 0, 2, 1, 0.60
1654305869, 434, 0, 1, 0, 0, 0.15%, 0, 2, 1, 73.01
1654305874, 436, 0, 1, 0, 0, 0.15%, 0, 2, 1, 72.92
1654305879, 439, 0, 1, 0, 0, 0.15%, 0, 2, 1, 73.21
1654305884, 440, 0, 1, 0, 0, 0.15%, 0, 2, 1, 1.95
1654305889, 443, 0, 1, 0, 0, 0.15%, 0, 2, 1, 76.80
1654305894, 445, 0, 1, 0, 0, 0.15%, 0, 2, 1, 74.25
1654305901, 447, 0, 1, 0, 0, 0.15%, 0, 2, 1, 12.94
1654305908, 450, 0, 1, 0, 0, 0.15%, 0, 2, 1, 2.37
1654305917, 459, 0, 1, 0, 0, 0.15%, 0, 2, 1, 3.57
1654305922, 469, 0, 1, 0, 0, 0.15%, 0, 2, 1, 256.47
1654305931, 480, 0, 1, 0, 0, 0.15%, 0, 2, 1, 7.42
1654305940, 486, 0, 1, 0, 0, 0.15%, 0, 2, 1, 1.19
1654305948, 490, 0, 1, 0, 0, 0.15%, 0, 2, 1, 1.98
1654305954, 492, 0, 1, 0, 0, 0.15%, 0, 2, 1, 4.11
1654305962, 499, 0, 1, 0, 0, 0.15%, 0, 2, 1, 1.19
1654305969, 502, 0, 1, 0, 0, 0.15%, 0, 2, 1, 4.11
1654305979, 510, 0, 1, 0, 0, 0.15%, 0, 2, 1, 5.25
1654305985, 512, 0, 1, 0, 0, 0.15%, 0, 2, 1, 9.91
1654305996, 522, 0, 1, 0, 0, 0.15%, 0, 2, 1, 246.61
1654306001, 532, 0, 1, 0, 0, 0.15%, 0, 2, 1, 281.69
1654306009, 541, 0, 1, 0, 0, 0.15%, 0, 2, 1, 7.05
1654306014, 551, 0, 1, 0, 0, 0.15%, 0, 2, 1, 256.77
1654306020, 552, 0, 1, 0, 0, 0.15%, 0, 2, 1, 3.15
1654306026, 554, 0, 1, 0, 0, 0.15%, 0, 2, 1, 13.45
1654306031, 557, 0, 1, 0, 0, 0.15%, 0, 2, 1, 9.55
1654306037, 558, 0, 1, 0, 0, 0.15%, 0, 2, 1, 5.12
1654306045, 564, 0, 1, 0, 0, 0.15%, 0, 2, 1, 10.11
1654306056, 568, 0, 1, 0, 0, 0.15%, 0, 2, 1, 8.59
1654306066, 580, 0, 1, 0, 0, 0.15%, 0, 2, 1, 301.66
1654306071, 588, 0, 1, 0, 0, 0.15%, 0, 2, 1, 213.13
1654306076, 602, 0, 1, 0, 0, 0.15%, 0, 2, 1, 330.12
1654306082, 611, 0, 1, 0, 0, 0.15%, 0, 2, 1, 267.32
1654306088, 614, 0, 1, 0, 0, 0.15%, 0, 2, 1, 9.74
1654306095, 620, 0, 1, 0, 0, 0.15%, 0, 2, 1, 1.19
1654306101, 622, 0, 1, 0, 0, 0.15%, 0, 2, 1, 11.55
1654306108, 626, 0, 1, 0, 0, 0.15%, 0, 2, 1, 0.80
1654306114, 628, 0, 1, 0, 0, 0.15%, 0, 2, 1, 4.54
1654306119, 629, 0, 1, 0, 0, 0.15%, 0, 2, 1, 6.20
1654306124, 642, 0, 1, 0, 0, 0.15%, 0, 2, 1, 329.08
1654306131, 646, 0, 1, 0, 0, 0.15%, 0, 2, 1, 3.56
1654306136, 658, 0, 1, 0, 0, 0.15%, 0, 2, 1, 290.42
1654306141, 659, 0, 1, 0, 0, 0.15%, 0, 2, 1, 3.57
1654306147, 666, 0, 1, 0, 0, 0.15%, 0, 2, 1, 189.83
1654306156, 674, 0, 1, 0, 0, 0.15%, 0, 2, 1, 3.17
1654306166, 681, 0, 1, 0, 0, 0.15%, 0, 2, 1, 6.39
1654306171, 682, 0, 1, 0, 0, 0.15%, 0, 2, 1, 3.37
1654306177, 684, 0, 1, 0, 0, 0.15%, 0, 2, 1, 1.40
1654306183, 686, 0, 1, 0, 0, 0.15%, 0, 2, 1, 5.25
1654306192, 695, 0, 1, 0, 0, 0.15%, 0, 2, 1, 8.07
1654306197, 703, 0, 1, 0, 0, 0.15%, 0, 2, 1, 194.05
1654306206, 709, 0, 1, 0, 0, 0.15%, 0, 2, 1, 1.19
1654306212, 711, 0, 1, 0, 0, 0.15%, 0, 2, 1, 8.09
1654306221, 721, 0, 2, 1, 0, 0.15%, 0, 2, 2, 3.96
