# unix_time, cycles_done, cur_path, paths_total, pending_total, pending_favs, map_size, unique_crashes, unique_hangs, max_depth, execs_per_sec
1619750776, 0, 0, 4, 4, 2, 32.70%, 0, 0, 1, 25.64
1619750781, 0, 1, 7, 7, 2, 33.52%, 0, 0, 2, 25.39
1619750787, 0, 1, 11, 11, 2, 33.77%, 0, 0, 2, 25.35
1619750792, 0, 1, 14, 14, 2, 33.77%, 0, 0, 2, 25.45
1619750797, 0, 1, 18, 18, 2, 33.77%, 0, 0, 2, 25.63
1619750802, 0, 1, 20, 20, 2, 33.77%, 0, 0, 2, 24.63
1619750807, 0, 1, 23, 23, 2, 33.77%, 0, 0, 2, 25.58
1619750812, 0, 1, 27, 27, 2, 33.77%, 0, 0, 2, 26.11
1619750817, 0, 1, 31, 31, 2, 33.77%, 0, 0, 2, 26.02
1619750823, 0, 1, 35, 35, 2, 33.77%, 0, 0, 2, 25.60
1619750828, 0, 1, 38, 38, 2, 33.77%, 0, 0, 2, 26.19
1619750833, 0, 1, 40, 40, 2, 33.77%, 0, 0, 2, 25.81
1619750838, 0, 1, 41, 41, 2, 33.77%, 0, 0, 2, 25.01
1619750843, 0, 1, 42, 42, 2, 33.77%, 0, 0, 2, 25.06
1619750848, 0, 1, 43, 43, 2, 33.77%, 0, 0, 2, 25.61
1619750853, 0, 1, 46, 46, 2, 33.77%, 0, 0, 2, 26.00
1619750859, 0, 1, 47, 47, 2, 33.77%, 0, 0, 2, 25.57
1619750864, 0, 1, 49, 49, 2, 33.77%, 0, 0, 2, 25.88
1619750869, 0, 1, 51, 51, 2, 33.77%, 0, 0, 2, 25.23
1619750874, 0, 1, 53, 53, 2, 33.77%, 0, 0, 2, 25.83
1619750879, 0, 1, 55, 55, 2, 33.77%, 0, 0, 2, 25.97
1619750884, 0, 1, 57, 57, 2, 33.77%, 0, 0, 2, 25.74
1619750890, 0, 1, 58, 58, 2, 33.77%, 0, 0, 2, 25.97
1619750895, 0, 1, 60, 60, 2, 33.77%, 0, 0, 2, 26.39
1619750900, 0, 1, 62, 62, 2, 33.77%, 0, 0, 2, 25.37
1619750905, 0, 1, 63, 63, 2, 33.77%, 0, 0, 2, 25.74
1619750910, 0, 1, 65, 65, 2, 33.77%, 0, 0, 2, 25.84
1619750915, 0, 1, 66, 66, 2, 33.77%, 0, 0, 2, 26.06
1619750920, 0, 1, 67, 67, 2, 33.77%, 0, 0, 2, 25.66
1619750925, 0, 1, 69, 69, 2, 33.77%, 0, 0, 2, 25.83
1619750936, 0, 1, 72, 72, 2, 33.77%, 0, 0, 2, 25.89
1619750941, 0, 1, 73, 73, 2, 33.77%, 0, 0, 2, 26.17
1619750946, 0, 1, 75, 75, 2, 33.77%, 0, 0, 2, 25.85
1619750951, 0, 1, 77, 77, 2, 33.77%, 0, 0, 2, 25.59
1619750956, 0, 1, 78, 78, 2, 33.77%, 0, 0, 2, 25.84
1619750962, 0, 1, 80, 80, 2, 33.79%, 0, 0, 2, 25.41
1619750967, 0, 1, 85, 85, 2, 33.80%, 0, 0, 2, 30.22
1619750972, 0, 1, 87, 87, 2, 33.80%, 0, 0, 2, 27.43
1619750982, 0, 1, 89, 89, 2, 33.80%, 0, 0, 2, 26.18
1619750987, 0, 1, 91, 91, 2, 33.80%, 0, 0, 2, 25.73
1619750997, 0, 1, 93, 93, 2, 33.80%, 0, 0, 2, 25.74
1619751008, 0, 1, 94, 94, 2, 33.80%, 0, 0, 2, 25.54
1619751013, 0, 1, 95, 95, 2, 33.80%, 0, 0, 2, 25.89
1619751018, 0, 1, 97, 97, 2, 33.80%, 0, 0, 2, 25.75
1619751023, 0, 1, 98, 98, 2, 33.80%, 0, 0, 2, 25.36
1619751028, 0, 1, 100, 100, 2, 33.80%, 0, 0, 2, 25.75
1619751033, 0, 1, 103, 103, 2, 33.80%, 0, 0, 2, 25.55
1619751039, 0, 1, 107, 107, 2, 33.80%, 0, 0, 2, 26.02
1619751044, 0, 1, 111, 111, 2, 33.80%, 0, 0, 2, 25.75
1619751049, 0, 1, 112, 112, 2, 33.80%, 0, 0, 2, 25.83
1619751054, 0, 1, 116, 116, 2, 33.80%, 0, 0, 2, 25.17
1619751059, 0, 1, 120, 120, 2, 33.80%, 0, 0, 2, 25.07
1619751064, 0, 1, 125, 125, 2, 33.80%, 0, 0, 2, 25.99
1619751069, 0, 1, 130, 130, 2, 33.80%, 0, 0, 2, 25.81
1619751079, 0, 1, 132, 132, 2, 33.80%, 0, 0, 2, 25.67
1619751085, 0, 1, 134, 134, 2, 33.80%, 0, 0, 2, 25.54
1619751090, 0, 1, 137, 137, 2, 33.80%, 0, 0, 2, 25.62
1619751095, 0, 1, 140, 140, 2, 33.80%, 0, 0, 2, 25.53
1619751100, 0, 1, 142, 142, 2, 33.80%, 0, 0, 2, 25.28
1619751105, 0, 1, 144, 144, 2, 33.80%, 0, 0, 2, 24.99
1619751110, 0, 1, 145, 145, 2, 33.80%, 0, 0, 2, 25.65
1619751125, 0, 1, 147, 147, 2, 33.80%, 0, 0, 2, 25.93
1619751130, 0, 1, 148, 148, 2, 33.80%, 0, 0, 2, 26.01
1619751136, 0, 1, 150, 150, 2, 33.80%, 0, 0, 2, 25.18
1619751141, 0, 1, 152, 152, 2, 33.80%, 0, 0, 2, 25.76
1619751146, 0, 1, 153, 153, 2, 33.80%, 0, 0, 2, 25.30
1619751151, 0, 1, 154, 154, 2, 33.80%, 0, 0, 2, 26.12
1619751161, 0, 1, 157, 157, 2, 33.80%, 0, 0, 2, 25.74
1619751167, 0, 1, 159, 159, 2, 33.80%, 0, 0, 2, 25.39
1619751177, 0, 1, 160, 160, 2, 33.80%, 0, 0, 2, 25.75
1619751182, 0, 1, 161, 161, 2, 33.80%, 0, 0, 2, 26.02
1619751187, 0, 1, 162, 162, 2, 33.80%, 0, 0, 2, 25.40
1619751197, 0, 1, 164, 164, 2, 33.80%, 0, 0, 2, 25.56
1619751202, 0, 1, 166, 166, 2, 33.80%, 0, 0, 2, 25.51
1619751207, 0, 1, 167, 167, 2, 33.80%, 0, 0, 2, 25.67
1619751218, 0, 1, 170, 170, 2, 33.80%, 0, 0, 2, 25.89
1619751233, 0, 1, 171, 171, 2, 33.80%, 0, 0, 2, 25.53
1619751238, 0, 1, 173, 173, 2, 33.80%, 0, 0, 2, 25.79
1619751248, 0, 1, 174, 174, 2, 33.80%, 0, 0, 2, 26.07
1619751253, 0, 1, 175, 175, 2, 33.80%, 0, 0, 2, 24.87
1619751259, 0, 1, 176, 176, 2, 33.80%, 0, 0, 2, 25.68
1619751269, 0, 1, 178, 178, 2, 33.80%, 0, 0, 2, 25.25
1619751274, 0, 1, 179, 179, 2, 33.80%, 0, 0, 2, 25.99
1619751279, 0, 1, 181, 181, 2, 33.80%, 0, 0, 2, 26.22
1619751284, 0, 1, 182, 182, 2, 33.80%, 0, 0, 2, 25.05
1619751290, 0, 1, 184, 184, 2, 33.80%, 0, 0, 2, 25.92
1619751300, 0, 1, 185, 185, 2, 33.80%, 0, 0, 2, 25.42
1619751315, 0, 1, 186, 186, 2, 33.81%, 0, 0, 2, 25.87
1619751321, 0, 1, 187, 187, 2, 33.81%, 0, 0, 2, 26.05
1619751326, 0, 1, 188, 188, 2, 33.81%, 0, 0, 2, 25.51
1619751331, 0, 1, 189, 189, 2, 33.81%, 0, 0, 2, 25.84
1619751336, 0, 1, 192, 192, 2, 33.81%, 0, 0, 2, 26.05
1619751341, 0, 1, 193, 193, 2, 33.81%, 0, 0, 2, 25.66
1619751346, 0, 1, 195, 195, 2, 33.81%, 0, 0, 2, 25.84
1619751351, 0, 1, 198, 198, 2, 33.81%, 0, 0, 2, 25.92
1619751356, 0, 1, 200, 200, 2, 33.81%, 0, 0, 2, 25.68
1619751361, 0, 1, 202, 202, 2, 33.81%, 0, 0, 2, 25.36
1619751366, 0, 1, 205, 205, 2, 33.81%, 0, 0, 2, 25.19
1619751372, 0, 1, 206, 206, 2, 33.81%, 0, 0, 2, 25.05
1619751377, 0, 1, 207, 207, 2, 33.81%, 0, 0, 2, 25.40
1619751382, 0, 1, 208, 208, 2, 33.81%, 0, 0, 2, 25.78
1619751387, 0, 1, 209, 209, 2, 33.81%, 0, 0, 2, 25.43
1619751397, 0, 1, 211, 211, 2, 33.81%, 0, 0, 2, 25.91
1619751403, 0, 1, 212, 212, 2, 33.81%, 0, 0, 2, 26.24
1619751408, 0, 1, 213, 213, 2, 33.81%, 0, 0, 2, 25.89
1619751413, 0, 1, 214, 214, 2, 33.81%, 0, 0, 2, 26.25
1619751418, 0, 1, 215, 215, 2, 33.81%, 0, 0, 2, 25.83
1619751433, 0, 1, 216, 216, 2, 33.81%, 0, 0, 2, 25.87
1619751454, 0, 1, 217, 217, 2, 33.81%, 0, 0, 2, 26.06
1619751459, 0, 1, 219, 219, 2, 33.81%, 0, 0, 2, 24.87
1619751474, 0, 1, 220, 220, 2, 33.81%, 0, 0, 2, 26.14
1619751480, 0, 1, 222, 222, 2, 33.81%, 0, 0, 2, 26.11
1619751495, 0, 1, 223, 223, 2, 33.81%, 0, 0, 2, 25.60
1619751500, 0, 1, 225, 225, 2, 33.81%, 0, 0, 2, 25.74
1619751510, 0, 1, 228, 228, 2, 33.81%, 0, 0, 2, 25.06
1619751516, 0, 1, 230, 230, 2, 33.81%, 0, 0, 2, 25.64
1619751526, 0, 1, 234, 234, 2, 33.81%, 0, 0, 2, 25.70
1619751531, 0, 1, 238, 238, 2, 33.81%, 0, 0, 2, 26.12
1619751536, 0, 1, 241, 241, 2, 33.81%, 0, 0, 2, 4.32
1619751541, 0, 1, 244, 244, 2, 33.81%, 0, 0, 2, 12.19
1619751546, 0, 1, 247, 247, 2, 33.81%, 0, 0, 2, 23.37
1619751551, 0, 1, 252, 252, 2, 33.81%, 0, 0, 2, 25.81
1619751557, 0, 1, 257, 257, 2, 33.81%, 0, 0, 2, 25.89
1619751562, 0, 1, 260, 260, 2, 33.81%, 0, 0, 2, 26.13
1619751567, 0, 1, 261, 261, 2, 33.81%, 0, 0, 2, 26.57
1619751577, 0, 1, 262, 262, 2, 33.81%, 0, 0, 2, 25.92
1619751582, 0, 1, 263, 263, 2, 33.81%, 0, 0, 2, 25.51
1619751593, 0, 1, 265, 265, 2, 33.81%, 0, 0, 2, 25.52
1619751598, 0, 1, 266, 266, 2, 33.81%, 0, 0, 2, 25.80
1619751603, 0, 1, 267, 267, 2, 33.81%, 0, 0, 2, 25.79
1619751618, 0, 1, 268, 268, 2, 33.81%, 0, 0, 2, 26.23
1619751629, 0, 1, 269, 269, 2, 33.81%, 0, 0, 2, 26.24
1619751654, 0, 1, 270, 270, 2, 33.81%, 0, 0, 2, 25.75
1619751664, 0, 1, 271, 271, 2, 33.81%, 0, 0, 2, 25.73
1619751670, 0, 1, 272, 272, 2, 33.81%, 0, 0, 2, 25.78
1619751675, 0, 1, 273, 273, 2, 33.81%, 0, 0, 2, 25.60
1619751680, 0, 1, 275, 275, 2, 33.82%, 0, 0, 2, 26.13
1619751690, 0, 1, 279, 279, 2, 33.82%, 0, 0, 2, 36.38
1619751695, 0, 1, 285, 285, 2, 33.82%, 0, 0, 2, 30.67
1619751700, 0, 1, 286, 286, 2, 33.82%, 0, 0, 2, 26.50
1619751721, 0, 1, 287, 287, 2, 33.82%, 0, 0, 2, 25.79
1619751726, 0, 1, 288, 288, 2, 33.82%, 0, 0, 2, 25.95
1619751741, 0, 1, 289, 289, 2, 33.82%, 0, 0, 2, 25.76
1619751746, 0, 1, 290, 290, 2, 33.82%, 0, 0, 2, 25.38
1619751756, 0, 1, 292, 292, 2, 33.82%, 0, 0, 2, 25.43
1619751762, 0, 1, 293, 293, 2, 33.82%, 0, 0, 2, 25.47
1619751782, 0, 1, 294, 294, 2, 33.82%, 0, 0, 2, 25.60
1619751787, 0, 1, 296, 296, 2, 33.82%, 0, 0, 2, 25.80
1619751792, 0, 1, 297, 297, 2, 33.82%, 0, 0, 2, 25.14
1619751798, 0, 1, 298, 298, 2, 33.82%, 0, 0, 2, 25.54
1619751803, 0, 1, 299, 299, 2, 33.82%, 0, 0, 2, 25.61
1619751808, 0, 1, 300, 300, 2, 33.82%, 0, 0, 2, 25.50
1619751813, 0, 1, 302, 302, 2, 33.82%, 0, 0, 2, 25.35
1619751823, 0, 1, 303, 303, 2, 33.82%, 0, 0, 2, 25.44
1619751839, 0, 1, 304, 304, 2, 33.82%, 0, 0, 2, 25.73
1619751844, 0, 1, 305, 305, 2, 33.82%, 0, 0, 2, 25.91
1619751849, 0, 1, 306, 306, 2, 33.82%, 0, 0, 2, 25.85
1619751859, 0, 1, 307, 307, 2, 33.82%, 0, 0, 2, 25.62
1619751869, 0, 1, 308, 308, 2, 33.82%, 0, 0, 2, 25.36
1619751875, 0, 1, 309, 309, 2, 33.82%, 0, 0, 2, 25.86
1619751880, 0, 1, 310, 310, 2, 33.82%, 0, 0, 2, 25.43
1619751885, 0, 1, 311, 311, 2, 33.82%, 0, 0, 2, 25.27
1619751895, 0, 1, 312, 312, 2, 33.82%, 0, 0, 2, 25.53
1619751900, 0, 1, 313, 313, 2, 33.82%, 0, 0, 2, 26.24
1619751905, 0, 1, 314, 314, 2, 33.82%, 0, 0, 2, 25.95
1619751911, 0, 1, 316, 316, 2, 33.82%, 0, 0, 2, 26.11
1619751921, 0, 1, 317, 317, 2, 33.82%, 0, 0, 2, 25.32
1619751926, 0, 1, 318, 318, 2, 33.82%, 0, 0, 2, 25.47
1619751931, 0, 1, 319, 319, 2, 33.82%, 0, 0, 2, 25.22
1619751946, 0, 1, 320, 320, 2, 33.82%, 0, 0, 2, 25.81
1619751952, 0, 1, 321, 321, 2, 33.82%, 0, 0, 2, 25.19
1619751967, 0, 1, 322, 322, 2, 33.82%, 0, 0, 2, 25.63
1619751972, 0, 1, 324, 324, 2, 34.20%, 0, 0, 2, 25.30
