# unix_time, cycles_done, cur_path, paths_total, pending_total, pending_favs, map_size, unique_crashes, unique_hangs, max_depth, execs_per_sec
1621244250, 0, 0, 3, 3, 1, 1.08%, 0, 0, 1, 14.13
1621244545, 0, 1, 3, 2, 0, 1.08%, 0, 0, 1, 27.73
1621244597, 0, 2, 3, 1, 0, 1.08%, 0, 0, 1, 27.62
1621244654, 2, 2, 3, 0, 0, 1.08%, 0, 0, 1, 27.74
1621244659, 4, 2, 3, 0, 0, 1.08%, 0, 0, 1, 27.73
1621244664, 6, 1, 3, 0, 0, 1.08%, 0, 0, 1, 27.73
1621244669, 8, 1, 3, 0, 0, 1.08%, 0, 0, 1, 27.71
1621244674, 10, 1, 3, 0, 0, 1.08%, 0, 0, 1, 27.73
1621244680, 12, 1, 3, 0, 0, 1.08%, 0, 0, 1, 27.68
1621244685, 14, 0, 3, 0, 0, 1.08%, 0, 0, 1, 27.55
1621244690, 16, 0, 3, 0, 0, 1.08%, 0, 0, 1, 27.54
1621244695, 17, 2, 3, 0, 0, 1.08%, 0, 0, 1, 27.62
1621244700, 19, 2, 3, 0, 0, 1.08%, 0, 0, 1, 27.62
1621244705, 21, 2, 3, 0, 0, 1.08%, 0, 0, 1, 27.72
1621244710, 23, 2, 3, 0, 0, 1.08%, 0, 0, 1, 27.66
1621244715, 25, 1, 3, 0, 0, 1.08%, 0, 0, 1, 27.57
1621244721, 27, 1, 3, 0, 0, 1.08%, 0, 0, 1, 27.69
1621244726, 29, 1, 3, 0, 0, 1.08%, 0, 0, 1, 27.57
1621244731, 31, 0, 3, 0, 0, 1.08%, 0, 0, 1, 27.65
1621244736, 33, 0, 3, 0, 0, 1.08%, 0, 0, 1, 27.62
1621244741, 35, 0, 3, 0, 0, 1.08%, 0, 0, 1, 27.64
1621244746, 36, 2, 3, 0, 0, 1.08%, 0, 0, 1, 27.70
1621244752, 38, 2, 3, 0, 0, 1.08%, 0, 0, 1, 27.66
1621244757, 40, 2, 3, 0, 0, 1.08%, 0, 0, 1, 27.62
1621244762, 42, 2, 3, 0, 0, 1.08%, 0, 0, 1, 27.79
1621244767, 44, 1, 3, 0, 0, 1.08%, 0, 0, 1, 27.76
1621244772, 46, 1, 3, 0, 0, 1.08%, 0, 0, 1, 27.86
1621244777, 48, 1, 3, 0, 0, 1.08%, 0, 0, 1, 27.64
1621244783, 50, 1, 3, 0, 0, 1.08%, 0, 0, 1, 27.66
1621244788, 52, 0, 3, 0, 0, 1.08%, 0, 0, 1, 27.76
1621244793, 54, 0, 3, 0, 0, 1.08%, 0, 0, 1, 27.79
1621244798, 56, 0, 3, 0, 0, 1.08%, 0, 0, 1, 27.63
1621244803, 57, 2, 3, 0, 0, 1.08%, 0, 0, 1, 27.62
1621244808, 59, 2, 3, 0, 0, 1.08%, 0, 0, 1, 27.57
1621244813, 61, 1, 3, 0, 0, 1.08%, 0, 0, 1, 27.60
1621244818, 63, 1, 3, 0, 0, 1.08%, 0, 0, 1, 27.60
1621244824, 65, 1, 3, 0, 0, 1.08%, 0, 0, 1, 27.61
1621244829, 67, 1, 3, 0, 0, 1.08%, 0, 0, 1, 27.68
1621244834, 69, 0, 3, 0, 0, 1.08%, 0, 0, 1, 27.69
1621244839, 71, 0, 3, 0, 0, 1.08%, 0, 0, 1, 27.55
1621244844, 73, 0, 3, 0, 0, 1.08%, 0, 0, 1, 27.60
1621244849, 74, 2, 3, 0, 0, 1.08%, 0, 0, 1, 27.67
1621244855, 76, 2, 3, 0, 0, 1.08%, 0, 0, 1, 27.67
1621244860, 78, 2, 3, 0, 0, 1.08%, 0, 0, 1, 27.80
1621244865, 80, 2, 3, 0, 0, 1.08%, 0, 0, 1, 27.82
1621244870, 82, 1, 3, 0, 0, 1.08%, 0, 0, 1, 27.82
1621244875, 84, 1, 3, 0, 0, 1.08%, 0, 0, 1, 27.71
1621244880, 86, 1, 3, 0, 0, 1.08%, 0, 0, 1, 27.68
1621244886, 88, 1, 3, 0, 0, 1.08%, 0, 0, 1, 27.67
1621244891, 90, 0, 3, 0, 0, 1.08%, 0, 0, 1, 27.81
1621244896, 92, 0, 3, 0, 0, 1.08%, 0, 0, 1, 27.83
1621244901, 94, 0, 3, 0, 0, 1.08%, 0, 0, 1, 27.88
1621244906, 96, 0, 3, 0, 0, 1.08%, 0, 0, 1, 27.80
1621244912, 97, 2, 3, 0, 0, 1.08%, 0, 0, 1, 27.87
1621244917, 99, 2, 3, 0, 0, 1.08%, 0, 0, 1, 27.87
1621244922, 101, 2, 3, 0, 0, 1.08%, 0, 0, 1, 27.75
1621244927, 103, 2, 3, 0, 0, 1.08%, 0, 0, 1, 27.83
1621244932, 105, 1, 3, 0, 0, 1.08%, 0, 0, 1, 27.82
1621244937, 107, 1, 3, 0, 0, 1.08%, 0, 0, 1, 27.86
1621244943, 109, 1, 3, 0, 0, 1.08%, 0, 0, 1, 27.77
1621244948, 111, 1, 3, 0, 0, 1.08%, 0, 0, 1, 27.80
1621244953, 113, 0, 3, 0, 0, 1.08%, 0, 0, 1, 27.83
1621244958, 115, 0, 3, 0, 0, 1.08%, 0, 0, 1, 27.66
1621244963, 117, 0, 3, 0, 0, 1.08%, 0, 0, 1, 27.87
1621244969, 119, 0, 3, 0, 0, 1.08%, 0, 0, 1, 27.83
1621244974, 121, 0, 3, 0, 0, 1.08%, 0, 0, 1, 27.74
1621244979, 122, 2, 3, 0, 0, 1.08%, 0, 0, 1, 27.82
1621244984, 124, 2, 3, 0, 0, 1.08%, 0, 0, 1, 27.82
1621244989, 126, 2, 3, 0, 0, 1.08%, 0, 0, 1, 27.84
1621244994, 128, 2, 3, 0, 0, 1.08%, 0, 0, 1, 27.73
1621245000, 130, 1, 3, 0, 0, 1.08%, 0, 0, 1, 27.79
1621245005, 132, 1, 3, 0, 0, 1.08%, 0, 0, 1, 27.78
1621245010, 134, 1, 3, 0, 0, 1.08%, 0, 0, 1, 27.81
1621245015, 136, 1, 3, 0, 0, 1.08%, 0, 0, 1, 27.90
1621245020, 138, 0, 3, 0, 0, 1.08%, 0, 0, 1, 27.79
1621245025, 140, 0, 3, 0, 0, 1.08%, 0, 0, 1, 27.77
1621245031, 140, 1, 3, 0, 0, 1.08%, 0, 1, 1, 0.40
1621245037, 142, 1, 3, 0, 0, 1.08%, 0, 1, 1, 27.71
1621245042, 144, 1, 3, 0, 0, 1.08%, 0, 1, 1, 27.83
1621245047, 146, 0, 3, 0, 0, 1.08%, 0, 1, 1, 27.93
1621245052, 148, 0, 3, 0, 0, 1.08%, 0, 1, 1, 27.84
1621245057, 150, 0, 3, 0, 0, 1.08%, 0, 1, 1, 27.80
1621245062, 152, 0, 3, 0, 0, 1.08%, 0, 1, 1, 27.67
1621245068, 153, 2, 3, 0, 0, 1.08%, 0, 1, 1, 27.70
1621245073, 155, 2, 3, 0, 0, 1.08%, 0, 1, 1, 27.86
1621245080, 156, 2, 3, 0, 0, 1.08%, 0, 1, 1, 0.59
1621245086, 158, 2, 3, 0, 0, 1.08%, 0, 1, 1, 27.66
1621245096, 160, 2, 3, 0, 0, 1.08%, 0, 1, 1, 27.51
1621245103, 161, 1, 3, 0, 0, 1.08%, 0, 1, 1, 0.20
1621245109, 163, 1, 3, 0, 0, 1.08%, 0, 1, 1, 27.55
1621245114, 165, 1, 3, 0, 0, 1.08%, 0, 1, 1, 27.71
1621245119, 167, 1, 3, 0, 0, 1.08%, 0, 1, 1, 27.66
1621245124, 169, 1, 3, 0, 0, 1.08%, 0, 1, 1, 27.64
1621245129, 171, 0, 3, 0, 0, 1.08%, 0, 1, 1, 27.70
1621245135, 173, 0, 3, 0, 0, 1.08%, 0, 1, 1, 27.68
1621245140, 175, 0, 3, 0, 0, 1.08%, 0, 1, 1, 27.60
1621245145, 176, 2, 3, 0, 0, 1.08%, 0, 1, 1, 27.67
1621245150, 178, 2, 3, 0, 0, 1.08%, 0, 1, 1, 27.54
1621245155, 180, 2, 3, 0, 0, 1.08%, 0, 1, 1, 27.80
1621245160, 182, 1, 3, 0, 0, 1.08%, 0, 1, 1, 27.76
1621245165, 184, 1, 3, 0, 0, 1.08%, 0, 1, 1, 27.77
1621245170, 186, 1, 3, 0, 0, 1.08%, 0, 1, 1, 27.60
1621245176, 188, 1, 3, 0, 0, 1.08%, 0, 1, 1, 27.56
1621245181, 190, 0, 3, 0, 0, 1.08%, 0, 1, 1, 27.68
1621245186, 192, 0, 3, 0, 0, 1.08%, 0, 1, 1, 27.81
1621245191, 194, 0, 3, 0, 0, 1.08%, 0, 1, 1, 27.73
1621245196, 196, 0, 3, 0, 0, 1.08%, 0, 1, 1, 27.85
1621245202, 197, 2, 3, 0, 0, 1.08%, 0, 1, 1, 27.83
1621245207, 199, 2, 3, 0, 0, 1.08%, 0, 1, 1, 27.78
1621245212, 201, 2, 3, 0, 0, 1.08%, 0, 1, 1, 27.87
1621245217, 203, 2, 3, 0, 0, 1.08%, 0, 1, 1, 27.83
1621245222, 205, 1, 3, 0, 0, 1.08%, 0, 1, 1, 27.67
1621245228, 207, 1, 3, 0, 0, 1.08%, 0, 1, 1, 27.68
1621245233, 209, 1, 3, 0, 0, 1.08%, 0, 1, 1, 27.69
1621245238, 211, 0, 3, 0, 0, 1.08%, 0, 1, 1, 27.58
1621245243, 213, 0, 3, 0, 0, 1.08%, 0, 1, 1, 27.70
1621245248, 215, 0, 3, 0, 0, 1.08%, 0, 1, 1, 27.67
1621245255, 215, 2, 3, 0, 0, 1.08%, 0, 1, 1, 0.97
1621245260, 217, 2, 3, 0, 0, 1.08%, 0, 1, 1, 27.54
1621245265, 219, 2, 3, 0, 0, 1.08%, 0, 1, 1, 27.51
1621245271, 221, 1, 3, 0, 0, 1.08%, 0, 1, 1, 27.59
1621245276, 223, 1, 3, 0, 0, 1.08%, 0, 1, 1, 27.72
1621245281, 225, 1, 3, 0, 0, 1.08%, 0, 1, 1, 27.73
1621245286, 227, 1, 3, 0, 0, 1.08%, 0, 1, 1, 27.75
1621245294, 228, 0, 3, 0, 0, 1.08%, 0, 2, 1, 0.78
1621245299, 230, 0, 3, 0, 0, 1.08%, 0, 2, 1, 27.70
1621245304, 232, 0, 3, 0, 0, 1.08%, 0, 2, 1, 27.77
1621245309, 234, 0, 3, 0, 0, 1.08%, 0, 2, 1, 27.76
1621245314, 235, 2, 3, 0, 0, 1.08%, 0, 2, 1, 27.78
1621245319, 237, 2, 3, 0, 0, 1.08%, 0, 2, 1, 27.56
1621245325, 239, 2, 3, 0, 0, 1.08%, 0, 2, 1, 27.63
1621245330, 241, 1, 3, 0, 0, 1.08%, 0, 2, 1, 27.57
1621245335, 243, 1, 3, 0, 0, 1.08%, 0, 2, 1, 27.70
1621245340, 245, 1, 3, 0, 0, 1.08%, 0, 2, 1, 27.73
1621245345, 247, 1, 3, 0, 0, 1.08%, 0, 2, 1, 27.75
1621245353, 248, 1, 3, 0, 0, 1.08%, 0, 2, 1, 0.59
1621245358, 250, 0, 3, 0, 0, 1.08%, 0, 2, 1, 27.53
1621245363, 252, 0, 3, 0, 0, 1.08%, 0, 2, 1, 27.45
1621245368, 253, 2, 3, 0, 0, 1.08%, 0, 2, 1, 27.49
1621245373, 255, 2, 3, 0, 0, 1.08%, 0, 2, 1, 27.47
1621245378, 257, 1, 3, 0, 0, 1.08%, 0, 2, 1, 27.60
1621245383, 259, 1, 3, 0, 0, 1.08%, 0, 2, 1, 27.67
1621245388, 261, 1, 3, 0, 0, 1.08%, 0, 2, 1, 27.58
1621245394, 263, 0, 3, 0, 0, 1.08%, 0, 2, 1, 27.56
1621245399, 265, 0, 3, 0, 0, 1.08%, 0, 2, 1, 27.56
1621245404, 267, 0, 3, 0, 0, 1.08%, 0, 2, 1, 27.61
1621245409, 268, 2, 3, 0, 0, 1.08%, 0, 2, 1, 27.53
1621245414, 270, 2, 3, 0, 0, 1.08%, 0, 2, 1, 27.54
1621245419, 272, 2, 3, 0, 0, 1.08%, 0, 2, 1, 27.60
1621245424, 274, 1, 3, 0, 0, 1.08%, 0, 2, 1, 27.57
1621245432, 275, 1, 3, 0, 0, 1.08%, 0, 2, 1, 0.59
1621245437, 277, 0, 3, 0, 0, 1.08%, 0, 2, 1, 27.49
1621245442, 279, 0, 3, 0, 0, 1.08%, 0, 2, 1, 27.48
1621245447, 280, 2, 3, 0, 0, 1.08%, 0, 2, 1, 27.55
1621245452, 281, 3, 4, 1, 1, 1.08%, 0, 2, 2, 42.33
