# unix_time, cycles_done, cur_path, paths_total, pending_total, pending_favs, map_size, unique_crashes, unique_hangs, max_depth, execs_per_sec
1621129823, 0, 0, 20, 20, 4, 2.08%, 0, 0, 1, 7.96
1621129828, 0, 1, 22, 22, 4, 2.09%, 0, 0, 2, 15.08
1621129833, 0, 1, 26, 26, 4, 2.09%, 0, 0, 2, 2.01
1621129838, 0, 1, 28, 28, 4, 2.09%, 0, 0, 2, 4.99
1621129951, 0, 1, 29, 29, 4, 2.09%, 0, 0, 2, 18.25
1621130013, 0, 1, 30, 30, 4, 2.09%, 0, 0, 2, 2.04
1621130018, 0, 1, 31, 31, 4, 2.09%, 0, 0, 2, 15.18
1621130023, 0, 1, 34, 34, 4, 2.10%, 0, 0, 2, 13.72
1621130028, 0, 1, 36, 36, 4, 2.10%, 0, 0, 2, 11.69
1621130110, 0, 1, 38, 38, 4, 2.10%, 0, 0, 2, 7.95
1621130115, 0, 1, 40, 40, 4, 2.10%, 0, 0, 2, 6.42
1621130120, 0, 1, 41, 41, 4, 2.10%, 0, 0, 2, 7.14
1621130126, 0, 1, 43, 43, 4, 2.10%, 0, 0, 2, 7.83
1621130157, 0, 1, 45, 45, 4, 2.10%, 0, 0, 2, 3.64
