# unix_time, cycles_done, cur_path, paths_total, pending_total, pending_favs, map_size, unique_crashes, unique_hangs, max_depth, execs_per_sec
1621140420, 0, 0, 10, 10, 5, 2.05%, 0, 0, 1, 2.05
1621140425, 0, 1, 11, 11, 5, 2.05%, 0, 0, 2, 2.06
1621140430, 0, 1, 12, 12, 5, 2.05%, 0, 0, 2, 2.15
1621140436, 0, 1, 13, 13, 5, 2.05%, 0, 0, 2, 2.21
1621140472, 0, 1, 14, 14, 5, 2.05%, 0, 0, 2, 2.22
1621140493, 0, 1, 15, 15, 5, 2.05%, 0, 0, 2, 2.26
1621140535, 0, 1, 16, 16, 5, 2.05%, 0, 0, 2, 2.28
1621140845, 0, 1, 17, 17, 5, 2.05%, 0, 0, 2, 2.81
1621141040, 0, 1, 18, 18, 5, 2.05%, 0, 0, 2, 2.87
1621141380, 0, 1, 19, 19, 5, 2.06%, 0, 0, 2, 2.82
1621141385, 0, 1, 20, 20, 5, 2.06%, 0, 0, 2, 2.82
1621141390, 0, 1, 21, 21, 5, 2.08%, 0, 0, 2, 2.81
1621141395, 0, 1, 22, 22, 5, 2.08%, 0, 0, 2, 2.78
1621141410, 0, 1, 23, 23, 5, 2.08%, 0, 0, 2, 2.77
1621141415, 0, 1, 24, 24, 5, 2.08%, 0, 0, 2, 2.78
1621141425, 0, 1, 25, 25, 5, 2.08%, 0, 0, 2, 2.78
1621141441, 0, 1, 26, 26, 5, 2.09%, 0, 0, 2, 2.79
1621141555, 0, 1, 27, 27, 5, 2.10%, 0, 0, 2, 3.20
