# unix_time, cycles_done, cur_path, paths_total, pending_total, pending_favs, map_size, unique_crashes, unique_hangs, max_depth, execs_per_sec
1621107686, 0, 0, 8, 8, 3, 2.01%, 0, 0, 1, 11.51
1621107691, 0, 0, 9, 9, 3, 2.01%, 0, 0, 2, 11.62
1621107697, 0, 0, 11, 11, 3, 2.02%, 0, 0, 2, 12.84
1621107702, 0, 0, 12, 12, 3, 2.02%, 0, 0, 2, 13.04
1621107707, 0, 0, 13, 13, 3, 2.02%, 0, 0, 2, 12.65
1621107712, 0, 0, 14, 14, 3, 2.02%, 0, 0, 2, 10.72
1621107717, 0, 0, 16, 16, 3, 2.02%, 0, 0, 2, 9.96
1621107722, 0, 0, 18, 18, 3, 2.02%, 0, 0, 2, 9.73
1621107748, 0, 0, 19, 19, 3, 2.02%, 0, 0, 2, 12.01
1621107753, 0, 0, 20, 20, 3, 2.02%, 0, 0, 2, 12.60
1621107773, 0, 0, 21, 21, 3, 2.02%, 0, 0, 2, 12.92
1621107779, 0, 0, 22, 22, 3, 2.02%, 0, 0, 2, 10.24
1621107789, 0, 0, 23, 23, 3, 2.02%, 0, 0, 2, 11.73
1621107804, 0, 0, 24, 24, 3, 2.02%, 0, 0, 2, 9.90
1621107809, 0, 0, 25, 25, 3, 2.02%, 0, 0, 2, 9.77
1621107835, 0, 0, 26, 26, 3, 2.02%, 0, 0, 2, 12.30
1621107944, 0, 0, 27, 27, 3, 2.02%, 0, 0, 2, 13.90
1621107969, 0, 0, 28, 28, 3, 2.02%, 0, 0, 2, 12.74
1621108052, 0, 0, 29, 29, 3, 2.02%, 0, 0, 2, 9.94
1621108082, 0, 0, 30, 30, 3, 2.02%, 0, 0, 2, 9.58
1621108098, 0, 0, 31, 31, 3, 2.02%, 0, 0, 2, 9.38
1621108149, 0, 0, 32, 32, 3, 2.02%, 0, 0, 2, 7.85
1621108231, 0, 0, 33, 33, 3, 2.02%, 0, 0, 2, 8.39
1621108575, 0, 0, 34, 34, 3, 2.02%, 0, 0, 2, 10.58
1621108852, 0, 0, 35, 35, 3, 2.03%, 0, 0, 2, 13.25
