# unix_time, cycles_done, cur_path, paths_total, pending_total, pending_favs, map_size, unique_crashes, unique_hangs, max_depth, execs_per_sec
1654301366, 0, 0, 1, 1, 1, 0.15%, 0, 0, 1, 307.69
1654301381, 1, 0, 1, 0, 0, 0.15%, 0, 0, 1, 161.37
1654301386, 4, 0, 1, 0, 0, 0.15%, 0, 0, 1, 156.54
1654301392, 7, 0, 1, 0, 0, 0.15%, 0, 0, 1, 152.16
1654301397, 9, 0, 1, 0, 0, 0.15%, 0, 0, 1, 125.44
1654301402, 12, 0, 1, 0, 0, 0.15%, 0, 0, 1, 124.44
1654301407, 14, 0, 1, 0, 0, 0.15%, 0, 0, 1, 138.19
1654301412, 18, 0, 1, 0, 0, 0.15%, 0, 0, 1, 179.36
1654301417, 22, 0, 1, 0, 0, 0.15%, 0, 0, 1, 180.97
1654301422, 29, 0, 1, 0, 0, 0.15%, 0, 0, 1, 315.14
1654301427, 35, 0, 1, 0, 0, 0.15%, 0, 0, 1, 319.85
1654301433, 40, 0, 1, 0, 0, 0.15%, 0, 0, 1, 296.18
1654301438, 47, 0, 1, 0, 0, 0.15%, 0, 0, 1, 325.82
1654301443, 54, 0, 1, 0, 0, 0.15%, 0, 0, 1, 323.26
1654301448, 61, 0, 1, 0, 0, 0.15%, 0, 0, 1, 333.32
1654301453, 64, 0, 1, 0, 0, 0.15%, 0, 0, 1, 211.44
1654301458, 68, 0, 1, 0, 0, 0.15%, 0, 0, 1, 195.62
1654301463, 72, 0, 1, 0, 0, 0.15%, 0, 0, 1, 184.95
1654301468, 75, 0, 1, 0, 0, 0.15%, 0, 0, 1, 191.29
1654301473, 80, 0, 1, 0, 0, 0.15%, 0, 0, 1, 247.47
1654301478, 86, 0, 1, 0, 0, 0.15%, 0, 0, 1, 275.08
1654301483, 90, 0, 1, 0, 0, 0.15%, 0, 0, 1, 207.19
1654301489, 95, 0, 1, 0, 0, 0.15%, 0, 0, 1, 268.17
1654301494, 101, 0, 1, 0, 0, 0.15%, 0, 0, 1, 285.80
1654301499, 108, 0, 1, 0, 0, 0.15%, 0, 0, 1, 320.46
1654301504, 114, 0, 1, 0, 0, 0.15%, 0, 0, 1, 332.22
1654301509, 119, 0, 1, 0, 0, 0.15%, 0, 0, 1, 241.85
1654301514, 123, 0, 1, 0, 0, 0.15%, 0, 0, 1, 203.87
1654301519, 130, 0, 1, 0, 0, 0.15%, 0, 0, 1, 324.44
1654301524, 134, 0, 1, 0, 0, 0.15%, 0, 0, 1, 221.64
1654301529, 138, 0, 1, 0, 0, 0.15%, 0, 0, 1, 197.63
1654301534, 144, 0, 1, 0, 0, 0.15%, 0, 0, 1, 322.48
1654301540, 148, 0, 1, 0, 0, 0.15%, 0, 0, 1, 224.13
1654301545, 152, 0, 1, 0, 0, 0.15%, 0, 0, 1, 195.71
1654301550, 156, 0, 1, 0, 0, 0.15%, 0, 0, 1, 195.19
1654301555, 160, 0, 1, 0, 0, 0.15%, 0, 0, 1, 189.03
1654301560, 166, 0, 1, 0, 0, 0.15%, 0, 0, 1, 306.17
1654301565, 171, 0, 1, 0, 0, 0.15%, 0, 0, 1, 231.89
1654301570, 175, 0, 1, 0, 0, 0.15%, 0, 0, 1, 203.84
1654301575, 181, 0, 1, 0, 0, 0.15%, 0, 0, 1, 304.73
1654301581, 186, 0, 1, 0, 0, 0.15%, 0, 0, 1, 233.34
1654301586, 191, 0, 1, 0, 0, 0.15%, 0, 0, 1, 274.46
1654301591, 197, 0, 1, 0, 0, 0.15%, 0, 0, 1, 290.74
1654301596, 204, 0, 1, 0, 0, 0.15%, 0, 0, 1, 311.07
1654301601, 210, 0, 1, 0, 0, 0.15%, 0, 0, 1, 332.90
1654301606, 214, 0, 1, 0, 0, 0.15%, 0, 0, 1, 230.17
1654301611, 219, 0, 1, 0, 0, 0.15%, 0, 0, 1, 243.47
1654301616, 225, 0, 1, 0, 0, 0.15%, 0, 0, 1, 279.84
1654301621, 229, 0, 1, 0, 0, 0.15%, 0, 0, 1, 196.01
1654301626, 232, 0, 1, 0, 0, 0.15%, 0, 0, 1, 190.76
1654301632, 238, 0, 1, 0, 0, 0.15%, 0, 0, 1, 294.75
1654301637, 245, 0, 1, 0, 0, 0.15%, 0, 0, 1, 329.93
1654301642, 251, 0, 1, 0, 0, 0.15%, 0, 0, 1, 277.88
1654301647, 255, 0, 1, 0, 0, 0.15%, 0, 0, 1, 242.99
1654301652, 262, 0, 1, 0, 0, 0.15%, 0, 0, 1, 300.04
1654301657, 265, 0, 1, 0, 0, 0.15%, 0, 0, 1, 207.74
1654301662, 272, 0, 1, 0, 0, 0.15%, 0, 0, 1, 327.71
1654301667, 279, 0, 1, 0, 0, 0.15%, 0, 0, 1, 332.48
1654301672, 283, 0, 1, 0, 0, 0.15%, 0, 0, 1, 245.86
1654301678, 287, 0, 1, 0, 0, 0.15%, 0, 0, 1, 203.32
1654301683, 293, 0, 1, 0, 0, 0.15%, 0, 0, 1, 288.40
1654301688, 299, 0, 1, 0, 0, 0.15%, 0, 0, 1, 313.48
1654301693, 305, 0, 1, 0, 0, 0.15%, 0, 0, 1, 280.22
1654301698, 311, 0, 1, 0, 0, 0.15%, 0, 0, 1, 326.55
1654301703, 316, 0, 1, 0, 0, 0.15%, 0, 0, 1, 237.21
1654301708, 322, 0, 1, 0, 0, 0.15%, 0, 0, 1, 299.47
1654301714, 327, 0, 1, 0, 0, 0.15%, 0, 0, 1, 252.62
1654301719, 332, 0, 1, 0, 0, 0.15%, 0, 0, 1, 291.93
1654301724, 338, 0, 1, 0, 0, 0.15%, 0, 0, 1, 259.64
1654301729, 342, 0, 1, 0, 0, 0.15%, 0, 0, 1, 198.05
1654301734, 347, 0, 1, 0, 0, 0.15%, 0, 0, 1, 264.41
1654301739, 352, 0, 1, 0, 0, 0.15%, 0, 0, 1, 267.31
1654301744, 356, 0, 1, 0, 0, 0.15%, 0, 0, 1, 205.88
1654301749, 363, 0, 1, 0, 0, 0.15%, 0, 0, 1, 316.90
1654301754, 369, 0, 1, 0, 0, 0.15%, 0, 0, 1, 319.65
1654301759, 374, 0, 1, 0, 0, 0.15%, 0, 0, 1, 252.65
1654301764, 379, 0, 1, 0, 0, 0.15%, 0, 0, 1, 281.03
1654301769, 385, 0, 1, 0, 0, 0.15%, 0, 0, 1, 265.41
1654301774, 389, 0, 1, 0, 0, 0.15%, 0, 0, 1, 231.75
1654301779, 396, 0, 1, 0, 0, 0.15%, 0, 0, 1, 296.45
1654301784, 399, 0, 1, 0, 0, 0.15%, 0, 0, 1, 207.88
1654301789, 403, 0, 1, 0, 0, 0.15%, 0, 0, 1, 195.08
1654301795, 409, 0, 1, 0, 0, 0.15%, 0, 0, 1, 300.37
1654301800, 414, 0, 1, 0, 0, 0.15%, 0, 0, 1, 237.17
1654301805, 418, 0, 1, 0, 0, 0.15%, 0, 0, 1, 204.47
1654301810, 421, 0, 1, 0, 0, 0.15%, 0, 0, 1, 191.85
1654301815, 425, 0, 1, 0, 0, 0.15%, 0, 0, 1, 191.72
1654301820, 431, 0, 1, 0, 0, 0.15%, 0, 0, 1, 287.81
1654301825, 436, 0, 1, 0, 0, 0.15%, 0, 0, 1, 252.51
1654301830, 440, 0, 1, 0, 0, 0.15%, 0, 0, 1, 203.58
1654301836, 447, 0, 1, 0, 0, 0.15%, 0, 0, 1, 323.57
1654301841, 451, 0, 1, 0, 0, 0.15%, 0, 0, 1, 213.02
1654301846, 457, 0, 1, 0, 0, 0.15%, 0, 0, 1, 306.22
1654301851, 462, 0, 1, 0, 0, 0.15%, 0, 0, 1, 245.03
1654301856, 468, 0, 1, 0, 0, 0.15%, 0, 0, 1, 297.88
1654301861, 473, 0, 1, 0, 0, 0.15%, 0, 0, 1, 251.78
1654301866, 477, 0, 1, 0, 0, 0.15%, 0, 0, 1, 200.92
1654301872, 484, 0, 1, 0, 0, 0.15%, 0, 0, 1, 331.55
1654301877, 489, 0, 1, 0, 0, 0.15%, 0, 0, 1, 284.12
1654301882, 496, 0, 1, 0, 0, 0.15%, 0, 0, 1, 342.63
1654301887, 502, 0, 1, 0, 0, 0.15%, 0, 0, 1, 305.10
1654301892, 509, 0, 1, 0, 0, 0.15%, 0, 0, 1, 334.65
1654301897, 516, 0, 1, 0, 0, 0.15%, 0, 0, 1, 340.85
1654301902, 520, 0, 1, 0, 0, 0.15%, 0, 0, 1, 257.83
1654301907, 527, 0, 1, 0, 0, 0.15%, 0, 0, 1, 312.94
1654301912, 531, 0, 1, 0, 0, 0.15%, 0, 0, 1, 211.74
1654301917, 538, 0, 1, 0, 0, 0.15%, 0, 0, 1, 325.91
1654301923, 542, 0, 1, 0, 0, 0.15%, 0, 0, 1, 223.79
1654301928, 548, 0, 1, 0, 0, 0.15%, 0, 0, 1, 316.16
1654301933, 553, 0, 1, 0, 0, 0.15%, 0, 0, 1, 235.09
1654301938, 558, 0, 1, 0, 0, 0.15%, 0, 0, 1, 287.73
1654301943, 565, 0, 1, 0, 0, 0.15%, 0, 0, 1, 319.76
1654301948, 571, 0, 1, 0, 0, 0.15%, 0, 0, 1, 282.03
1654301953, 576, 0, 1, 0, 0, 0.15%, 0, 0, 1, 285.71
1654301958, 582, 0, 1, 0, 0, 0.15%, 0, 0, 1, 280.44
1654301963, 589, 0, 1, 0, 0, 0.15%, 0, 0, 1, 341.15
1654301968, 594, 0, 1, 0, 0, 0.15%, 0, 0, 1, 274.32
1654301975, 595, 0, 1, 0, 0, 0.15%, 0, 1, 1, 4.93
1654301990, 602, 0, 1, 0, 0, 0.15%, 0, 1, 1, 8.21
1654301997, 604, 0, 1, 0, 0, 0.15%, 0, 1, 1, 3.92
1654302003, 605, 0, 1, 0, 0, 0.15%, 0, 1, 1, 5.51
1654302008, 612, 0, 1, 0, 0, 0.15%, 0, 1, 1, 312.77
1654302020, 615, 0, 1, 0, 0, 0.15%, 0, 2, 1, 4.93
1654302031, 616, 0, 1, 0, 0, 0.15%, 0, 2, 1, 4.15
1654302036, 622, 0, 1, 0, 0, 0.15%, 0, 2, 1, 307.91
1654302046, 628, 0, 1, 0, 0, 0.15%, 0, 2, 1, 10.49
1654302051, 632, 0, 1, 0, 0, 0.15%, 0, 2, 1, 193.02
1654302060, 636, 0, 1, 0, 0, 0.15%, 0, 2, 1, 5.82
1654302065, 640, 0, 1, 0, 0, 0.15%, 0, 2, 1, 218.63
1654302071, 647, 0, 1, 0, 0, 0.15%, 0, 2, 1, 333.24
1654302078, 649, 0, 1, 0, 0, 0.15%, 0, 2, 1, 3.92
1654302092, 653, 0, 1, 0, 0, 0.15%, 0, 2, 1, 6.97
1654302097, 657, 0, 1, 0, 0, 0.15%, 0, 2, 1, 232.90
1654302102, 663, 0, 1, 0, 0, 0.15%, 0, 2, 1, 273.73
1654302107, 669, 0, 1, 0, 0, 0.15%, 0, 2, 1, 274.88
1654302115, 672, 0, 1, 0, 0, 0.15%, 0, 2, 1, 9.36
1654302123, 677, 0, 1, 0, 0, 0.15%, 0, 2, 1, 5.52
1654302129, 678, 0, 1, 0, 0, 0.15%, 0, 2, 1, 13.50
1654302137, 682, 0, 1, 0, 0, 0.15%, 0, 2, 1, 5.46
1654302145, 685, 0, 1, 0, 0, 0.15%, 0, 2, 1, 4.31
1654302150, 686, 0, 1, 0, 0, 0.15%, 0, 2, 1, 0.80
1654302158, 689, 0, 1, 0, 0, 0.15%, 0, 2, 1, 6.94
1654302169, 690, 0, 1, 0, 0, 0.15%, 0, 2, 1, 2.78
1654302176, 691, 0, 1, 0, 0, 0.15%, 0, 2, 1, 5.84
1654302183, 694, 0, 1, 0, 0, 0.15%, 0, 2, 1, 4.74
1654302189, 695, 0, 1, 0, 0, 0.15%, 0, 2, 1, 15.35
1654302194, 702, 0, 1, 0, 0, 0.15%, 0, 2, 1, 335.93
1654302202, 705, 0, 1, 0, 0, 0.15%, 0, 2, 1, 0.80
1654302209, 706, 0, 1, 0, 0, 0.15%, 0, 2, 1, 4.68
1654302215, 708, 0, 1, 0, 0, 0.15%, 0, 2, 1, 12.18
1654302225, 714, 0, 1, 0, 0, 0.15%, 0, 2, 1, 8.20
1654302233, 717, 0, 1, 0, 0, 0.15%, 0, 2, 1, 1.00
1654302238, 723, 0, 1, 0, 0, 0.15%, 0, 2, 1, 273.46
1654302248, 728, 0, 1, 0, 0, 0.15%, 0, 2, 1, 247.06
1654302256, 731, 0, 1, 0, 0, 0.15%, 0, 2, 1, 6.87
1654302266, 738, 0, 1, 0, 0, 0.15%, 0, 2, 1, 4.11
1654302272, 739, 0, 1, 0, 0, 0.15%, 0, 2, 1, 1.39
1654302277, 740, 0, 1, 0, 0, 0.15%, 0, 2, 1, 9.55
1654302286, 743, 0, 1, 0, 0, 0.15%, 0, 2, 1, 0.60
1654302291, 749, 0, 1, 0, 0, 0.15%, 0, 2, 1, 285.54
1654302296, 753, 0, 1, 0, 0, 0.15%, 0, 2, 1, 225.49
1654302304, 757, 0, 1, 0, 0, 0.15%, 0, 2, 1, 3.57
1654302313, 762, 0, 1, 0, 0, 0.15%, 0, 2, 1, 8.22
1654302325, 764, 0, 1, 0, 0, 0.15%, 0, 2, 1, 13.09
1654302333, 769, 0, 1, 0, 0, 0.15%, 0, 2, 1, 9.55
1654302340, 770, 0, 1, 0, 0, 0.15%, 0, 2, 1, 0.80
1654302352, 772, 0, 1, 0, 0, 0.15%, 0, 2, 1, 8.20
1654302359, 776, 0, 1, 0, 0, 0.15%, 0, 2, 1, 4.12
1654302367, 779, 0, 1, 0, 0, 0.15%, 0, 2, 1, 5.82
1654302375, 782, 0, 1, 0, 0, 0.15%, 0, 2, 1, 3.93
1654302380, 787, 0, 1, 0, 0, 0.15%, 0, 2, 1, 287.45
1654302385, 793, 0, 1, 0, 0, 0.15%, 0, 2, 1, 254.11
1654302401, 794, 0, 1, 0, 0, 0.15%, 0, 2, 1, 5.15
1654302406, 798, 0, 1, 0, 0, 0.15%, 0, 2, 1, 196.14
1654302414, 799, 0, 1, 0, 0, 0.15%, 0, 2, 1, 5.83
1654302419, 807, 0, 1, 0, 0, 0.15%, 0, 2, 1, 367.63
1654302425, 809, 0, 1, 0, 0, 0.15%, 0, 2, 1, 10.29
1654302434, 812, 0, 1, 0, 0, 0.15%, 0, 2, 1, 4.69
1654302440, 814, 0, 1, 0, 0, 0.15%, 0, 2, 1, 1.39
1654302445, 820, 0, 1, 0, 0, 0.15%, 0, 2, 1, 299.94
1654302450, 824, 0, 1, 0, 0, 0.15%, 0, 2, 1, 213.10
1654302459, 827, 0, 1, 0, 0, 0.15%, 0, 2, 1, 3.54
1654302467, 830, 0, 1, 0, 0, 0.15%, 0, 2, 1, 0.80
1654302472, 834, 0, 1, 0, 0, 0.15%, 0, 2, 1, 196.87
1654302477, 837, 0, 1, 0, 0, 0.15%, 0, 2, 1, 197.90
1654302482, 838, 0, 1, 0, 0, 0.15%, 0, 2, 1, 6.94
1654302487, 843, 0, 1, 0, 0, 0.15%, 0, 2, 1, 288.12
1654302496, 849, 0, 1, 0, 0, 0.15%, 0, 2, 1, 2.38
1654302506, 856, 0, 1, 0, 0, 0.15%, 0, 2, 1, 8.41
1654302512, 861, 0, 1, 0, 0, 0.15%, 0, 2, 1, 263.95
1654302518, 862, 0, 1, 0, 0, 0.15%, 0, 2, 1, 4.70
1654302526, 865, 0, 1, 0, 0, 0.15%, 0, 2, 1, 6.78
1654302532, 866, 0, 1, 0, 0, 0.15%, 0, 2, 1, 7.12
1654302539, 868, 0, 1, 0, 0, 0.15%, 0, 2, 1, 9.55
1654302544, 869, 0, 1, 0, 0, 0.15%, 0, 2, 1, 4.15
1654302551, 872, 0, 1, 0, 0, 0.15%, 0, 2, 1, 5.52
1654302559, 875, 0, 1, 0, 0, 0.15%, 0, 2, 1, 6.86
1654302564, 879, 0, 1, 0, 0, 0.15%, 0, 2, 1, 193.25
1654302569, 886, 0, 2, 1, 0, 0.15%, 0, 2, 2, 328.41
