# unix_time, cycles_done, cur_path, paths_total, pending_total, pending_favs, map_size, unique_crashes, unique_hangs, max_depth, execs_per_sec
1619728801, 0, 0, 4, 4, 1, 14.06%, 0, 0, 1, 150.00
1619728806, 0, 3, 18, 18, 1, 15.44%, 0, 0, 2, 160.78
1619728811, 0, 3, 22, 22, 1, 16.12%, 0, 0, 2, 153.52
1619728816, 0, 3, 31, 31, 1, 16.13%, 0, 0, 2, 153.35
1619728821, 0, 3, 37, 37, 1, 16.13%, 0, 0, 2, 159.44
1619728827, 0, 3, 42, 42, 1, 16.14%, 0, 0, 2, 153.81
1619728832, 0, 3, 55, 55, 1, 16.15%, 0, 0, 2, 159.39
1619728837, 0, 3, 57, 57, 1, 16.15%, 0, 0, 2, 132.68
1619728842, 0, 3, 60, 60, 1, 16.15%, 0, 0, 2, 148.55
1619728847, 0, 3, 64, 64, 1, 16.15%, 0, 0, 2, 155.08
1619728852, 0, 3, 66, 66, 1, 16.15%, 0, 0, 2, 153.60
1619728857, 0, 3, 69, 69, 1, 16.15%, 0, 0, 2, 154.97
1619728862, 0, 3, 71, 71, 1, 16.15%, 0, 0, 2, 151.81
1619728867, 0, 3, 92, 92, 1, 16.15%, 0, 0, 2, 153.60
1619728872, 0, 3, 118, 118, 1, 17.20%, 0, 0, 2, 158.73
1619728877, 0, 3, 125, 125, 1, 17.20%, 0, 0, 2, 149.46
1619728883, 0, 3, 131, 131, 1, 17.20%, 0, 0, 2, 144.07
1619728888, 0, 3, 137, 137, 1, 17.20%, 0, 0, 2, 156.80
1619728893, 0, 3, 138, 138, 1, 17.20%, 0, 0, 2, 139.75
1619728898, 0, 3, 140, 140, 1, 17.20%, 0, 0, 2, 164.30
1619728903, 0, 3, 142, 142, 1, 17.20%, 0, 0, 2, 149.59
1619728908, 0, 3, 144, 144, 1, 17.20%, 0, 0, 2, 145.89
1619728913, 0, 3, 145, 145, 1, 17.20%, 0, 0, 2, 172.15
1619728923, 0, 3, 146, 146, 1, 17.20%, 0, 0, 2, 166.70
1619728928, 0, 3, 148, 148, 1, 17.20%, 0, 0, 2, 151.14
1619728933, 0, 3, 154, 154, 1, 17.20%, 0, 0, 2, 177.41
1619728939, 0, 3, 157, 157, 1, 17.20%, 0, 0, 2, 181.39
1619728949, 0, 3, 158, 158, 1, 17.20%, 0, 0, 2, 183.52
1619728954, 0, 3, 159, 159, 1, 17.20%, 0, 0, 2, 184.11
1619728959, 0, 3, 161, 161, 1, 17.20%, 0, 0, 2, 176.28
1619728964, 0, 3, 164, 164, 1, 17.22%, 0, 0, 2, 176.41
1619728974, 0, 3, 166, 166, 1, 17.23%, 0, 0, 2, 180.22
1619728984, 0, 3, 169, 169, 1, 17.26%, 0, 0, 2, 183.09
1619728989, 0, 3, 171, 171, 1, 17.26%, 0, 0, 2, 183.32
1619728994, 0, 3, 173, 173, 1, 17.26%, 0, 0, 2, 179.85
1619729005, 0, 3, 174, 174, 1, 17.26%, 0, 0, 2, 176.06
1619729020, 0, 3, 175, 175, 1, 17.26%, 0, 0, 2, 181.79
1619729035, 0, 3, 176, 176, 1, 17.26%, 0, 0, 2, 178.89
1619729040, 0, 3, 179, 179, 1, 17.26%, 0, 0, 2, 177.72
1619729045, 0, 3, 180, 180, 1, 17.26%, 0, 0, 2, 181.64
1619729050, 0, 3, 181, 181, 1, 17.26%, 0, 0, 2, 179.52
1619729060, 0, 3, 182, 182, 1, 17.26%, 0, 0, 2, 178.95
1619729070, 0, 3, 183, 183, 1, 17.26%, 0, 0, 2, 185.14
1619729091, 0, 3, 184, 184, 1, 17.26%, 0, 0, 2, 190.04
1619729116, 0, 7, 189, 188, 10, 17.26%, 0, 0, 3, 374.49
1619729127, 0, 7, 190, 189, 10, 17.26%, 0, 0, 3, 522.26
1619729132, 0, 7, 194, 193, 10, 17.26%, 0, 0, 3, 484.44
1619729137, 0, 7, 196, 195, 10, 17.26%, 0, 0, 3, 306.57
1619729142, 0, 7, 198, 197, 10, 17.26%, 0, 0, 3, 238.26
1619729147, 0, 7, 201, 200, 10, 17.26%, 0, 0, 3, 220.02
1619729152, 0, 7, 202, 201, 10, 17.26%, 0, 0, 3, 217.25
1619729157, 0, 7, 209, 208, 10, 17.26%, 0, 0, 3, 203.02
1619729162, 0, 7, 210, 209, 10, 17.26%, 0, 0, 3, 193.14
1619729167, 0, 7, 212, 211, 10, 17.26%, 0, 0, 3, 202.22
1619729172, 0, 7, 213, 212, 10, 17.26%, 0, 0, 3, 207.78
1619729178, 0, 15, 213, 211, 10, 17.26%, 0, 0, 3, 248.75
1619729183, 0, 15, 214, 212, 10, 17.26%, 0, 0, 3, 175.71
1619729210, 0, 15, 215, 213, 10, 17.26%, 0, 0, 3, 0.33
1619729220, 0, 15, 216, 214, 10, 18.03%, 0, 0, 3, 725.58
1619729225, 0, 39, 217, 214, 10, 18.03%, 0, 0, 3, 765.89
1619729235, 0, 54, 217, 213, 9, 18.03%, 0, 0, 3, 893.65
1619729246, 0, 54, 218, 214, 9, 18.03%, 0, 0, 3, 813.52
1619729251, 0, 54, 219, 215, 9, 18.03%, 0, 0, 3, 793.25
1619729306, 0, 54, 220, 216, 9, 18.03%, 0, 0, 3, 782.27
1619729311, 0, 54, 221, 217, 9, 18.03%, 0, 0, 3, 778.86
1619729327, 0, 54, 222, 218, 9, 18.03%, 0, 0, 3, 775.84
1619729342, 0, 54, 225, 221, 9, 18.03%, 0, 0, 3, 763.41
1619729357, 0, 106, 225, 220, 8, 18.03%, 0, 0, 3, 813.82
1619729398, 0, 106, 226, 221, 8, 18.03%, 0, 0, 3, 787.88
1619729418, 0, 164, 226, 219, 6, 18.03%, 0, 0, 3, 758.99
1619729423, 0, 164, 227, 220, 6, 18.03%, 0, 0, 3, 772.76
1619729439, 0, 168, 227, 219, 5, 18.03%, 0, 0, 3, 789.53
1619729454, 0, 168, 228, 220, 5, 18.03%, 0, 0, 3, 776.20
1619729515, 0, 168, 230, 222, 5, 18.03%, 0, 0, 3, 771.99
1619729521, 0, 168, 232, 224, 5, 18.03%, 0, 0, 3, 775.88
1619729531, 0, 168, 233, 225, 5, 18.03%, 0, 0, 3, 777.64
1619729551, 0, 168, 234, 226, 5, 18.03%, 0, 0, 3, 797.56
1619729597, 0, 185, 234, 225, 4, 18.03%, 0, 0, 3, 793.74
1619729607, 0, 203, 234, 224, 3, 18.03%, 0, 0, 3, 790.22
1619729668, 0, 203, 235, 225, 3, 18.03%, 0, 0, 4, 780.79
1619729693, 0, 203, 236, 226, 3, 18.03%, 0, 0, 4, 787.96
1619729708, 0, 203, 237, 227, 3, 18.03%, 0, 0, 4, 803.71
1619729744, 0, 203, 238, 228, 3, 18.03%, 0, 0, 4, 793.21
1619729840, 0, 203, 239, 229, 3, 18.03%, 0, 0, 4, 772.96
1619729870, 0, 208, 239, 228, 2, 18.03%, 0, 0, 4, 804.05
1619729906, 0, 208, 240, 229, 2, 18.03%, 0, 0, 4, 801.40
1619730002, 0, 208, 242, 231, 2, 18.07%, 0, 0, 4, 982.51
