# unix_time, cycles_done, cur_path, paths_total, pending_total, pending_favs, map_size, unique_crashes, unique_hangs, max_depth, execs_per_sec
1619747114, 0, 0, 2, 2, 2, 32.33%, 0, 0, 1, 25.82
1619747119, 0, 0, 5, 5, 2, 32.59%, 0, 0, 2, 25.26
1619747124, 0, 0, 9, 9, 2, 33.38%, 0, 0, 2, 25.23
1619747129, 0, 0, 14, 14, 2, 33.38%, 0, 0, 2, 24.47
1619747134, 0, 0, 19, 19, 2, 33.38%, 0, 0, 2, 25.20
1619747139, 0, 0, 22, 22, 2, 33.38%, 0, 0, 2, 25.46
1619747144, 0, 0, 24, 24, 2, 33.40%, 0, 0, 2, 25.46
1619747150, 0, 0, 29, 29, 2, 33.40%, 0, 0, 2, 25.44
1619747155, 0, 0, 33, 33, 2, 33.40%, 0, 0, 2, 25.82
1619747160, 0, 0, 35, 35, 2, 33.40%, 0, 0, 2, 25.54
1619747165, 0, 0, 37, 37, 2, 33.40%, 0, 0, 2, 25.69
1619747170, 0, 0, 38, 38, 2, 33.40%, 0, 0, 2, 25.49
1619747175, 0, 0, 40, 40, 2, 33.40%, 0, 0, 2, 26.39
1619747180, 0, 0, 42, 42, 2, 33.40%, 0, 0, 2, 25.87
1619747191, 0, 0, 43, 43, 2, 33.40%, 0, 0, 2, 25.85
1619747196, 0, 0, 45, 45, 2, 33.40%, 0, 0, 2, 25.21
1619747201, 0, 0, 46, 46, 2, 33.40%, 0, 0, 2, 25.88
1619747206, 0, 0, 48, 48, 2, 33.40%, 0, 0, 2, 25.86
1619747222, 0, 0, 49, 49, 2, 33.40%, 0, 0, 2, 25.50
1619747227, 0, 0, 51, 51, 2, 33.40%, 0, 0, 2, 25.66
1619747232, 0, 0, 53, 53, 2, 33.40%, 0, 0, 2, 25.81
1619747237, 0, 0, 54, 54, 2, 33.40%, 0, 0, 2, 25.56
1619747253, 0, 0, 57, 57, 2, 33.40%, 0, 0, 2, 25.28
1619747258, 0, 0, 58, 58, 2, 33.40%, 0, 0, 2, 25.40
1619747263, 0, 0, 59, 59, 2, 33.40%, 0, 0, 2, 25.61
1619747268, 0, 0, 60, 60, 2, 33.43%, 0, 0, 2, 25.57
1619747273, 0, 0, 62, 62, 2, 33.43%, 0, 0, 2, 28.27
1619747278, 0, 0, 64, 64, 2, 33.43%, 0, 0, 2, 26.37
1619747283, 0, 0, 65, 65, 2, 33.43%, 0, 0, 2, 26.13
1619747299, 0, 0, 68, 68, 2, 33.43%, 0, 0, 2, 25.56
1619747309, 0, 0, 69, 69, 2, 33.43%, 0, 0, 2, 25.74
1619747314, 0, 0, 70, 70, 2, 33.43%, 0, 0, 2, 25.21
1619747319, 0, 0, 71, 71, 2, 33.43%, 0, 0, 2, 25.71
1619747330, 0, 0, 72, 72, 2, 33.43%, 0, 0, 2, 25.58
1619747335, 0, 0, 73, 73, 2, 33.43%, 0, 0, 2, 24.95
1619747350, 0, 0, 74, 74, 2, 33.43%, 0, 0, 2, 26.06
1619747360, 0, 0, 75, 75, 2, 33.43%, 0, 0, 2, 24.97
1619747381, 0, 0, 76, 76, 2, 33.43%, 0, 0, 2, 25.60
1619747396, 0, 0, 77, 77, 2, 33.43%, 0, 0, 2, 25.20
1619747407, 0, 0, 78, 78, 2, 33.43%, 0, 0, 2, 25.90
1619747417, 0, 0, 80, 80, 2, 33.43%, 0, 0, 2, 25.38
1619747422, 0, 0, 81, 81, 2, 33.43%, 0, 0, 2, 25.29
1619747433, 0, 0, 82, 82, 2, 33.43%, 0, 0, 2, 25.57
1619747464, 0, 0, 83, 83, 2, 33.43%, 0, 0, 2, 25.89
1619747469, 0, 0, 84, 84, 2, 33.43%, 0, 0, 2, 25.67
1619747489, 0, 0, 85, 85, 2, 33.43%, 0, 0, 2, 25.42
1619747494, 0, 0, 86, 86, 2, 33.43%, 0, 0, 2, 25.33
1619747505, 0, 0, 87, 87, 2, 33.43%, 0, 0, 2, 25.72
1619747510, 0, 0, 88, 88, 2, 33.43%, 0, 0, 2, 25.66
1619747525, 0, 0, 89, 89, 2, 33.43%, 0, 0, 2, 25.73
1619747546, 0, 0, 90, 90, 2, 33.43%, 0, 0, 2, 25.47
1619747556, 0, 0, 91, 91, 2, 33.43%, 0, 0, 2, 25.62
1619747561, 0, 0, 92, 92, 2, 33.44%, 0, 0, 2, 26.58
1619747576, 0, 0, 93, 93, 2, 33.44%, 0, 0, 2, 25.81
1619747587, 0, 0, 94, 94, 2, 33.44%, 0, 0, 2, 25.61
1619747592, 0, 0, 96, 96, 2, 33.44%, 0, 0, 2, 25.74
1619747597, 0, 0, 97, 97, 2, 33.44%, 0, 0, 2, 25.50
1619747613, 0, 0, 99, 99, 2, 33.44%, 0, 0, 2, 25.94
1619747618, 0, 0, 104, 104, 2, 33.44%, 0, 0, 2, 25.05
1619747623, 0, 0, 107, 107, 2, 33.44%, 0, 0, 2, 25.40
1619747649, 0, 0, 109, 109, 2, 33.44%, 0, 0, 2, 25.51
1619747669, 0, 0, 110, 110, 2, 33.44%, 0, 0, 2, 25.50
1619747679, 0, 0, 111, 111, 2, 33.44%, 0, 0, 2, 26.62
1619747710, 0, 0, 112, 112, 2, 33.44%, 0, 0, 2, 24.95
1619747715, 0, 0, 113, 113, 2, 33.44%, 0, 0, 2, 25.62
1619747720, 0, 0, 114, 114, 2, 33.44%, 0, 0, 2, 25.75
1619747725, 0, 0, 115, 115, 2, 33.44%, 0, 0, 2, 25.67
1619747730, 0, 0, 117, 117, 2, 33.44%, 0, 0, 2, 25.92
1619747735, 0, 0, 121, 121, 2, 33.44%, 0, 0, 2, 25.79
1619747740, 0, 0, 126, 126, 2, 33.44%, 0, 0, 2, 24.94
1619747746, 0, 0, 129, 129, 2, 33.44%, 0, 0, 2, 25.60
1619747782, 0, 0, 130, 130, 2, 33.44%, 0, 0, 2, 25.18
1619747792, 0, 0, 131, 131, 2, 33.44%, 0, 0, 2, 25.22
1619747797, 0, 0, 132, 132, 2, 33.44%, 0, 0, 2, 25.56
1619747802, 0, 0, 133, 133, 2, 33.44%, 0, 0, 2, 25.84
1619747812, 0, 0, 134, 134, 2, 33.44%, 0, 0, 2, 25.71
1619747817, 0, 0, 135, 135, 2, 33.44%, 0, 0, 2, 25.41
1619747828, 0, 0, 136, 136, 2, 33.44%, 0, 0, 2, 25.21
1619747848, 0, 0, 137, 137, 2, 33.44%, 0, 0, 2, 25.79
1619747853, 0, 0, 138, 138, 2, 33.44%, 0, 0, 2, 24.73
1619747858, 0, 0, 139, 139, 2, 33.44%, 0, 0, 2, 20.83
1619747868, 0, 0, 142, 142, 2, 33.44%, 0, 0, 2, 26.48
1619747874, 0, 0, 143, 143, 2, 33.44%, 0, 0, 2, 26.15
1619747884, 0, 0, 144, 144, 2, 33.44%, 0, 0, 2, 26.17
1619747894, 0, 0, 145, 145, 2, 33.44%, 0, 0, 2, 25.53
1619747899, 0, 0, 147, 147, 2, 33.44%, 0, 0, 2, 25.50
1619747904, 0, 0, 149, 149, 2, 33.49%, 0, 0, 2, 33.39
1619747909, 0, 0, 154, 154, 2, 33.49%, 0, 0, 2, 31.30
1619747915, 0, 0, 155, 155, 2, 33.49%, 0, 0, 2, 26.95
1619747925, 0, 0, 157, 157, 2, 33.49%, 0, 0, 2, 25.29
1619747930, 0, 0, 158, 158, 2, 33.49%, 0, 0, 2, 25.96
1619747940, 0, 0, 159, 159, 2, 33.49%, 0, 0, 2, 25.60
1619747945, 0, 0, 160, 160, 2, 33.49%, 0, 0, 2, 25.84
1619747971, 0, 0, 161, 161, 2, 33.49%, 0, 0, 2, 25.51
1619747976, 0, 0, 162, 162, 2, 33.49%, 0, 0, 2, 25.45
1619747986, 0, 0, 164, 164, 2, 33.49%, 0, 0, 2, 25.22
1619747991, 0, 0, 165, 165, 2, 33.49%, 0, 0, 2, 25.49
1619747996, 0, 0, 166, 166, 2, 33.49%, 0, 0, 2, 25.52
1619748007, 0, 0, 167, 167, 2, 33.49%, 0, 0, 2, 25.96
1619748012, 0, 0, 168, 168, 2, 33.49%, 0, 0, 2, 25.44
1619748033, 0, 0, 169, 169, 2, 33.49%, 0, 0, 2, 25.91
1619748048, 0, 0, 170, 170, 2, 33.49%, 0, 0, 2, 25.34
1619748064, 0, 0, 171, 171, 2, 33.49%, 0, 0, 2, 25.91
1619748074, 0, 0, 172, 172, 2, 33.49%, 0, 0, 2, 25.93
1619748079, 0, 0, 173, 173, 2, 33.49%, 0, 0, 2, 25.33
1619748084, 0, 0, 174, 174, 2, 33.49%, 0, 0, 2, 25.70
1619748125, 0, 0, 176, 176, 2, 33.49%, 0, 0, 2, 25.86
1619748145, 0, 0, 177, 177, 2, 33.49%, 0, 0, 2, 25.11
1619748151, 0, 0, 178, 178, 2, 33.49%, 0, 0, 2, 25.57
1619748156, 0, 0, 179, 179, 2, 33.49%, 0, 0, 2, 25.50
1619748161, 0, 0, 180, 180, 2, 33.49%, 0, 0, 2, 25.68
1619748176, 0, 0, 181, 181, 2, 33.49%, 0, 0, 2, 25.39
1619748181, 0, 0, 182, 182, 2, 33.49%, 0, 0, 2, 25.95
1619748192, 0, 0, 183, 183, 2, 33.49%, 0, 0, 2, 25.40
1619748207, 0, 0, 185, 185, 2, 33.49%, 0, 0, 2, 25.95
1619748212, 0, 0, 186, 186, 2, 33.49%, 0, 0, 2, 25.57
1619748222, 0, 0, 187, 187, 2, 33.49%, 0, 0, 2, 25.78
1619748253, 0, 0, 188, 188, 2, 33.49%, 0, 0, 2, 25.54
1619748263, 0, 0, 189, 189, 2, 33.49%, 0, 0, 2, 25.73
1619748284, 0, 0, 190, 190, 2, 33.49%, 0, 0, 2, 24.83
1619748289, 0, 0, 192, 192, 2, 33.49%, 0, 0, 2, 25.12
1619748299, 0, 0, 193, 193, 2, 33.49%, 0, 0, 2, 25.56
1619748304, 0, 0, 194, 194, 2, 33.49%, 0, 0, 2, 26.03
1619748314, 0, 0, 196, 196, 2, 33.51%, 0, 0, 2, 25.27
