# unix_time, cycles_done, cur_path, paths_total, pending_total, pending_favs, map_size, unique_crashes, unique_hangs, max_depth, execs_per_sec
1621238165, 0, 0, 4, 4, 1, 1.08%, 0, 0, 1, 14.15
1621238170, 0, 1, 4, 4, 1, 1.08%, 0, 0, 1, 14.27
1621238242, 0, 2, 4, 3, 0, 1.08%, 0, 0, 1, 27.67
1621238294, 0, 3, 4, 2, 0, 1.08%, 0, 0, 1, 27.59
1621238350, 1, 0, 4, 1, 0, 1.08%, 0, 0, 1, 27.40
1621238548, 1, 2, 4, 0, 0, 1.08%, 0, 0, 1, 27.48
1621238553, 2, 3, 4, 0, 0, 1.08%, 0, 0, 1, 27.58
1621238559, 4, 1, 4, 0, 0, 1.08%, 0, 0, 1, 27.62
1621238564, 5, 3, 4, 0, 0, 1.08%, 0, 0, 1, 27.58
1621238569, 7, 0, 4, 0, 0, 1.08%, 0, 0, 1, 27.41
1621238574, 8, 2, 4, 0, 0, 1.08%, 0, 0, 1, 27.38
1621238579, 10, 0, 4, 0, 0, 1.08%, 0, 0, 1, 27.43
1621238584, 11, 1, 4, 0, 0, 1.08%, 0, 0, 1, 27.53
1621238589, 12, 3, 4, 0, 0, 1.08%, 0, 0, 1, 27.42
1621238594, 14, 0, 4, 0, 0, 1.08%, 0, 0, 1, 27.47
1621238599, 15, 2, 4, 0, 0, 1.08%, 0, 0, 1, 27.61
1621238605, 17, 0, 4, 0, 0, 1.08%, 0, 0, 1, 27.68
1621238610, 18, 1, 4, 0, 0, 1.08%, 0, 0, 1, 27.70
1621238615, 19, 3, 4, 0, 0, 1.08%, 0, 0, 1, 27.74
1621238620, 21, 1, 4, 0, 0, 1.08%, 0, 0, 1, 27.57
1621238625, 22, 2, 4, 0, 0, 1.08%, 0, 0, 1, 27.40
1621238630, 24, 0, 4, 0, 0, 1.08%, 0, 0, 1, 27.62
1621238635, 25, 2, 4, 0, 0, 1.08%, 0, 0, 1, 27.50
1621238640, 26, 3, 4, 0, 0, 1.08%, 0, 0, 1, 27.48
1621238645, 28, 1, 4, 0, 0, 1.08%, 0, 0, 1, 27.77
1621238651, 29, 3, 4, 0, 0, 1.08%, 0, 0, 1, 27.72
1621238656, 31, 0, 4, 0, 0, 1.08%, 0, 0, 1, 27.61
1621238661, 32, 2, 4, 0, 0, 1.08%, 0, 0, 1, 27.61
1621238666, 34, 0, 4, 0, 0, 1.08%, 0, 0, 1, 27.78
1621238671, 35, 1, 4, 0, 0, 1.08%, 0, 0, 1, 27.47
1621238676, 36, 3, 4, 0, 0, 1.08%, 0, 0, 1, 27.71
1621238681, 38, 1, 4, 0, 0, 1.08%, 0, 0, 1, 27.83
1621238687, 39, 2, 4, 0, 0, 1.08%, 0, 0, 1, 27.80
1621238692, 41, 0, 4, 0, 0, 1.08%, 0, 0, 1, 27.78
1621238697, 42, 2, 4, 0, 0, 1.08%, 0, 0, 1, 27.67
1621238702, 43, 3, 4, 0, 0, 1.08%, 0, 0, 1, 27.69
1621238707, 45, 1, 4, 0, 0, 1.08%, 0, 0, 1, 27.75
1621238712, 46, 3, 4, 0, 0, 1.08%, 0, 0, 1, 27.64
1621238718, 48, 1, 4, 0, 0, 1.08%, 0, 0, 1, 27.68
1621238723, 49, 2, 4, 0, 0, 1.08%, 0, 0, 1, 27.36
1621238728, 51, 0, 4, 0, 0, 1.08%, 0, 0, 1, 27.71
1621238733, 52, 2, 4, 0, 0, 1.08%, 0, 0, 1, 27.51
1621238738, 53, 3, 4, 0, 0, 1.08%, 0, 0, 1, 27.78
1621238743, 55, 1, 4, 0, 0, 1.08%, 0, 0, 1, 27.61
1621238749, 56, 3, 4, 0, 0, 1.08%, 0, 0, 1, 27.74
1621238754, 58, 1, 4, 0, 0, 1.08%, 0, 0, 1, 27.74
1621238759, 59, 2, 4, 0, 0, 1.08%, 0, 0, 1, 27.58
1621238764, 61, 0, 4, 0, 0, 1.08%, 0, 0, 1, 27.47
1621238769, 62, 2, 4, 0, 0, 1.08%, 0, 0, 1, 27.69
1621238774, 64, 0, 4, 0, 0, 1.08%, 0, 0, 1, 27.70
1621238780, 65, 1, 4, 0, 0, 1.08%, 0, 0, 1, 27.53
1621238785, 66, 3, 4, 0, 0, 1.08%, 0, 0, 1, 27.55
1621238791, 67, 0, 4, 0, 0, 1.08%, 0, 1, 1, 1.16
1621238796, 68, 2, 4, 0, 0, 1.08%, 0, 1, 1, 27.43
1621238804, 69, 1, 4, 0, 0, 1.08%, 0, 1, 1, 0.78
1621238809, 70, 2, 4, 0, 0, 1.08%, 0, 1, 1, 27.31
1621238818, 71, 3, 4, 0, 0, 1.08%, 0, 1, 1, 0.20
1621238823, 73, 1, 4, 0, 0, 1.08%, 0, 1, 1, 27.39
1621238828, 74, 2, 4, 0, 0, 1.08%, 0, 1, 1, 27.48
1621238833, 76, 0, 4, 0, 0, 1.08%, 0, 1, 1, 27.45
1621238839, 77, 2, 4, 0, 0, 1.08%, 0, 1, 1, 27.60
1621238844, 78, 3, 4, 0, 0, 1.08%, 0, 1, 1, 27.58
1621238849, 80, 1, 4, 0, 0, 1.08%, 0, 1, 1, 27.40
1621238854, 81, 3, 4, 0, 0, 1.08%, 0, 1, 1, 27.32
1621238859, 83, 0, 4, 0, 0, 1.08%, 0, 1, 1, 27.45
1621238864, 84, 2, 4, 0, 0, 1.08%, 0, 1, 1, 27.43
1621238869, 85, 3, 4, 0, 0, 1.08%, 0, 1, 1, 27.53
1621238876, 86, 1, 4, 0, 0, 1.08%, 0, 2, 1, 0.97
1621238881, 87, 2, 4, 0, 0, 1.08%, 0, 2, 1, 27.50
1621238886, 89, 0, 4, 0, 0, 1.08%, 0, 2, 1, 27.41
1621238891, 90, 2, 4, 0, 0, 1.08%, 0, 2, 1, 27.41
1621238896, 91, 3, 4, 0, 0, 1.08%, 0, 2, 1, 27.49
1621238901, 93, 1, 4, 0, 0, 1.08%, 0, 2, 1, 27.51
1621238906, 94, 2, 4, 0, 0, 1.08%, 0, 2, 1, 27.43
1621238911, 96, 0, 4, 0, 0, 1.08%, 0, 2, 1, 27.68
1621238917, 97, 2, 4, 0, 0, 1.08%, 0, 2, 1, 27.77
1621238922, 99, 0, 4, 0, 0, 1.08%, 0, 2, 1, 27.80
1621238927, 100, 1, 4, 0, 0, 1.08%, 0, 2, 1, 27.79
1621238932, 100, 2, 4, 0, 0, 1.08%, 0, 2, 1, 0.59
1621238939, 101, 0, 4, 0, 0, 1.08%, 0, 2, 1, 1.16
1621238944, 102, 1, 4, 0, 0, 1.08%, 0, 2, 1, 26.89
1621238949, 103, 3, 4, 0, 0, 1.08%, 0, 2, 1, 27.54
1621238954, 105, 0, 4, 0, 0, 1.08%, 0, 2, 1, 27.19
1621238959, 106, 2, 4, 0, 0, 1.08%, 0, 2, 1, 27.54
1621238965, 108, 0, 4, 0, 0, 1.08%, 0, 2, 1, 27.57
1621238970, 109, 2, 4, 0, 0, 1.08%, 0, 2, 1, 27.32
1621238975, 110, 3, 4, 0, 0, 1.08%, 0, 2, 1, 27.45
1621238980, 112, 1, 4, 0, 0, 1.08%, 0, 2, 1, 27.73
1621238985, 113, 3, 4, 0, 0, 1.08%, 0, 2, 1, 27.72
1621238990, 115, 1, 4, 0, 0, 1.08%, 0, 2, 1, 27.71
1621238996, 116, 2, 4, 0, 0, 1.08%, 0, 2, 1, 27.66
1621239001, 118, 0, 4, 0, 0, 1.08%, 0, 2, 1, 27.73
1621239006, 119, 1, 4, 0, 0, 1.08%, 0, 2, 1, 26.25
1621239011, 120, 3, 4, 0, 0, 1.08%, 0, 2, 1, 27.42
1621239016, 122, 0, 4, 0, 0, 1.08%, 0, 2, 1, 27.39
1621239021, 123, 2, 4, 0, 0, 1.08%, 0, 2, 1, 27.59
1621239026, 125, 0, 4, 0, 0, 1.08%, 0, 2, 1, 27.65
1621239032, 126, 1, 4, 0, 0, 1.08%, 0, 2, 1, 27.50
1621239037, 127, 3, 4, 0, 0, 1.08%, 0, 2, 1, 27.71
1621239042, 129, 1, 4, 0, 0, 1.08%, 0, 2, 1, 27.67
1621239047, 130, 3, 4, 0, 0, 1.08%, 0, 2, 1, 27.67
1621239052, 132, 0, 4, 0, 0, 1.08%, 0, 2, 1, 27.66
1621239058, 133, 2, 4, 0, 0, 1.08%, 0, 2, 1, 27.76
1621239063, 135, 0, 4, 0, 0, 1.08%, 0, 2, 1, 27.78
1621239068, 136, 2, 4, 0, 0, 1.08%, 0, 2, 1, 27.69
1621239073, 137, 3, 4, 0, 0, 1.08%, 0, 2, 1, 27.73
1621239078, 139, 1, 4, 0, 0, 1.08%, 0, 2, 1, 27.73
1621239084, 140, 3, 4, 0, 0, 1.08%, 0, 2, 1, 27.73
1621239089, 142, 1, 4, 0, 0, 1.08%, 0, 2, 1, 27.65
1621239099, 143, 2, 4, 0, 0, 1.08%, 0, 2, 1, 27.15
1621239104, 145, 0, 4, 0, 0, 1.08%, 0, 2, 1, 27.44
1621239114, 146, 2, 4, 0, 0, 1.08%, 0, 2, 1, 27.58
1621239119, 147, 3, 4, 0, 0, 1.08%, 0, 2, 1, 27.48
1621239124, 149, 1, 4, 0, 0, 1.08%, 0, 2, 1, 27.46
1621239129, 150, 2, 4, 0, 0, 1.08%, 0, 2, 1, 27.55
1621239135, 152, 0, 4, 0, 0, 1.08%, 0, 2, 1, 27.57
1621239140, 153, 2, 4, 0, 0, 1.08%, 0, 2, 1, 27.67
1621239145, 155, 0, 4, 0, 0, 1.08%, 0, 2, 1, 27.62
1621239150, 156, 1, 4, 0, 0, 1.08%, 0, 2, 1, 27.64
1621239155, 157, 3, 4, 0, 0, 1.08%, 0, 2, 1, 27.79
1621239161, 159, 1, 4, 0, 0, 1.08%, 0, 2, 1, 27.76
1621239166, 160, 3, 4, 0, 0, 1.08%, 0, 2, 1, 27.81
1621239171, 162, 0, 4, 0, 0, 1.08%, 0, 2, 1, 27.76
1621239176, 163, 2, 4, 0, 0, 1.08%, 0, 2, 1, 27.62
1621239181, 165, 0, 4, 0, 0, 1.08%, 0, 2, 1, 27.63
1621239187, 166, 2, 4, 0, 0, 1.08%, 0, 2, 1, 27.79
1621239192, 167, 3, 4, 0, 0, 1.08%, 0, 2, 1, 27.75
1621239197, 169, 1, 4, 0, 0, 1.08%, 0, 2, 1, 27.63
1621239202, 170, 3, 4, 0, 0, 1.08%, 0, 2, 1, 27.76
1621239207, 172, 1, 4, 0, 0, 1.08%, 0, 2, 1, 27.75
1621239213, 173, 3, 4, 0, 0, 1.08%, 0, 2, 1, 27.76
1621239218, 175, 0, 4, 0, 0, 1.08%, 0, 2, 1, 27.80
1621239223, 176, 2, 4, 0, 0, 1.08%, 0, 2, 1, 27.79
1621239228, 178, 0, 4, 0, 0, 1.08%, 0, 2, 1, 27.72
1621239233, 179, 2, 4, 0, 0, 1.08%, 0, 2, 1, 27.80
1621239238, 180, 3, 4, 0, 0, 1.08%, 0, 2, 1, 27.61
1621239244, 182, 1, 4, 0, 0, 1.08%, 0, 2, 1, 27.70
1621239249, 183, 3, 4, 0, 0, 1.08%, 0, 2, 1, 27.66
1621239254, 185, 1, 4, 0, 0, 1.08%, 0, 2, 1, 27.75
1621239259, 186, 2, 4, 0, 0, 1.08%, 0, 2, 1, 27.60
1621239264, 188, 0, 4, 0, 0, 1.08%, 0, 2, 1, 27.33
1621239269, 189, 2, 4, 0, 0, 1.08%, 0, 2, 1, 27.65
1621239280, 190, 3, 4, 0, 0, 1.08%, 0, 2, 1, 27.34
1621239285, 192, 1, 4, 0, 0, 1.08%, 0, 2, 1, 27.18
1621239290, 193, 2, 4, 0, 0, 1.08%, 0, 2, 1, 27.36
1621239295, 195, 0, 4, 0, 0, 1.08%, 0, 2, 1, 27.33
1621239300, 196, 2, 4, 0, 0, 1.08%, 0, 2, 1, 27.43
1621239307, 197, 0, 4, 0, 0, 1.08%, 0, 2, 1, 1.16
1621239318, 198, 2, 4, 0, 0, 1.08%, 0, 2, 1, 27.28
1621239323, 199, 3, 4, 0, 0, 1.08%, 0, 2, 1, 27.32
1621239328, 201, 1, 4, 0, 0, 1.08%, 0, 2, 1, 27.41
1621239334, 201, 2, 4, 0, 0, 1.08%, 0, 2, 1, 0.40
1621239339, 203, 0, 4, 0, 0, 1.08%, 0, 2, 1, 27.39
1621239344, 204, 2, 4, 0, 0, 1.08%, 0, 2, 1, 27.48
1621239349, 205, 3, 4, 0, 0, 1.08%, 0, 2, 1, 27.50
1621239354, 207, 1, 4, 0, 0, 1.08%, 0, 2, 1, 27.47
1621239359, 208, 2, 4, 0, 0, 1.08%, 0, 2, 1, 27.38
1621239364, 210, 0, 5, 1, 0, 1.08%, 0, 2, 2, 27.86
